100 5952 0
0 1 796
0 3 489
0 4 890
0 5 321
0 6 333
0 9 720
0 10 601
0 16 832
0 17 800
0 18 854
0 20 590
0 21 819
0 23 257
0 24 13
0 25 389
0 27 306
0 30 696
0 34 673
0 35 947
0 37 398
0 39 892
0 42 101
0 43 4
0 44 83
0 45 880
0 46 639
0 47 705
0 49 160
0 50 527
0 56 33
0 57 720
0 60 537
0 61 17
0 63 943
0 64 362
0 66 595
0 67 378
0 74 605
0 75 896
0 77 677
0 78 58
0 80 603
0 82 51
0 84 385
0 85 237
0 86 955
0 87 814
0 88 401
0 89 186
0 90 665
0 93 113
0 95 66
0 97 432
0 2 460
1 2 689
1 6 150
1 7 320
1 8 585
1 9 469
1 11 889
1 12 704
1 16 422
1 17 700
1 19 577
1 23 558
1 24 373
1 25 210
1 26 367
1 28 901
1 32 106
1 33 184
1 34 670
1 35 107
1 36 235
1 37 577
1 38 722
1 39 780
1 40 582
1 43 906
1 45 438
1 46 11
1 47 40
1 48 83
1 49 662
1 50 475
1 52 661
1 53 443
1 54 283
1 55 438
1 57 128
1 58 64
1 61 39
1 63 733
1 64 143
1 67 618
1 68 134
1 69 232
1 70 222
1 72 646
1 73 700
1 74 248
1 76 576
1 77 700
1 78 651
1 80 856
1 81 664
1 82 327
1 84 966
1 85 84
1 86 310
1 90 274
1 91 140
1 92 338
1 93 991
1 94 200
1 95 759
1 96 878
1 97 76
1 98 989
1 99 986
1 0 896
1 5 150
2 3 754
2 5 356
2 7 713
2 8 854
2 9 906
2 11 922
2 12 495
2 14 220
2 15 579
2 17 499
2 19 873
2 20 834
2 24 781
2 25 525
2 26 186
2 27 208
2 29 576
2 32 951
2 33 497
2 37 564
2 38 980
2 40 170
2 42 143
2 43 347
2 45 685
2 46 578
2 47 216
2 48 903
2 50 136
2 51 988
2 52 507
2 54 42
2 58 448
2 59 410
2 63 200
2 64 484
2 66 42
2 67 2
2 70 177
2 72 872
2 74 673
2 77 970
2 78 192
2 80 989
2 82 651
2 83 881
2 84 399
2 85 853
2 86 69
2 88 194
2 89 46
2 90 215
2 94 642
2 97 749
2 98 404
2 23 77
2 87 424
3 5 468
3 6 263
3 9 362
3 11 836
3 14 753
3 15 21
3 17 364
3 18 923
3 22 646
3 23 806
3 24 231
3 25 970
3 27 627
3 28 791
3 29 646
3 30 875
3 32 228
3 36 119
3 37 780
3 38 661
3 39 829
3 40 20
3 41 216
3 43 640
3 45 251
3 47 950
3 48 773
3 49 72
3 50 19
3 52 129
3 53 681
3 54 279
3 55 516
3 57 112
3 58 864
3 63 419
3 65 53
3 67 911
3 69 941
3 71 219
3 72 592
3 76 331
3 79 864
3 80 390
3 82 947
3 83 764
3 84 254
3 85 281
3 88 788
3 89 757
3 92 47
3 94 703
3 95 936
3 0 710
3 4 339
3 8 315
3 42 653
4 5 870
4 6 896
4 7 828
4 9 30
4 13 337
4 15 240
4 16 243
4 19 237
4 20 283
4 21 497
4 22 685
4 23 671
4 24 478
4 27 315
4 28 515
4 33 796
4 37 512
4 38 421
4 39 996
4 40 545
4 42 483
4 44 599
4 46 181
4 48 672
4 49 914
4 50 477
4 51 687
4 53 168
4 54 599
4 55 510
4 57 554
4 58 269
4 59 389
4 60 60
4 62 950
4 63 24
4 65 938
4 66 160
4 67 962
4 70 213
4 71 304
4 72 245
4 73 892
4 77 669
4 80 209
4 82 629
4 83 255
4 84 945
4 86 511
4 87 645
4 89 541
4 91 284
4 92 155
4 93 980
4 0 172
4 1 564
4 29 98
5 6 807
5 7 55
5 8 794
5 10 291
5 11 938
5 16 949
5 17 231
5 19 574
5 20 607
5 21 920
5 22 651
5 25 678
5 29 99
5 30 607
5 33 308
5 36 818
5 38 977
5 40 766
5 41 610
5 42 566
5 43 227
5 44 520
5 46 616
5 48 187
5 49 556
5 51 729
5 52 984
5 53 521
5 54 895
5 55 673
5 56 445
5 57 706
5 59 787
5 60 465
5 61 584
5 62 150
5 63 432
5 64 329
5 65 470
5 66 856
5 67 803
5 68 336
5 69 895
5 70 803
5 71 423
5 74 159
5 75 605
5 76 655
5 77 954
5 82 914
5 83 956
5 84 719
5 85 113
5 86 235
5 87 96
5 88 970
5 89 531
5 90 955
5 91 578
5 93 341
5 94 382
5 95 91
5 97 522
5 98 886
5 99 196
5 3 999
5 39 523
6 7 837
6 8 166
6 9 958
6 10 508
6 12 77
6 13 666
6 14 140
6 16 838
6 17 110
6 18 344
6 19 576
6 22 680
6 23 516
6 26 137
6 29 239
6 30 927
6 31 981
6 32 410
6 35 993
6 37 134
6 38 529
6 40 117
6 42 140
6 43 670
6 44 321
6 46 311
6 50 130
6 51 259
6 54 672
6 55 901
6 56 905
6 57 529
6 58 96
6 60 605
6 61 616
6 64 794
6 66 146
6 67 647
6 68 133
6 70 790
6 71 387
6 72 271
6 74 326
6 76 417
6 77 111
6 78 771
6 80 191
6 81 719
6 85 943
6 86 819
6 87 360
6 89 101
6 90 60
6 91 198
6 92 508
6 93 872
6 94 774
6 95 333
6 96 471
6 97 824
6 98 942
6 99 251
6 0 647
6 3 103
6 4 696
6 5 991
6 15 459
7 8 516
7 11 222
7 12 609
7 13 224
7 14 797
7 15 116
7 17 445
7 18 521
7 19 80
7 21 27
7 22 565
7 23 50
7 24 736
7 25 132
7 26 831
7 27 83
7 28 234
7 29 211
7 31 975
7 34 535
7 35 155
7 36 868
7 39 27
7 40 609
7 41 257
7 43 122
7 44 424
7 45 376
7 47 492
7 48 428
7 53 463
7 56 659
7 58 82
7 59 6
7 62 915
7 64 227
7 67 175
7 69 985
7 71 472
7 72 458
7 73 178
7 74 844
7 77 690
7 78 402
7 79 978
7 80 739
7 81 911
7 82 258
7 83 424
7 85 943
7 86 37
7 87 502
7 90 172
7 91 232
7 92 650
7 93 428
7 94 748
7 97 432
7 0 739
7 1 768
7 3 258
7 4 158
7 5 243
7 6 688
8 10 723
8 11 919
8 12 406
8 13 276
8 15 192
8 16 68
8 18 882
8 19 249
8 20 77
8 21 366
8 25 389
8 27 29
8 28 397
8 29 155
8 30 162
8 31 429
8 33 866
8 36 911
8 37 468
8 38 592
8 40 861
8 41 270
8 42 702
8 43 273
8 47 942
8 52 524
8 53 406
8 59 421
8 61 120
8 64 627
8 65 568
8 67 217
8 68 872
8 69 227
8 70 951
8 72 750
8 73 402
8 74 226
8 75 284
8 76 896
8 78 108
8 80 860
8 81 331
8 85 72
8 86 628
8 87 62
8 88 832
8 90 385
8 92 700
8 93 618
8 94 824
8 95 249
8 96 199
8 99 59
8 1 624
8 2 826
8 3 234
8 6 516
8 7 816
8 9 935
8 97 224
9 13 165
9 14 302
9 16 555
9 19 106
9 22 844
9 23 547
9 24 579
9 26 722
9 27 129
9 29 332
9 30 105
9 31 717
9 32 673
9 34 508
9 35 211
9 36 95
9 37 9
9 39 862
9 40 284
9 42 851
9 44 374
9 45 404
9 46 843
9 47 667
9 48 493
9 51 409
9 57 586
9 58 191
9 59 704
9 60 624
9 61 524
9 63 865
9 65 742
9 70 927
9 71 40
9 72 117
9 74 490
9 76 91
9 78 958
9 79 411
9 80 202
9 81 582
9 82 855
9 83 514
9 85 844
9 86 89
9 88 373
9 90 319
9 91 477
9 93 261
9 95 515
9 96 141
9 0 152
9 1 539
9 2 568
9 5 484
9 6 379
9 8 924
9 17 62
9 25 840
10 12 927
10 15 835
10 16 516
10 17 370
10 19 994
10 22 463
10 23 885
10 24 557
10 27 142
10 29 626
10 30 250
10 31 818
10 32 448
10 33 259
10 41 362
10 43 525
10 44 255
10 45 732
10 47 479
10 49 232
10 52 387
10 54 853
10 56 561
10 57 90
10 58 652
10 59 216
10 60 831
10 61 701
10 63 175
10 64 455
10 65 688
10 66 85
10 67 620
10 68 439
10 69 829
10 70 161
10 71 627
10 73 192
10 74 796
10 77 577
10 78 631
10 80 841
10 81 317
10 85 230
10 86 692
10 87 273
10 90 967
10 91 972
10 92 547
10 94 960
10 97 980
10 98 288
10 0 162
10 1 419
10 2 479
10 3 567
10 4 701
10 5 987
10 6 919
10 7 369
10 8 227
11 12 134
11 14 765
11 16 721
11 17 486
11 22 76
11 23 945
11 24 473
11 25 791
11 27 282
11 28 58
11 29 296
11 31 476
11 32 283
11 33 136
11 34 577
11 35 676
11 37 983
11 38 479
11 40 654
11 41 155
11 42 3
11 43 214
11 44 546
11 47 417
11 48 738
11 49 849
11 50 352
11 53 467
11 56 714
11 60 107
11 61 982
11 62 650
11 63 521
11 66 543
11 70 295
11 72 308
11 73 836
11 74 759
11 76 293
11 77 864
11 78 2
11 80 902
11 81 508
11 82 144
11 84 577
11 85 25
11 86 230
11 88 426
11 89 736
11 90 413
11 92 239
11 94 919
11 95 976
11 97 649
11 99 916
11 0 80
11 1 872
11 2 530
11 3 161
11 6 611
11 7 616
11 8 169
11 9 572
11 10 106
11 18 889
12 13 472
12 17 158
12 18 57
12 19 876
12 20 875
12 22 353
12 23 825
12 24 9
12 25 537
12 26 412
12 27 327
12 28 388
12 31 233
12 32 226
12 33 955
12 35 652
12 37 585
12 39 433
12 40 638
12 41 70
12 43 156
12 44 161
12 46 206
12 48 108
12 49 233
12 50 837
12 51 843
12 53 11
12 54 482
12 58 146
12 59 209
12 61 878
12 62 466
12 65 68
12 66 50
12 68 678
12 69 606
12 72 167
12 73 44
12 74 634
12 75 151
12 76 261
12 77 998
12 79 419
12 80 494
12 81 696
12 82 816
12 83 38
12 86 688
12 88 260
12 92 469
12 93 550
12 95 24
12 97 910
12 99 611
12 0 567
12 1 318
12 3 382
12 5 181
12 7 765
12 10 919
13 14 210
13 18 773
13 22 569
13 23 32
13 24 875
13 25 316
13 26 277
13 27 834
13 29 59
13 32 469
13 33 810
13 35 158
13 39 134
13 40 38
13 43 652
13 46 112
13 47 586
13 48 605
13 49 602
13 52 81
13 54 333
13 55 360
13 57 932
13 59 129
13 60 847
13 61 407
13 66 893
13 68 605
13 71 50
13 72 280
13 73 116
13 77 800
13 78 711
13 79 609
13 83 613
13 84 135
13 86 493
13 89 856
13 91 774
13 92 438
13 94 115
13 97 656
13 99 71
13 1 286
13 2 820
13 3 469
13 6 647
13 7 453
13 8 501
13 10 716
13 11 364
13 12 976
13 16 953
14 15 833
14 16 128
14 20 852
14 21 344
14 23 410
14 25 662
14 28 960
14 29 405
14 30 954
14 32 673
14 34 499
14 35 851
14 36 51
14 37 225
14 38 975
14 40 470
14 41 843
14 44 405
14 45 46
14 47 133
14 51 139
14 53 756
14 54 606
14 58 522
14 59 742
14 61 162
14 62 816
14 63 665
14 64 995
14 66 608
14 69 129
14 71 85
14 75 213
14 76 153
14 77 901
14 78 132
14 79 923
14 80 451
14 82 383
14 83 385
14 84 838
14 85 617
14 86 476
14 87 911
14 90 503
14 92 554
14 94 268
14 95 726
14 96 115
14 97 231
14 2 933
14 3 911
14 5 882
14 6 272
14 9 698
14 12 361
14 48 217
14 88 764
15 16 708
15 18 359
15 19 249
15 20 695
15 21 631
15 22 26
15 23 929
15 26 79
15 28 781
15 29 376
15 30 58
15 31 17
15 33 347
15 34 445
15 35 534
15 37 872
15 38 301
15 39 97
15 40 974
15 44 11
15 45 456
15 46 427
15 47 622
15 48 377
15 49 995
15 51 90
15 53 988
15 54 641
15 56 467
15 61 962
15 64 222
15 67 347
15 68 133
15 70 440
15 72 931
15 73 153
15 76 647
15 77 217
15 79 413
15 80 93
15 82 155
15 84 925
15 85 464
15 86 311
15 87 46
15 88 382
15 89 644
15 91 28
15 92 899
15 93 351
15 94 17
15 95 119
15 96 622
15 0 342
15 3 732
15 4 949
15 5 18
15 6 640
15 7 400
15 8 379
15 9 321
15 10 189
15 12 20
15 13 834
16 18 267
16 19 96
16 21 956
16 24 91
16 25 106
16 26 180
16 27 439
16 28 552
16 29 241
16 30 942
16 32 195
16 33 573
16 34 711
16 35 242
16 37 904
16 38 797
16 39 873
16 40 754
16 41 123
16 42 334
16 43 826
16 44 69
16 47 521
16 48 18
16 50 207
16 51 375
16 52 223
16 53 221
16 54 103
16 57 827
16 60 610
16 61 362
16 62 89
16 63 576
16 67 712
16 68 101
16 69 14
16 71 480
16 74 610
16 75 608
16 76 525
16 78 392
16 79 651
16 82 757
16 83 768
16 87 27
16 88 595
16 90 192
16 91 727
16 93 902
16 95 589
16 96 1
16 97 644
16 98 148
16 99 743
16 0 531
16 2 212
16 3 976
16 4 255
16 5 648
16 6 195
16 7 568
16 9 891
16 12 425
16 13 11
16 15 578
17 18 155
17 19 939
17 20 328
17 21 244
17 23 309
17 24 581
17 27 461
17 28 493
17 30 875
17 31 513
17 32 467
17 33 502
17 34 922
17 35 778
17 36 654
17 37 192
17 40 639
17 45 584
17 46 74
17 49 420
17 50 685
17 52 818
17 53 53
17 54 688
17 57 175
17 60 147
17 65 671
17 66 771
17 68 126
17 69 465
17 70 855
17 73 332
17 74 356
17 75 439
17 76 147
17 78 260
17 82 488
17 84 361
17 86 15
17 89 224
17 90 122
17 91 879
17 92 203
17 93 288
17 97 320
17 99 389
17 0 79
17 1 17
17 2 885
17 6 386
17 7 369
17 8 115
17 9 74
17 10 539
17 12 528
17 13 40
17 15 98
17 16 506
18 22 341
18 23 294
18 24 668
18 25 106
18 26 88
18 28 286
18 29 737
18 30 47
18 31 768
18 32 876
18 33 693
18 36 200
18 38 487
18 39 661
18 44 543
18 45 687
18 46 593
18 51 877
18 52 940
18 54 658
18 56 425
18 58 45
18 60 332
18 63 142
18 64 577
18 65 567
18 71 42
18 73 650
18 77 303
18 79 908
18 80 776
18 81 40
18 85 832
18 86 917
18 87 621
18 88 712
18 89 355
18 91 370
18 93 386
18 96 468
18 97 508
18 98 973
18 0 570
18 1 233
18 2 414
18 3 450
18 4 188
18 5 921
18 6 913
18 9 704
18 10 854
18 11 541
18 12 210
18 13 161
18 16 502
18 17 281
18 72 630
18 95 844
19 21 221
19 22 736
19 24 596
19 25 681
19 26 97
19 31 60
19 32 993
19 33 577
19 34 700
19 35 414
19 36 725
19 37 575
19 38 471
19 41 944
19 42 832
19 45 921
19 46 169
19 48 875
19 49 771
19 50 673
19 51 165
19 52 132
19 53 211
19 54 602
19 55 798
19 56 502
19 57 926
19 59 631
19 62 639
19 64 278
19 65 884
19 66 695
19 67 306
19 68 750
19 69 676
19 70 265
19 71 208
19 72 129
19 73 718
19 75 775
19 76 802
19 77 478
19 78 917
19 80 901
19 81 296
19 83 244
19 84 102
19 85 808
19 87 367
19 88 877
19 89 555
19 91 572
19 92 599
19 93 318
19 96 297
19 98 890
19 0 174
19 2 400
19 3 656
19 4 117
19 8 7
19 9 534
19 10 928
19 11 590
19 12 6
19 15 336
19 17 638
20 24 635
20 25 161
20 26 179
20 28 624
20 29 477
20 30 655
20 31 386
20 35 971
20 38 531
20 39 603
20 40 645
20 41 561
20 43 86
20 45 858
20 46 63
20 48 574
20 49 482
20 52 132
20 53 307
20 55 884
20 56 715
20 61 735
20 62 590
20 63 61
20 65 515
20 67 299
20 68 609
20 70 419
20 73 448
20 74 446
20 75 448
20 76 270
20 77 960
20 79 831
20 80 342
20 81 79
20 85 738
20 86 758
20 87 313
20 88 388
20 90 553
20 93 439
20 94 671
20 95 237
20 96 535
20 97 208
20 98 956
20 99 452
20 4 230
20 7 589
20 12 132
20 13 837
20 14 522
20 16 598
20 18 57
20 21 246
21 24 956
21 26 767
21 27 162
21 29 462
21 30 800
21 31 338
21 34 233
21 35 350
21 37 27
21 38 177
21 39 172
21 40 442
21 41 511
21 42 618
21 43 302
21 45 529
21 46 619
21 47 123
21 48 561
21 50 976
21 53 143
21 55 537
21 56 289
21 57 792
21 58 61
21 60 527
21 62 741
21 64 831
21 65 127
21 68 326
21 71 935
21 72 320
21 73 315
21 74 280
21 75 65
21 77 917
21 79 65
21 80 360
21 81 966
21 82 826
21 84 758
21 85 451
21 87 938
21 88 872
21 90 693
21 91 392
21 93 377
21 94 26
21 95 138
21 97 393
21 99 62
21 0 824
21 1 694
21 4 1
21 5 429
21 8 377
21 11 973
21 13 179
21 15 521
21 16 654
21 17 631
21 19 871
22 23 531
22 24 827
22 26 239
22 27 149
22 29 541
22 31 69
22 32 289
22 33 17
22 34 277
22 35 790
22 36 776
22 37 399
22 38 483
22 39 285
22 42 151
22 44 642
22 47 363
22 49 49
22 50 271
22 51 634
22 54 758
22 55 569
22 58 960
22 59 293
22 61 264
22 62 436
22 64 144
22 65 569
22 66 478
22 67 712
22 68 70
22 71 299
22 72 366
22 73 274
22 74 575
22 75 576
22 76 907
22 81 930
22 83 87
22 84 447
22 85 36
22 86 635
22 87 788
22 93 630
22 95 812
22 99 933
22 2 860
22 3 839
22 4 282
22 6 388
22 9 301
22 11 281
22 13 213
22 16 763
22 18 404
22 19 606
22 20 584
22 21 896
23 24 554
23 25 520
23 26 260
23 28 46
23 32 743
23 34 177
23 35 746
23 37 54
23 38 353
23 39 180
23 40 697
23 41 338
23 42 835
23 43 671
23 44 843
23 45 759
23 46 836
23 47 734
23 48 605
23 49 343
23 58 531
23 59 776
23 60 254
23 61 584
23 62 136
23 63 4
23 65 743
23 67 743
23 69 991
23 70 128
23 71 601
23 73 467
23 75 565
23 76 407
23 77 983
23 78 250
23 80 517
23 82 353
23 83 106
23 84 918
23 86 287
23 88 663
23 90 403
23 92 154
23 93 332
23 95 430
23 97 450
23 0 587
23 1 374
23 2 107
23 5 80
23 6 695
23 7 421
23 9 312
23 10 882
23 11 678
23 12 584
23 13 141
23 14 294
23 15 31
23 16 933
23 17 480
23 19 129
23 20 73
23 22 48
24 26 724
24 28 356
24 29 681
24 30 869
24 32 943
24 33 907
24 35 685
24 36 298
24 37 287
24 39 422
24 41 438
24 42 967
24 43 997
24 45 540
24 46 941
24 47 869
24 50 367
24 52 986
24 53 957
24 54 767
24 56 984
24 58 731
24 60 490
24 61 323
24 62 613
24 66 69
24 67 689
24 70 169
24 72 690
24 75 536
24 76 904
24 78 227
24 79 895
24 80 341
24 81 141
24 82 536
24 83 829
24 86 164
24 87 967
24 88 383
24 92 296
24 93 765
24 96 642
24 97 710
24 99 922
24 0 557
24 1 794
24 2 277
24 3 956
24 4 205
24 5 515
24 6 325
24 8 46
24 9 194
24 11 391
24 13 419
24 16 753
24 18 700
24 21 885
24 22 494
24 23 554
24 38 215
25 28 629
25 29 14
25 30 208
25 31 852
25 33 806
25 35 864
25 36 307
25 37 599
25 38 301
25 40 449
25 42 65
25 43 435
25 44 7
25 47 537
25 49 611
25 50 377
25 51 574
25 52 551
25 55 737
25 56 332
25 59 52
25 61 25
25 62 420
25 63 558
25 64 223
25 65 48
25 66 950
25 67 540
25 68 956
25 69 944
25 70 251
25 73 442
25 74 196
25 75 277
25 77 842
25 78 521
25 79 300
25 80 722
25 82 470
25 83 187
25 84 608
25 85 378
25 86 385
25 87 301
25 88 178
25 91 940
25 92 482
25 93 515
25 94 433
25 95 873
25 96 659
25 98 838
25 99 945
25 0 981
25 2 52
25 3 174
25 6 995
25 7 926
25 10 157
25 13 732
25 14 812
25 16 105
25 19 513
25 21 970
25 24 250
25 46 1000
25 57 243
26 27 624
26 29 832
26 31 408
26 34 21
26 35 578
26 36 375
26 38 54
26 40 72
26 41 415
26 42 722
26 43 309
26 44 300
26 45 84
26 46 306
26 47 836
26 48 362
26 49 423
26 51 355
26 52 444
26 53 251
26 54 108
26 56 61
26 57 202
26 59 909
26 60 540
26 63 549
26 64 666
26 66 354
26 70 38
26 71 947
26 72 539
26 73 194
26 74 497
26 75 419
26 78 391
26 80 94
26 82 662
26 85 473
26 86 25
26 87 710
26 88 814
26 89 354
26 91 562
26 95 327
26 98 17
26 0 215
26 1 593
26 2 742
26 7 44
26 10 74
26 13 927
26 14 374
26 15 791
26 17 770
26 18 920
26 20 464
26 21 156
26 23 495
26 24 447
26 37 547
27 29 364
27 30 82
27 35 262
27 39 462
27 40 478
27 41 655
27 45 234
27 46 372
27 47 734
27 48 884
27 49 738
27 52 514
27 53 231
27 54 158
27 58 679
27 59 89
27 60 736
27 62 974
27 63 143
27 64 363
27 65 413
27 66 807
27 71 567
27 73 413
27 74 60
27 75 598
27 76 642
27 78 159
27 79 675
27 80 992
27 82 44
27 83 498
27 85 770
27 89 308
27 90 134
27 91 151
27 93 700
27 95 759
27 96 8
27 97 892
27 1 374
27 3 536
27 4 504
27 5 78
27 6 663
27 12 676
27 14 676
27 17 485
27 18 999
27 19 678
27 20 633
27 24 719
27 25 191
27 26 225
27 51 1000
28 29 903
28 30 817
28 31 490
28 34 844
28 35 942
28 37 919
28 38 731
28 40 842
28 41 50
28 42 857
28 43 991
28 44 43
28 45 198
28 46 788
28 47 102
28 48 189
28 49 432
28 51 58
28 53 853
28 56 851
28 57 138
28 59 279
28 60 841
28 61 836
28 62 317
28 64 105
28 65 382
28 67 325
28 68 898
28 69 968
28 70 476
28 72 927
28 74 449
28 75 738
28 76 761
28 77 711
28 79 900
28 80 921
28 81 116
28 83 575
28 84 323
28 85 45
28 86 401
28 87 800
28 89 894
28 91 83
28 92 873
28 93 402
28 94 596
28 95 699
28 96 694
28 99 840
28 0 278
28 3 125
28 8 309
28 9 617
28 10 937
28 11 306
28 12 665
28 14 852
28 15 348
28 16 604
28 20 687
28 21 565
28 24 708
28 25 920
28 26 939
29 31 862
29 35 536
29 36 280
29 39 955
29 41 886
29 42 244
29 44 922
29 45 576
29 46 284
29 47 32
29 53 716
29 56 502
29 57 719
29 59 937
29 60 334
29 61 181
29 62 92
29 63 214
29 65 631
29 67 836
29 69 154
29 70 312
29 72 770
29 73 209
29 77 475
29 78 276
29 79 1
29 80 653
29 81 443
29 82 153
29 83 783
29 86 274
29 87 601
29 88 139
29 90 259
29 91 206
29 92 486
29 93 945
29 94 64
29 95 372
29 97 625
29 98 30
29 0 528
29 5 416
29 6 859
29 8 176
29 9 334
29 10 621
29 11 608
29 12 866
29 14 895
29 16 240
29 17 824
29 18 550
29 19 370
29 21 111
29 22 850
29 23 966
29 26 838
29 27 921
29 28 766
30 31 570
30 32 306
30 33 283
30 34 624
30 35 384
30 36 867
30 39 614
30 40 883
30 41 48
30 42 687
30 43 885
30 44 183
30 45 84
30 47 288
30 48 718
30 49 192
30 50 570
30 51 205
30 53 622
30 55 907
30 58 305
30 60 636
30 61 430
30 64 219
30 65 892
30 67 569
30 68 601
30 69 411
30 71 432
30 72 982
30 74 920
30 75 160
30 76 343
30 81 895
30 84 440
30 85 960
30 86 878
30 87 487
30 89 967
30 90 380
30 91 214
30 93 127
30 94 588
30 96 765
30 0 923
30 4 598
30 5 418
30 6 918
30 7 139
30 8 215
30 9 164
30 11 156
30 12 405
30 14 995
30 15 90
30 16 846
30 17 510
30 18 74
30 19 367
30 22 745
30 25 224
30 26 676
30 27 921
31 42 509
31 43 188
31 45 897
31 46 950
31 47 423
31 48 278
31 49 542
31 50 36
31 51 152
31 52 959
31 54 478
31 56 142
31 58 846
31 59 561
31 60 731
31 62 28
31 70 127
31 71 894
31 72 753
31 73 492
31 74 469
31 76 913
31 77 591
31 80 321
31 82 859
31 83 580
31 84 770
31 85 527
31 87 588
31 93 574
31 94 803
31 96 670
31 97 142
31 98 671
31 99 992
31 3 470
31 5 899
31 7 121
31 8 927
31 10 610
31 12 104
31 13 429
31 15 553
31 17 298
31 18 90
31 19 5
31 20 913
31 22 756
31 23 546
31 24 190
31 30 63
31 36 989
31 44 394
32 33 213
32 34 434
32 35 423
32 36 647
32 37 339
32 39 678
32 40 125
32 41 169
32 42 381
32 43 869
32 44 572
32 45 964
32 46 33
32 47 117
32 52 648
32 55 535
32 56 730
32 57 636
32 59 88
32 61 408
32 63 108
32 64 637
32 65 639
32 66 609
32 67 627
32 69 250
32 70 526
32 71 635
32 73 808
32 74 55
32 77 73
32 79 555
32 81 553
32 83 433
32 86 156
32 90 642
32 91 838
32 92 2
32 93 979
32 95 841
32 97 214
32 98 150
32 0 534
32 3 967
32 5 521
32 6 602
32 10 316
32 12 365
32 13 578
32 14 995
32 16 135
32 21 831
32 22 958
32 25 164
32 27 277
32 29 517
32 30 285
32 31 431
33 35 432
33 37 549
33 39 319
33 42 615
33 43 819
33 44 428
33 45 963
33 46 444
33 47 725
33 51 476
33 52 716
33 55 672
33 56 308
33 57 787
33 58 646
33 59 900
33 61 370
33 62 979
33 63 368
33 64 489
33 65 457
33 67 598
33 68 635
33 70 302
33 71 13
33 73 41
33 74 852
33 75 852
33 76 28
33 77 664
33 78 409
33 79 522
33 80 533
33 82 147
33 84 102
33 87 544
33 88 893
33 90 444
33 92 864
33 93 932
33 94 932
33 95 338
33 99 124
33 0 934
33 2 274
33 3 265
33 4 906
33 5 598
33 6 918
33 7 233
33 8 899
33 9 61
33 11 287
33 12 749
33 13 890
33 14 697
33 15 902
33 17 796
33 18 213
33 20 497
33 22 852
33 24 373
33 25 203
33 28 987
33 29 300
33 30 122
34 35 83
34 36 968
34 37 373
34 38 886
34 39 862
34 41 37
34 42 711
34 44 95
34 46 599
34 47 241
34 49 209
34 51 331
34 53 525
34 54 963
34 56 780
34 57 699
34 59 167
34 60 754
34 61 568
34 62 630
34 63 146
34 64 367
34 66 525
34 69 11
34 70 13
34 72 118
34 73 568
34 74 336
34 75 110
34 78 818
34 79 544
34 80 329
34 81 63
34 86 946
34 87 303
34 88 853
34 89 695
34 90 746
34 93 330
34 94 304
34 96 890
34 97 880
34 98 813
34 99 428
34 2 458
34 4 937
34 5 609
34 6 606
34 7 374
34 8 367
34 9 236
34 10 778
34 12 910
34 14 736
34 15 543
34 16 693
34 17 295
34 18 678
34 20 251
34 21 379
34 22 564
34 23 524
34 24 766
34 25 741
34 28 392
34 29 638
34 30 534
34 31 678
34 32 444
34 33 149
35 36 128
35 40 925
35 42 929
35 43 329
35 44 854
35 45 951
35 47 377
35 48 238
35 51 744
35 54 673
35 55 913
35 59 720
35 61 131
35 63 931
35 65 281
35 66 132
35 67 507
35 68 529
35 69 935
35 71 570
35 72 101
35 73 925
35 74 396
35 76 147
35 77 989
35 78 825
35 79 49
35 80 821
35 84 586
35 85 18
35 86 25
35 87 318
35 88 285
35 89 643
35 90 682
35 92 534
35 94 651
35 96 735
35 98 777
35 99 160
35 1 181
35 3 628
35 4 417
35 7 124
35 8 946
35 9 822
35 10 304
35 11 285
35 12 857
35 13 180
35 15 579
35 18 420
35 21 957
35 22 686
35 23 908
35 25 636
35 26 350
35 27 343
35 28 247
35 30 92
35 32 398
35 33 525
35 41 791
36 37 522
36 39 910
36 40 178
36 41 215
36 42 414
36 44 331
36 46 405
36 47 691
36 48 960
36 52 888
36 54 926
36 55 269
36 56 922
36 58 150
36 60 603
36 62 749
36 68 702
36 69 416
36 71 725
36 72 370
36 77 315
36 78 891
36 79 452
36 80 527
36 81 37
36 83 177
36 85 117
36 87 996
36 88 175
36 91 711
36 92 232
36 93 356
36 94 185
36 97 995
36 99 446
36 0 294
36 1 807
36 2 999
36 3 302
36 6 893
36 10 259
36 12 900
36 13 352
36 16 265
36 17 924
36 18 217
36 21 443
36 22 480
36 23 186
36 24 464
36 25 899
36 27 928
36 30 356
36 31 132
36 32 283
36 34 553
37 38 977
37 41 621
37 43 124
37 45 508
37 46 220
37 48 782
37 51 209
37 52 411
37 53 854
37 54 518
37 56 974
37 57 88
37 58 727
37 60 913
37 61 127
37 62 357
37 63 761
37 64 12
37 67 184
37 68 766
37 69 463
37 70 567
37 71 470
37 73 864
37 74 866
37 75 747
37 76 460
37 77 861
37 78 237
37 79 960
37 81 341
37 82 515
37 84 645
37 86 982
37 89 405
37 91 438
37 92 777
37 96 312
37 98 106
37 99 355
37 0 54
37 2 901
37 3 130
37 4 189
37 5 534
37 9 846
37 10 95
37 13 757
37 14 448
37 15 246
37 16 5
37 17 269
37 18 437
37 19 61
37 20 233
37 24 795
37 25 478
37 29 923
37 30 794
37 31 886
37 32 337
37 33 339
38 41 638
38 43 501
38 44 31
38 45 989
38 46 648
38 47 859
38 48 972
38 49 237
38 51 840
38 53 532
38 55 929
38 56 713
38 57 316
38 58 38
38 59 271
38 60 381
38 61 284
38 63 859
38 66 271
38 67 234
38 68 692
38 69 231
38 70 405
38 72 515
38 73 13
38 74 888
38 76 886
38 78 429
38 82 160
38 84 46
38 85 966
38 86 980
38 87 783
38 90 505
38 91 211
38 93 360
38 96 927
38 98 575
38 2 60
38 5 839
38 6 393
38 8 92
38 11 408
38 13 21
38 16 725
38 19 870
38 22 98
38 23 371
38 25 990
38 27 313
38 36 804
38 37 984
39 40 325
39 41 353
39 43 761
39 44 160
39 45 861
39 46 164
39 47 575
39 48 127
39 50 488
39 51 587
39 52 212
39 53 124
39 55 806
39 58 333
39 60 566
39 61 887
39 62 681
39 63 806
39 64 988
39 66 880
39 69 108
39 70 105
39 71 860
39 72 616
39 73 881
39 74 579
39 75 721
39 76 882
39 77 416
39 78 687
39 79 394
39 80 165
39 81 611
39 83 259
39 85 867
39 86 887
39 88 210
39 90 875
39 91 763
39 92 824
39 94 970
39 95 876
39 96 649
39 99 203
39 0 431
39 1 274
39 5 873
39 6 423
39 9 553
39 10 58
39 15 782
39 16 83
39 19 565
39 21 889
39 22 187
39 24 53
39 26 269
39 27 197
39 28 670
39 30 417
39 31 208
39 32 208
39 33 354
39 34 476
39 35 422
39 37 46
39 38 521
39 54 397
39 59 403
40 41 755
40 42 327
40 43 890
40 44 1000
40 45 812
40 46 771
40 48 626
40 50 877
40 51 284
40 56 624
40 57 503
40 58 60
40 61 715
40 62 216
40 63 580
40 64 898
40 66 174
40 67 56
40 69 210
40 71 709
40 72 372
40 74 117
40 77 120
40 78 995
40 82 419
40 83 823
40 85 733
40 87 816
40 88 444
40 93 332
40 98 349
40 0 510
40 2 243
40 3 173
40 7 191
40 8 685
40 9 806
40 10 121
40 12 331
40 13 114
40 14 337
40 16 643
40 17 866
40 18 172
40 19 21
40 21 520
40 22 81
40 23 806
40 24 210
40 26 926
40 27 189
40 30 869
40 31 928
40 32 175
40 34 532
40 35 460
40 36 81
40 38 598
40 39 234
41 42 479
41 44 235
41 47 323
41 48 573
41 50 801
41 53 330
41 54 976
41 55 824
41 58 999
41 62 830
41 63 99
41 64 904
41 66 117
41 67 837
41 68 325
41 69 33
41 71 168
41 73 483
41 74 864
41 78 214
41 79 367
41 83 679
41 84 68
41 87 147
41 88 725
41 89 179
41 92 348
41 95 943
41 97 235
41 1 576
41 2 640
41 3 634
41 4 264
41 7 539
41 8 130
41 9 95
41 11 129
41 13 316
41 14 9
41 15 992
41 16 961
41 18 815
41 21 930
41 22 613
41 24 21
41 26 130
41 27 642
41 32 781
41 33 680
41 35 455
41 39 993
41 40 846
42 43 448
42 44 545
42 45 186
42 46 890
42 47 542
42 48 690
42 50 241
42 51 314
42 52 647
42 53 478
42 55 356
42 56 285
42 57 850
42 58 886
42 59 834
42 62 352
42 63 400
42 64 898
42 65 601
42 66 461
42 68 866
42 69 309
42 70 865
42 71 569
42 73 238
42 75 118
42 76 312
42 77 555
42 79 376
42 84 884
42 85 402
42 86 771
42 88 313
42 89 589
42 92 229
42 93 553
42 95 808
42 98 919
42 0 539
42 1 990
42 2 350
42 3 183
42 4 919
42 5 378
42 6 346
42 7 943
42 9 962
42 11 458
42 12 284
42 13 783
42 14 784
42 16 783
42 18 665
42 20 760
42 21 665
42 22 975
42 23 646
42 24 702
42 26 675
42 31 342
42 33 908
42 34 454
42 36 450
42 37 708
42 38 279
42 39 262
42 41 225
42 67 967
42 90 280
43 45 328
43 48 677
43 49 444
43 51 990
43 52 155
43 54 1000
43 56 982
43 60 624
43 61 413
43 62 579
43 65 649
43 67 664
43 68 434
43 72 170
43 73 436
43 77 345
43 82 324
43 83 997
43 84 334
43 86 448
43 87 134
43 89 870
43 91 934
43 92 610
43 95 247
43 96 847
43 97 478
43 99 957
43 0 159
43 1 159
43 4 727
43 7 735
43 8 860
43 9 906
43 10 463
43 11 866
43 13 245
43 14 357
43 17 129
43 24 510
43 25 575
43 26 72
43 28 276
43 29 469
43 31 245
43 33 907
43 35 400
43 37 394
43 38 346
43 39 705
43 40 117
43 41 53
43 42 372
44 45 654
44 46 710
44 47 813
44 48 71
44 49 141
44 50 547
44 51 162
44 55 93
44 56 654
44 57 648
44 58 851
44 62 554
44 65 489
44 67 584
44 69 267
44 71 245
44 72 325
44 74 503
44 75 783
44 80 417
44 81 202
44 82 344
44 83 441
44 86 505
44 87 437
44 88 921
44 89 664
44 90 389
44 94 269
44 95 384
44 96 323
44 98 153
44 0 489
44 1 273
44 3 820
44 5 616
44 6 104
44 7 66
44 8 977
44 12 129
44 14 449
44 15 310
44 16 31
44 19 880
44 21 311
44 24 480
44 26 680
44 27 87
44 28 548
44 30 112
44 34 347
44 35 341
44 36 796
44 37 247
44 38 337
44 39 29
44 40 22
44 42 494
44 43 92
45 48 889
45 51 967
45 52 627
45 53 184
45 54 704
45 55 694
45 56 206
45 57 67
45 60 682
45 61 600
45 62 434
45 63 38
45 66 462
45 67 165
45 68 11
45 70 424
45 71 341
45 72 142
45 73 916
45 78 266
45 81 850
45 82 389
45 86 438
45 87 120
45 88 87
45 89 926
45 90 195
45 91 903
45 93 230
45 95 558
45 97 993
45 98 584
45 99 154
45 0 912
45 1 771
45 2 649
45 4 967
45 5 997
45 6 47
45 7 261
45 8 840
45 9 886
45 10 812
45 13 783
45 15 629
45 18 702
45 19 945
45 20 963
45 22 726
45 23 731
45 24 532
45 25 109
45 26 330
45 27 922
45 28 420
45 30 490
45 32 729
45 33 693
45 35 792
45 36 982
45 37 467
45 38 588
45 39 854
45 40 769
45 42 976
45 44 971
46 47 899
46 49 748
46 50 532
46 51 894
46 53 316
46 55 728
46 56 326
46 58 103
46 60 688
46 61 447
46 62 114
46 63 15
46 64 461
46 65 601
46 66 724
46 69 639
46 70 428
46 74 278
46 77 838
46 79 753
46 80 687
46 81 398
46 82 744
46 83 444
46 86 965
46 88 71
46 90 800
46 91 53
46 92 565
46 98 439
46 0 366
46 1 975
46 2 46
46 4 760
46 6 629
46 7 668
46 8 781
46 10 602
46 11 104
46 13 686
46 17 798
46 20 438
46 22 66
46 24 166
46 25 493
46 27 73
46 28 915
46 29 710
46 30 232
46 31 28
46 32 518
46 34 319
46 35 316
46 37 17
46 38 209
46 39 941
46 40 416
46 44 495
46 45 124
47 50 966
47 51 854
47 52 412
47 54 667
47 55 10
47 58 385
47 59 292
47 60 852
47 62 961
47 66 496
47 69 146
47 72 785
47 76 242
47 77 265
47 79 945
47 81 154
47 82 426
47 85 933
47 88 642
47 89 951
47 90 428
47 91 233
47 92 245
47 94 517
47 97 998
47 98 428
47 99 1
47 0 351
47 2 601
47 6 198
47 7 681
47 8 131
47 10 689
47 13 317
47 14 952
47 15 443
47 17 488
47 19 348
47 20 361
47 22 558
47 24 261
47 26 291
47 31 927
47 32 67
47 38 592
47 40 665
47 42 912
47 43 538
47 46 877
48 49 30
48 55 756
48 56 534
48 58 364
48 59 826
48 62 77
48 65 760
48 68 996
48 70 951
48 74 448
48 78 605
48 79 50
48 82 622
48 83 21
48 85 136
48 86 426
48 87 413
48 88 158
48 89 373
48 92 27
48 93 385
48 94 596
48 95 543
48 96 620
48 97 837
48 99 113
48 2 240
48 3 139
48 4 434
48 6 485
48 14 929
48 17 56
48 18 466
48 19 711
48 22 515
48 23 722
48 26 326
48 28 750
48 29 157
48 31 397
48 33 781
48 34 174
48 35 427
48 36 454
48 37 659
48 38 977
48 39 640
48 41 955
48 42 500
48 44 164
48 46 609
49 50 853
49 51 176
49 52 757
49 53 754
49 59 753
49 61 527
49 62 961
49 63 655
49 64 350
49 65 76
49 66 968
49 67 444
49 69 849
49 71 717
49 73 121
49 79 382
49 80 502
49 82 873
49 83 455
49 86 992
49 87 186
49 88 406
49 89 283
49 90 863
49 91 362
49 92 464
49 93 183
49 94 18
49 95 704
49 96 19
49 97 721
49 98 373
49 99 160
49 0 309
49 2 261
49 3 499
49 5 245
49 8 720
49 9 262
49 11 611
49 14 303
49 15 356
49 18 677
49 20 512
49 21 223
49 22 788
49 23 451
49 24 553
49 25 935
49 26 343
49 27 58
49 28 24
49 30 618
49 31 597
49 35 354
49 37 530
49 38 326
49 41 617
49 42 332
49 43 907
49 44 599
49 46 741
49 47 823
49 48 596
50 53 562
50 54 653
50 55 59
50 56 971
50 60 446
50 61 26
50 62 528
50 64 129
50 65 842
50 66 499
50 67 479
50 68 243
50 69 899
50 71 857
50 73 32
50 74 292
50 75 233
50 76 840
50 77 39
50 78 156
50 80 545
50 81 306
50 82 982
50 84 253
50 87 241
50 88 370
50 90 946
50 92 717
50 93 257
50 95 529
50 96 864
50 97 495
50 98 369
50 0 436
50 1 380
50 2 274
50 4 918
50 5 517
50 6 685
50 8 924
50 9 533
50 10 80
50 12 640
50 13 208
50 14 154
50 15 226
50 17 758
50 18 353
50 19 468
50 22 491
50 23 9
50 24 191
50 26 212
50 27 384
50 29 869
50 30 766
50 31 79
50 32 878
50 33 128
50 36 319
50 37 523
50 39 721
50 40 685
50 41 866
50 42 256
50 43 85
50 44 578
50 45 56
50 46 714
50 47 279
50 48 370
50 49 969
51 52 101
51 53 616
51 54 449
51 55 851
51 56 413
51 59 724
51 61 141
51 62 130
51 64 369
51 65 140
51 70 559
51 74 606
51 76 65
51 77 218
51 78 661
51 79 931
51 80 379
51 81 72
51 82 996
51 83 828
51 85 795
51 86 249
51 89 110
51 90 603
51 92 646
51 93 120
51 96 551
51 97 774
51 99 474
51 0 468
51 2 360
51 3 428
51 4 951
51 6 543
51 8 479
51 9 569
51 11 717
51 12 147
51 13 947
51 14 161
51 15 682
51 16 584
51 19 983
51 21 468
51 25 890
51 27 150
51 31 866
51 32 392
51 34 607
51 35 190
51 36 409
51 38 808
51 40 460
51 41 841
51 42 169
51 44 531
51 46 861
51 47 535
51 48 166
51 49 430
52 54 51
52 58 603
52 59 721
52 60 201
52 63 828
52 64 267
52 67 572
52 69 407
52 72 386
52 74 385
52 78 119
52 79 805
52 80 94
52 82 778
52 85 91
52 86 557
52 87 774
52 89 178
52 90 610
52 92 794
52 94 377
52 96 189
52 97 229
52 98 773
52 99 548
52 0 830
52 3 313
52 5 837
52 6 168
52 9 532
52 10 154
52 12 318
52 13 706
52 15 799
52 18 917
52 19 315
52 21 450
52 23 442
52 26 80
52 28 403
52 37 365
52 39 354
52 40 336
52 43 461
52 44 390
52 45 791
52 46 309
52 47 893
52 48 394
52 49 447
53 55 232
53 58 541
53 59 965
53 62 106
53 63 792
53 65 497
53 68 998
53 69 750
53 70 282
53 71 48
53 74 81
53 76 273
53 77 616
53 79 793
53 80 348
53 81 276
53 82 709
53 84 707
53 85 934
53 86 665
53 87 866
53 88 388
53 89 513
53 90 911
53 92 664
53 93 968
53 95 248
53 96 429
53 97 130
53 0 10
53 2 460
53 3 94
53 4 601
53 5 801
53 6 806
53 7 603
53 8 626
53 9 164
53 10 918
53 11 278
53 14 460
53 16 910
53 23 920
53 25 475
53 27 634
53 31 248
53 32 987
53 33 74
53 34 903
53 36 246
53 38 61
53 39 156
53 40 720
53 43 854
53 44 946
53 46 621
53 48 41
53 51 579
54 55 284
54 56 558
54 57 971
54 58 434
54 59 192
54 62 716
54 63 595
54 65 775
54 68 372
54 70 770
54 72 128
54 74 582
54 76 519
54 78 137
54 79 412
54 84 625
54 86 737
54 87 81
54 90 746
54 91 699
54 92 694
54 93 258
54 96 622
54 97 170
54 99 735
54 0 734
54 3 900
54 4 497
54 5 514
54 7 990
54 10 517
54 11 856
54 12 966
54 14 281
54 15 918
54 17 673
54 18 435
54 21 743
54 23 302
54 25 540
54 29 433
54 30 108
54 31 150
54 33 213
54 35 876
54 36 754
54 38 468
54 39 280
54 41 514
54 43 941
54 44 175
54 45 503
54 47 651
54 50 808
55 56 808
55 57 90
55 59 732
55 60 130
55 61 976
55 62 330
55 63 410
55 67 288
55 70 932
55 71 710
55 72 357
55 74 747
55 75 532
55 76 180
55 77 612
55 80 375
55 82 300
55 83 162
55 84 419
55 85 91
55 86 273
55 89 950
55 90 565
55 91 201
55 92 930
55 94 912
55 95 313
55 96 481
55 99 364
55 1 390
55 2 482
55 3 690
55 4 735
55 5 557
55 6 556
55 7 984
55 8 749
55 9 442
55 10 570
55 11 923
55 13 267
55 15 29
55 18 356
55 19 854
55 20 399
55 21 270
55 22 327
55 23 21
55 26 437
55 27 668
55 29 627
55 31 568
55 32 463
55 36 224
55 37 785
55 38 368
55 39 189
55 40 578
55 41 396
55 43 585
55 47 415
55 51 441
55 52 993
56 57 368
56 59 540
56 61 223
56 65 499
56 66 853
56 69 317
56 71 328
56 72 999
56 73 952
56 74 521
56 77 374
56 80 311
56 81 79
56 83 663
56 84 152
56 85 990
56 87 735
56 88 417
56 89 831
56 90 813
56 91 690
56 95 832
56 96 264
56 97 150
56 98 525
56 0 56
56 1 704
56 2 268
56 3 91
56 5 821
56 6 84
56 7 981
56 8 677
56 10 288
56 12 457
56 14 247
56 15 177
56 18 524
56 21 557
56 22 875
56 23 787
56 26 213
56 28 441
56 29 904
56 31 973
56 32 615
56 33 319
56 37 645
56 38 443
56 39 776
56 40 70
56 41 727
56 42 950
56 44 545
56 46 523
56 47 929
56 48 900
56 50 918
56 51 119
56 52 449
56 53 63
56 55 760
56 68 316
57 58 364
57 61 178
57 63 33
57 64 68
57 66 403
57 67 286
57 69 141
57 72 928
57 74 239
57 75 334
57 76 473
57 77 999
57 83 423
57 87 623
57 92 313
57 93 766
57 94 103
57 97 306
57 99 964
57 1 810
57 2 848
57 3 316
57 9 485
57 12 850
57 13 238
57 17 675
57 21 156
57 22 612
57 23 441
57 24 893
57 25 67
57 26 462
57 29 271
57 30 644
57 31 125
57 32 754
57 34 972
57 35 22
57 36 197
57 38 144
57 39 987
57 44 145
57 48 294
57 50 771
57 51 366
57 52 823
57 53 10
57 55 452
57 56 170
58 59 536
58 60 383
58 62 835
58 65 374
58 68 908
58 69 897
58 71 461
58 74 1000
58 76 409
58 77 750
58 79 522
58 80 183
58 83 437
58 85 700
58 86 382
58 88 561
58 89 769
58 92 420
58 93 539
58 96 494
58 97 161
58 98 655
58 0 437
58 4 879
58 6 982
58 7 380
58 9 465
58 10 144
58 13 783
58 19 542
58 21 18
58 24 787
58 25 697
58 29 230
58 32 551
58 33 284
58 34 868
58 37 915
58 38 283
58 39 301
58 40 252
58 42 748
58 43 728
58 45 856
58 46 452
58 47 206
58 48 745
58 51 5
58 52 162
58 54 746
58 56 503
58 73 768
59 62 485
59 65 879
59 67 391
59 68 229
59 69 377
59 71 23
59 73 444
59 74 336
59 77 708
59 80 244
59 81 488
59 82 239
59 84 621
59 86 331
59 89 401
59 90 314
59 92 1
59 93 205
59 94 239
59 95 988
59 96 262
59 0 439
59 1 696
59 2 943
59 4 950
59 6 445
59 9 569
59 12 416
59 13 518
59 16 606
59 17 337
59 20 19
59 21 982
59 24 689
59 26 542
59 27 792
59 28 978
59 29 829
59 30 87
59 33 969
59 34 8
59 35 449
59 37 847
59 45 180
59 46 765
59 50 4
59 51 714
59 52 240
59 53 545
59 54 632
59 57 557
59 58 9
59 63 328
60 61 73
60 64 484
60 66 593
60 68 114
60 71 911
60 72 811
60 76 345
60 77 15
60 80 113
60 81 55
60 82 764
60 83 379
60 84 460
60 85 146
60 86 26
60 88 575
60 90 233
60 91 249
60 92 741
60 94 853
60 96 104
60 97 213
60 0 699
60 1 720
60 3 528
60 5 363
60 6 218
60 7 270
60 8 118
60 10 450
60 11 884
60 12 23
60 13 19
60 14 100
60 15 55
60 16 78
60 18 830
60 19 386
60 20 998
60 21 459
60 23 299
60 26 514
60 28 955
60 29 861
60 31 250
60 32 202
60 33 820
60 35 807
60 36 794
60 37 914
60 40 970
60 41 797
60 42 206
60 43 378
60 44 498
60 45 778
60 47 897
60 50 814
60 51 23
60 52 319
60 53 602
60 55 172
60 56 466
60 69 626
61 63 261
61 64 108
61 66 284
61 67 434
61 68 811
61 69 166
61 73 974
61 74 299
61 76 876
61 77 905
61 78 622
61 80 967
61 81 50
61 83 200
61 84 435
61 85 497
61 86 434
61 88 889
61 89 772
61 90 980
61 91 227
61 92 206
61 93 59
61 97 319
61 98 504
61 1 243
61 2 573
61 5 539
61 6 194
61 8 516
61 10 203
61 12 84
61 13 871
61 19 1000
61 20 600
61 21 87
61 22 399
61 25 739
61 27 193
61 29 415
61 31 481
61 32 610
61 33 580
61 34 586
61 35 905
61 37 865
61 38 371
61 41 359
61 43 825
61 44 26
61 45 615
61 46 604
61 47 978
61 48 126
61 49 161
61 50 32
61 51 599
61 52 677
61 54 391
61 56 45
61 57 162
61 59 881
62 63 677
62 64 69
62 65 781
62 66 725
62 68 716
62 70 718
62 71 324
62 73 178
62 74 399
62 76 116
62 77 810
62 79 756
62 80 760
62 85 126
62 86 708
62 88 123
62 89 405
62 90 119
62 91 100
62 92 977
62 93 388
62 96 884
62 97 309
62 98 983
62 0 648
62 1 268
62 6 3
62 7 354
62 8 960
62 11 211
62 12 3
62 13 873
62 14 28
62 16 795
62 17 675
62 19 647
62 20 116
62 22 717
62 23 330
62 25 986
62 26 658
62 27 169
62 30 220
62 32 110
62 37 296
62 40 319
62 41 242
62 43 93
62 47 66
62 48 583
62 50 980
62 52 882
62 53 739
62 55 453
62 56 511
62 57 464
62 60 604
62 61 879
62 75 337
63 67 905
63 68 933
63 69 766
63 70 74
63 71 280
63 74 278
63 75 13
63 76 480
63 77 977
63 78 24
63 80 932
63 82 276
63 83 173
63 84 173
63 86 867
63 87 229
63 89 851
63 90 238
63 91 649
63 92 641
63 93 699
63 94 434
63 95 672
63 96 65
63 97 92
63 99 190
63 0 203
63 1 265
63 2 660
63 3 433
63 4 130
63 5 680
63 6 78
63 7 904
63 9 298
63 10 140
63 12 673
63 14 59
63 18 321
63 19 381
63 25 101
63 26 138
63 27 211
63 28 293
63 29 506
63 38 590
63 41 914
63 42 385
63 47 410
63 48 656
63 50 464
63 52 317
63 53 235
63 54 398
63 56 883
63 57 113
63 58 724
63 59 758
63 60 848
63 61 621
63 62 319
64 65 432
64 68 773
64 69 4
64 70 209
64 71 89
64 75 68
64 76 362
64 78 965
64 79 826
64 81 456
64 82 481
64 83 421
64 84 62
64 85 253
64 89 549
64 91 29
64 92 979
64 93 366
64 97 126
64 98 798
64 99 694
64 1 676
64 2 911
64 4 631
64 5 688
64 6 357
64 7 78
64 9 498
64 10 919
64 12 738
64 13 186
64 14 475
64 16 22
64 17 337
64 18 291
64 19 539
64 21 712
64 22 471
64 23 693
64 24 194
64 26 280
64 27 816
64 29 575
64 30 712
64 32 186
64 33 945
64 34 68
64 35 20
64 37 633
64 38 47
64 39 184
64 40 764
64 41 76
64 42 432
64 43 910
64 44 884
64 46 370
64 47 760
64 48 743
64 50 977
64 52 21
64 53 590
64 54 444
64 57 144
64 58 770
64 63 525
64 66 686
65 66 833
65 68 658
65 69 519
65 70 299
65 71 670
65 72 782
65 73 558
65 74 602
65 75 63
65 79 693
65 80 752
65 86 132
65 87 756
65 88 957
65 90 744
65 92 264
65 93 431
65 94 58
65 95 705
65 96 801
65 98 919
65 0 939
65 2 296
65 3 307
65 6 419
65 9 369
65 12 273
65 13 188
65 14 374
65 15 596
65 16 980
65 19 389
65 21 283
65 24 759
65 25 22
65 27 623
65 28 314
65 29 287
65 30 615
65 31 48
65 34 38
65 39 155
65 42 262
65 43 261
65 44 497
65 45 505
65 46 623
65 48 418
65 51 978
65 52 195
65 54 532
65 56 940
65 57 78
65 59 832
65 60 406
65 61 802
65 63 775
65 81 96
66 67 453
66 68 624
66 69 778
66 70 378
66 73 248
66 74 172
66 75 362
66 77 882
66 78 761
66 79 861
66 80 59
66 81 636
66 82 755
66 83 192
66 85 450
66 86 558
66 88 357
66 89 98
66 91 810
66 95 24
66 96 157
66 97 661
66 99 881
66 0 951
66 1 465
66 7 752
66 8 391
66 9 896
66 11 626
66 13 206
66 19 102
66 20 989
66 21 357
66 22 601
66 24 118
66 26 757
66 28 866
66 29 863
66 30 352
66 31 845
66 32 480
66 34 188
66 35 888
66 36 657
66 39 364
66 40 848
66 42 220
66 44 933
66 46 536
66 47 799
66 48 891
66 49 725
66 50 69
66 53 933
66 54 303
66 55 17
66 56 136
66 59 453
66 62 305
66 63 13
66 65 99
67 68 845
67 69 107
67 70 29
67 73 156
67 74 37
67 78 350
67 79 284
67 81 252
67 82 975
67 84 590
67 86 628
67 87 262
67 89 857
67 90 632
67 92 82
67 93 996
67 94 886
67 95 618
67 96 46
67 98 220
67 99 179
67 2 897
67 3 547
67 7 558
67 9 365
67 12 615
67 13 725
67 15 668
67 16 605
67 20 577
67 21 725
67 25 677
67 30 929
67 33 419
67 34 495
67 37 344
67 39 626
67 40 534
67 41 417
67 42 500
67 44 11
67 46 190
67 48 361
67 51 252
67 54 280
67 55 625
67 56 814
67 57 678
67 59 901
67 60 87
67 61 888
67 62 591
67 63 569
67 66 446
68 71 664
68 72 614
68 73 762
68 74 770
68 75 920
68 76 639
68 80 440
68 82 741
68 83 749
68 84 298
68 86 647
68 87 354
68 88 932
68 91 423
68 92 376
68 93 630
68 95 607
68 96 248
68 97 71
68 98 684
68 0 719
68 2 347
68 4 795
68 5 27
68 7 544
68 8 957
68 9 484
68 10 476
68 11 503
68 14 576
68 17 318
68 20 679
68 23 656
68 25 426
68 30 415
68 31 130
68 32 519
68 34 335
68 35 414
68 36 540
68 38 428
68 41 4
68 42 503
68 43 766
68 44 746
68 46 591
68 49 301
68 50 289
68 51 506
68 54 124
68 55 932
68 56 299
68 57 576
68 59 630
68 60 204
68 61 503
68 62 159
68 64 11
68 65 675
68 66 295
69 71 530
69 72 825
69 74 817
69 75 267
69 76 538
69 77 502
69 80 250
69 81 362
69 82 601
69 83 347
69 84 434
69 85 484
69 86 42
69 88 121
69 89 114
69 91 331
69 92 399
69 94 612
69 96 532
69 98 60
69 99 548
69 0 986
69 1 351
69 2 710
69 3 968
69 4 345
69 6 595
69 9 247
69 13 652
69 14 25
69 15 158
69 16 36
69 17 175
69 19 460
69 20 308
69 21 196
69 22 93
69 23 893
69 24 140
69 26 337
69 29 564
69 31 375
69 34 492
69 35 20
69 37 644
69 38 664
69 39 16
69 40 561
69 41 710
69 42 87
69 43 323
69 44 439
69 45 260
69 48 883
69 50 379
69 52 954
69 53 119
69 54 123
69 55 762
69 56 294
69 57 346
69 60 577
69 61 318
69 62 152
69 65 510
70 73 444
70 74 301
70 75 856
70 76 833
70 77 762
70 78 863
70 79 12
70 80 175
70 82 441
70 87 617
70 88 377
70 89 333
70 93 541
70 96 170
70 98 576
70 99 848
70 0 717
70 1 964
70 2 957
70 4 200
70 9 575
70 10 479
70 11 742
70 14 941
70 15 467
70 22 617
70 23 307
70 25 824
70 28 491
70 29 614
70 30 726
70 31 803
70 33 159
70 34 522
70 36 440
70 37 36
70 38 384
70 39 184
70 40 187
70 42 565
70 43 46
70 44 136
70 46 571
70 48 133
70 51 147
70 54 851
70 56 538
70 57 58
70 59 246
70 61 48
70 62 491
70 64 812
70 65 853
70 66 177
70 67 819
71 72 282
71 73 333
71 75 105
71 79 202
71 80 136
71 81 800
71 82 467
71 83 734
71 84 974
71 85 563
71 90 195
71 91 841
71 92 828
71 94 709
71 96 548
71 1 492
71 2 859
71 3 427
71 4 941
71 5 820
71 6 6
71 7 959
71 8 406
71 11 43
71 12 993
71 15 365
71 16 295
71 18 506
71 19 738
71 20 188
71 21 900
71 23 74
71 24 714
71 26 806
71 27 509
71 30 919
71 31 15
71 33 788
71 35 857
71 36 640
71 37 409
71 39 570
71 40 833
71 44 884
71 45 229
71 47 427
71 48 348
71 52 464
71 53 556
71 57 828
71 59 602
71 61 886
71 62 645
71 63 963
71 64 784
71 65 630
71 68 86
72 74 26
72 76 344
72 79 543
72 81 285
72 82 703
72 84 684
72 87 411
72 90 967
72 92 413
72 93 412
72 96 924
72 97 881
72 98 461
72 99 93
72 1 741
72 2 425
72 4 187
72 5 890
72 6 878
72 7 763
72 12 552
72 15 801
72 17 365
72 18 244
72 19 845
72 20 809
72 21 502
72 22 252
72 24 814
72 31 83
72 32 910
72 34 796
72 35 449
72 37 802
72 39 23
72 40 146
72 41 55
72 43 883
72 44 961
72 45 26
72 46 999
72 47 87
72 48 958
72 50 869
72 52 797
72 53 598
72 54 858
72 56 622
72 57 925
72 59 571
72 60 648
72 61 120
72 62 582
72 65 572
72 66 563
73 75 112
73 77 966
73 78 553
73 79 791
73 80 991
73 81 489
73 82 688
73 84 730
73 85 158
73 86 274
73 89 869
73 91 866
73 92 231
73 93 703
73 94 546
73 95 874
73 98 559
73 0 128
73 1 192
73 2 30
73 4 322
73 7 662
73 9 706
73 10 666
73 12 295
73 13 197
73 14 318
73 15 971
73 18 676
73 21 368
73 22 663
73 24 10
73 25 401
73 26 534
73 30 905
73 34 440
73 36 673
73 37 483
73 41 800
73 42 879
73 43 319
73 44 539
73 45 534
73 48 272
73 49 219
73 50 899
73 51 628
73 52 729
73 54 481
73 55 720
73 56 827
73 57 884
73 59 373
73 61 409
73 64 812
73 66 329
73 67 658
73 68 208
73 69 774
73 70 339
73 71 685
73 72 929
74 75 185
74 76 242
74 77 109
74 80 224
74 81 602
74 83 13
74 85 405
74 88 266
74 90 288
74 92 87
74 93 505
74 95 95
74 96 465
74 98 66
74 1 532
74 2 774
74 4 808
74 7 633
74 8 71
74 10 889
74 12 991
74 13 759
74 14 430
74 15 868
74 17 960
74 18 167
74 19 482
74 20 333
74 21 91
74 22 285
74 23 160
74 24 218
74 25 933
74 27 343
74 28 142
74 29 129
74 35 981
74 36 247
74 37 280
74 38 605
74 40 952
74 43 442
74 47 455
74 49 545
74 50 19
74 51 395
74 52 397
74 57 700
74 58 62
74 60 237
74 62 859
74 65 230
74 67 958
74 68 535
74 73 140
75 76 52
75 77 9
75 78 757
75 79 98
75 80 695
75 81 310
75 82 817
75 86 815
75 88 618
75 89 258
75 90 865
75 93 153
75 95 13
75 96 308
75 97 739
75 98 732
75 1 351
75 2 115
75 3 924
75 5 734
75 6 463
75 7 372
75 8 656
75 11 167
75 12 561
75 13 985
75 14 694
75 15 285
75 16 68
75 18 877
75 19 565
75 20 851
75 22 138
75 23 308
75 28 701
75 30 458
75 31 327
75 34 889
75 35 750
75 36 470
75 38 216
75 41 56
75 42 79
75 43 384
75 44 428
75 49 289
75 50 485
75 51 47
75 54 514
75 55 215
75 56 548
75 57 938
75 58 348
75 61 419
75 63 467
75 64 911
75 65 270
75 66 297
75 67 859
75 68 977
75 70 269
75 71 142
75 72 758
75 73 696
75 74 363
76 77 316
76 80 33
76 81 830
76 86 674
76 90 865
76 95 251
76 96 653
76 98 446
76 0 803
76 5 576
76 7 332
76 8 211
76 9 292
76 10 66
76 12 779
76 13 271
76 16 759
76 18 6
76 20 384
76 21 432
76 23 690
76 24 39
76 26 770
76 27 432
76 29 661
76 31 460
76 32 395
76 33 360
76 35 325
76 37 956
76 40 211
76 43 560
76 44 30
76 46 537
76 47 891
76 49 353
76 51 794
76 55 308
76 57 430
76 58 112
76 59 791
76 60 125
76 61 691
76 62 36
76 63 95
76 65 182
76 67 901
76 68 627
76 69 920
76 72 322
76 73 707
76 74 689
76 75 429
77 79 884
77 81 643
77 82 740
77 83 3
77 84 547
77 85 285
77 88 283
77 89 591
77 90 848
77 91 724
77 93 414
77 95 994
77 98 575
77 99 208
77 0 189
77 3 86
77 4 301
77 7 594
77 8 315
77 9 790
77 11 975
77 12 619
77 13 500
77 22 608
77 24 275
77 26 0
77 27 506
77 30 673
77 31 598
77 32 919
77 36 695
77 37 982
77 38 662
77 39 322
77 41 65
77 42 90
77 43 607
77 45 43
77 46 92
77 47 575
77 49 730
77 51 375
77 52 33
77 53 978
77 55 586
77 57 374
77 58 403
77 59 131
77 62 312
77 66 244
77 68 370
77 69 789
77 70 830
77 71 339
77 72 25
77 74 158
77 75 348
78 79 559
78 81 669
78 82 857
78 83 704
78 85 776
78 86 415
78 87 449
78 88 174
78 89 346
78 90 373
78 94 254
78 95 340
78 96 192
78 98 139
78 99 493
78 0 473
78 3 559
78 7 976
78 12 928
78 13 928
78 15 368
78 17 933
78 18 712
78 19 844
78 22 626
78 24 963
78 25 95
78 26 267
78 29 677
78 31 800
78 32 919
78 33 279
78 35 724
78 37 420
78 40 537
78 41 473
78 42 315
78 43 734
78 44 993
78 45 113
78 48 834
78 50 102
78 51 403
78 53 882
78 56 343
78 60 612
78 63 720
78 64 869
78 67 526
78 71 228
78 72 328
78 74 362
78 76 424
78 77 421
79 80 611
79 82 742
79 84 128
79 86 922
79 87 237
79 90 465
79 91 593
79 93 191
79 94 426
79 95 365
79 96 23
79 97 254
79 98 912
79 99 936
79 0 493
79 1 570
79 2 63
79 3 618
79 5 738
79 7 828
79 8 702
79 10 563
79 13 876
79 19 495
79 21 562
79 24 709
79 28 302
79 31 306
79 33 381
79 34 963
79 35 44
79 36 464
79 39 849
79 40 491
79 41 863
79 43 549
79 46 288
79 47 339
79 48 966
79 49 661
79 56 178
79 60 245
79 63 826
79 65 281
79 66 320
79 67 529
79 68 73
79 69 890
79 70 682
79 71 643
79 75 429
79 76 596
79 77 745
80 81 693
80 84 195
80 89 99
80 90 791
80 93 811
80 94 933
80 95 899
80 98 262
80 0 462
80 1 444
80 5 829
80 7 393
80 10 295
80 17 255
80 19 265
80 21 384
80 24 988
80 26 696
80 27 564
80 28 689
80 30 482
80 31 393
80 32 382
80 33 989
80 34 820
80 35 789
80 38 896
80 39 370
80 40 577
80 41 833
80 42 771
80 43 502
80 44 998
80 45 302
80 46 499
80 47 874
80 49 921
80 50 458
80 52 220
80 55 841
80 56 467
80 60 117
80 61 187
80 63 688
80 64 959
80 67 345
80 71 692
80 73 30
80 74 942
80 75 354
80 76 433
80 77 61
81 82 686
81 89 174
81 90 109
81 92 424
81 93 976
81 96 981
81 99 647
81 0 330
81 1 34
81 2 933
81 3 618
81 7 531
81 8 382
81 9 199
81 12 597
81 13 17
81 14 651
81 15 196
81 16 12
81 17 272
81 18 615
81 19 268
81 21 446
81 23 229
81 26 329
81 28 843
81 29 995
81 31 759
81 32 39
81 33 719
81 35 973
81 38 117
81 40 127
81 41 629
81 43 399
81 45 132
81 46 153
81 47 525
81 48 271
81 50 362
81 51 949
81 52 874
81 53 304
81 54 142
81 55 405
81 56 897
81 57 945
81 58 467
81 59 436
81 61 926
81 63 246
81 64 717
81 65 227
81 68 547
81 69 769
81 71 33
81 73 941
81 74 7
81 76 385
81 77 24
81 78 233
81 79 32
81 80 917
82 84 715
82 85 568
82 87 64
82 88 283
82 89 790
82 92 969
82 98 737
82 3 62
82 4 25
82 6 20
82 8 516
82 9 213
82 11 823
82 12 612
82 13 490
82 14 788
82 16 874
82 18 787
82 20 253
82 22 174
82 23 84
82 24 330
82 26 112
82 28 787
82 30 367
82 31 647
82 32 638
82 33 160
82 34 181
82 37 587
82 39 600
82 40 545
82 41 387
82 43 884
82 45 489
82 47 588
82 48 587
82 49 892
82 51 754
82 52 999
82 54 872
82 55 496
82 57 703
82 59 427
82 62 591
82 63 421
82 64 626
82 66 540
82 67 865
82 68 16
82 69 755
82 70 335
82 71 564
82 72 362
82 74 36
82 75 958
82 77 171
82 79 450
82 80 336
83 84 127
83 85 25
83 86 162
83 88 354
83 89 530
83 90 243
83 91 145
83 93 532
83 95 134
83 96 238
83 99 823
83 2 773
83 3 207
83 4 937
83 5 333
83 6 994
83 10 827
83 12 638
83 13 461
83 14 765
83 15 407
83 18 464
83 19 596
83 21 395
83 24 860
83 26 939
83 27 288
83 28 502
83 29 955
83 30 918
83 31 653
83 32 502
83 35 47
83 36 7
83 39 185
83 42 446
83 44 788
83 47 736
83 51 128
83 52 370
83 53 99
83 54 858
83 57 54
83 60 496
83 61 599
83 62 563
83 63 788
83 64 249
83 66 759
83 68 875
83 73 264
83 75 454
83 76 725
83 82 752
84 86 295
84 87 591
84 88 829
84 89 705
84 90 726
84 91 558
84 93 620
84 99 396
84 2 843
84 3 268
84 5 259
84 10 410
84 11 544
84 16 795
84 17 983
84 18 180
84 19 672
84 21 429
84 22 766
84 23 68
84 28 884
84 30 117
84 33 49
84 34 999
84 35 511
84 36 9
84 40 177
84 42 886
84 43 716
84 44 509
84 45 998
84 47 148
84 48 136
84 50 771
84 51 850
84 53 555
84 57 221
84 59 912
84 60 983
84 63 343
84 64 92
84 66 558
84 71 115
84 72 170
84 73 400
84 76 72
84 79 472
84 80 676
84 82 793
84 83 773
84 92 973
85 87 652
85 88 575
85 89 685
85 92 710
85 96 173
85 97 682
85 98 371
85 99 978
85 0 65
85 3 882
85 4 115
85 5 797
85 6 69
85 9 128
85 10 177
85 11 915
85 12 847
85 14 806
85 16 954
85 19 968
85 20 750
85 22 248
85 23 248
85 24 235
85 29 334
85 30 751
85 31 970
85 34 521
85 37 613
85 38 110
85 39 677
85 40 333
85 41 766
85 42 805
85 43 376
85 48 603
85 50 284
85 54 475
85 55 276
85 57 60
85 58 61
85 60 131
85 65 277
85 66 485
85 67 652
85 68 597
85 72 799
85 73 331
85 75 290
85 77 598
85 78 24
85 79 374
85 80 679
85 81 394
85 82 33
85 84 454
86 87 949
86 88 81
86 91 422
86 92 887
86 93 427
86 94 440
86 95 857
86 96 192
86 0 465
86 1 175
86 2 740
86 3 722
86 5 761
86 8 111
86 9 530
86 11 745
86 12 159
86 13 369
86 16 866
86 19 679
86 22 12
86 23 283
86 25 834
86 26 994
86 27 471
86 30 525
86 32 896
86 33 793
86 34 58
86 35 794
86 37 978
86 38 776
86 39 64
86 40 364
86 41 687
86 42 100
86 43 739
86 44 236
86 45 28
86 47 735
86 49 586
86 51 710
86 52 712
86 54 348
86 55 733
86 57 829
86 59 231
86 60 847
86 61 751
86 62 123
86 64 58
86 67 789
86 68 160
86 69 958
86 70 464
86 71 562
86 74 34
86 76 819
86 77 800
86 78 301
86 79 186
86 81 471
86 82 700
86 83 309
87 88 895
87 90 959
87 91 592
87 93 302
87 94 314
87 95 439
87 0 898
87 2 540
87 3 22
87 4 201
87 5 504
87 6 565
87 7 55
87 8 972
87 9 188
87 10 829
87 11 189
87 14 208
87 15 366
87 16 918
87 19 214
87 20 82
87 21 890
87 22 266
87 23 278
87 26 54
87 27 311
87 28 202
87 29 300
87 31 777
87 33 496
87 35 898
87 36 143
87 38 7
87 40 146
87 46 373
87 48 49
87 51 515
87 54 654
87 55 605
87 56 743
87 58 229
87 59 200
87 60 168
87 61 793
87 62 880
87 64 974
87 65 392
87 66 211
87 68 928
87 69 955
87 70 276
87 71 72
87 72 775
87 73 936
87 75 786
87 76 229
87 77 954
87 80 729
87 81 122
87 82 150
87 83 691
87 84 498
87 85 24
87 86 963
88 89 685
88 90 409
88 91 234
88 93 364
88 94 92
88 95 958
88 97 370
88 0 73
88 1 203
88 2 976
88 4 619
88 5 72
88 6 916
88 7 800
88 8 93
88 11 53
88 12 125
88 13 613
88 14 566
88 15 544
88 16 525
88 20 779
88 21 794
88 23 184
88 27 347
88 30 10
88 32 44
88 33 857
88 34 373
88 37 577
88 38 865
88 39 219
88 43 743
88 44 340
88 46 752
88 47 813
88 52 528
88 54 197
88 57 87
88 59 892
88 61 661
88 62 3
88 63 736
88 69 353
88 71 895
88 72 686
88 73 567
88 75 50
88 79 389
88 81 591
88 82 918
88 83 950
88 84 852
88 85 228
88 86 140
88 87 564
89 91 112
89 92 545
89 98 72
89 99 765
89 0 657
89 2 415
89 3 292
89 4 818
89 7 800
89 9 106
89 10 130
89 11 148
89 15 135
89 16 792
89 20 634
89 23 604
89 25 251
89 26 866
89 27 659
89 28 539
89 29 207
89 30 260
89 31 966
89 33 696
89 34 263
89 36 833
89 37 791
89 39 697
89 40 816
89 41 445
89 43 556
89 44 902
89 46 359
89 47 503
89 49 535
89 55 463
89 56 369
89 57 207
89 61 334
89 62 11
89 63 806
89 66 636
89 68 876
89 70 392
89 71 650
89 73 194
89 74 289
89 78 575
89 79 838
89 80 855
89 83 844
89 86 209
89 87 620
90 91 987
90 92 818
90 94 534
90 95 732
90 97 353
90 98 932
90 99 621
90 0 135
90 1 438
90 2 431
90 3 382
90 4 836
90 5 379
90 6 296
90 11 309
90 12 206
90 14 491
90 15 82
90 18 681
90 19 126
90 20 292
90 21 403
90 24 988
90 25 716
90 27 835
90 28 567
90 29 910
90 30 777
90 31 879
90 32 136
90 33 776
90 34 168
90 37 898
90 38 73
90 39 998
90 40 518
90 42 911
90 43 996
90 44 957
90 51 145
90 56 486
90 58 517
90 59 901
90 61 2
90 62 65
90 64 446
90 67 70
90 68 750
90 69 821
90 70 282
90 73 547
90 74 791
90 78 863
90 80 136
90 81 829
90 82 538
90 83 15
90 88 244
91 92 306
91 94 826
91 95 856
91 96 609
91 97 349
91 0 483
91 3 333
91 4 113
91 7 128
91 9 906
91 11 85
91 12 174
91 13 128
91 14 555
91 15 75
91 17 216
91 18 970
91 19 526
91 26 803
91 28 503
91 29 700
91 32 352
91 35 247
91 36 729
91 38 432
91 42 55
91 44 616
91 45 206
91 47 599
91 49 594
91 54 253
91 57 346
91 60 325
91 61 49
91 62 561
91 63 251
91 65 270
91 66 226
91 67 840
91 68 599
91 69 543
91 72 954
91 74 986
91 75 386
91 76 757
91 78 259
91 79 676
91 80 799
91 82 67
91 84 472
91 85 730
91 86 51
91 87 645
91 89 785
91 90 596
92 93 800
92 94 535
92 95 192
92 96 647
92 97 220
92 99 447
92 2 652
92 3 825
92 5 796
92 6 184
92 7 895
92 9 538
92 10 478
92 13 881
92 14 324
92 15 927
92 16 814
92 18 118
92 20 729
92 21 259
92 22 715
92 25 705
92 26 75
92 27 694
92 29 239
92 31 755
92 32 340
92 33 221
92 34 877
92 37 65
92 38 559
92 39 340
92 43 785
92 44 518
92 47 356
92 48 498
92 49 75
92 52 644
92 54 839
92 55 977
92 56 642
92 57 43
92 59 308
92 60 164
92 62 478
92 65 204
92 66 582
92 67 658
92 68 350
92 70 852
92 71 970
92 72 39
92 73 595
92 76 745
92 77 151
92 78 191
92 79 271
92 84 107
92 85 528
92 86 967
92 89 71
92 90 70
92 91 383
93 95 754
93 97 654
93 98 195
93 99 818
93 1 466
93 2 739
93 3 463
93 5 678
93 7 136
93 8 230
93 10 64
93 11 580
93 12 648
93 13 411
93 14 169
93 15 75
93 20 843
93 22 331
93 27 145
93 28 16
93 29 569
93 30 331
93 38 934
93 40 668
93 41 476
93 42 976
93 43 654
93 45 365
93 47 202
93 49 28
93 50 862
93 53 887
93 54 913
93 55 980
93 56 327
93 57 18
93 59 869
93 60 481
93 61 72
93 63 169
93 64 281
93 66 105
93 68 607
93 69 818
93 72 599
93 73 759
93 74 981
93 76 553
93 78 432
93 79 423
93 80 4
93 81 989
93 83 313
93 84 349
93 86 85
93 87 382
93 89 144
93 91 965
93 92 638
94 95 797
94 96 737
94 97 338
94 98 470
94 1 909
94 2 37
94 3 365
94 4 952
94 6 402
94 9 500
94 12 516
94 15 20
94 17 318
94 18 205
94 21 595
94 22 569
94 23 564
94 24 497
94 25 470
94 26 773
94 28 426
94 29 201
94 30 961
94 32 589
94 33 429
94 35 135
94 36 66
94 40 365
94 41 984
94 42 104
94 48 606
94 49 594
94 50 229
94 51 705
94 53 0
94 54 525
94 55 343
94 57 533
94 58 329
94 60 621
94 61 268
94 62 152
94 63 912
94 64 345
94 66 575
94 69 521
94 70 964
94 72 496
94 74 787
94 76 799
94 78 720
94 80 575
94 82 659
94 83 851
94 84 286
94 85 746
94 90 403
95 98 221
95 0 79
95 1 257
95 2 406
95 3 606
95 9 909
95 11 844
95 13 174
95 14 288
95 15 371
95 16 835
95 18 940
95 19 279
95 20 110
95 21 92
95 23 780
95 24 48
95 26 848
95 29 113
95 31 109
95 32 637
95 33 155
95 34 680
95 36 704
95 37 661
95 38 588
95 40 796
95 41 609
95 44 210
95 45 450
95 46 503
95 49 572
95 50 226
95 51 352
95 52 720
95 53 76
95 55 172
95 56 711
95 57 965
95 59 652
95 60 620
95 61 554
95 63 49
95 67 364
95 68 740
95 69 175
95 70 136
95 71 729
95 72 108
95 73 742
95 74 366
95 76 776
95 78 919
95 82 600
95 83 811
95 84 791
95 85 946
95 86 583
95 89 71
95 90 371
95 91 569
95 94 211
96 99 629
96 1 687
96 3 292
96 4 654
96 6 343
96 7 859
96 9 390
96 11 604
96 12 766
96 16 576
96 17 728
96 18 600
96 19 535
96 20 291
96 21 584
96 22 989
96 23 530
96 24 820
96 26 42
96 28 957
96 29 802
96 30 979
96 32 785
96 34 997
96 35 131
96 36 907
96 37 169
96 38 276
96 39 939
96 40 555
96 41 378
96 42 719
96 46 591
96 49 959
96 50 955
96 52 739
96 53 676
96 54 765
96 56 359
96 57 171
96 60 227
96 61 349
96 63 830
96 65 381
96 68 162
96 69 870
96 72 31
96 73 295
96 74 171
96 75 342
96 78 535
96 79 382
96 81 693
96 82 563
96 83 374
96 86 258
96 87 696
96 88 16
96 89 615
96 90 764
96 91 115
96 93 437
96 94 855
97 98 445
97 1 893
97 5 77
97 6 717
97 8 87
97 10 350
97 12 916
97 14 45
97 17 859
97 18 590
97 19 79
97 20 862
97 21 573
97 22 420
97 23 115
97 24 823
97 25 224
97 26 727
97 27 447
97 28 414
97 29 863
97 31 458
97 32 46
97 40 842
97 43 1
97 44 886
97 45 539
97 48 648
97 50 147
97 52 18
97 53 16
97 54 330
97 55 815
97 56 164
97 57 193
97 58 201
97 60 111
97 63 143
97 64 659
97 65 385
97 66 452
97 69 270
97 70 436
97 71 197
97 74 321
97 75 10
97 76 725
97 78 277
97 79 98
97 80 986
97 81 497
97 82 327
97 84 878
97 85 689
97 86 724
97 87 803
97 89 864
97 90 292
97 91 275
97 92 81
97 96 199
98 99 130
98 1 508
98 2 300
98 4 644
98 5 523
98 6 110
98 7 257
98 12 567
98 13 636
98 17 752
98 18 416
98 19 374
98 20 207
98 21 494
98 22 67
98 28 654
98 30 104
98 32 379
98 35 748
98 37 271
98 38 451
98 39 772
98 40 211
98 41 71
98 42 215
98 43 18
98 45 441
98 46 749
98 47 433
98 48 958
98 50 537
98 52 363
98 55 431
98 56 514
98 57 141
98 59 208
98 60 498
98 62 999
98 64 224
98 65 614
98 66 45
98 67 675
98 69 205
98 71 489
98 72 532
98 73 71
98 74 19
98 75 474
98 76 645
98 78 968
98 79 845
98 80 999
98 81 328
98 83 339
98 85 498
98 86 940
98 88 795
98 89 615
98 90 621
98 91 373
98 92 948
98 93 740
98 94 159
98 97 822
99 0 802
99 1 450
99 2 300
99 4 317
99 10 74
99 11 528
99 12 710
99 13 540
99 14 572
99 15 560
99 16 883
99 17 71
99 19 860
99 21 502
99 23 876
99 24 378
99 25 677
99 27 326
99 29 312
99 35 868
99 36 492
99 37 964
99 38 491
99 40 102
99 42 675
99 45 586
99 47 201
99 48 451
99 49 123
99 50 544
99 54 88
99 55 965
99 56 711
99 57 495
99 58 503
99 59 830
99 60 243
99 62 892
99 63 115
99 64 759
99 65 61
99 67 239
99 68 612
99 69 435
99 72 560
99 73 50
99 74 951
99 75 502
99 76 827
99 79 591
99 82 325
99 83 124
99 84 588
99 85 41
99 89 790
99 91 891
99 92 735
