50 1465 0
0 3 371
0 4 532
0 6 978
0 8 190
0 9 756
0 10 303
0 14 557
0 15 740
0 16 800
0 17 877
0 18 345
0 19 27
0 20 696
0 21 173
0 22 970
0 25 358
0 28 291
0 30 360
0 31 494
0 32 676
0 35 710
0 37 588
0 38 140
0 39 420
0 41 579
0 44 603
0 45 903
0 46 605
0 48 385
0 1 972
0 2 678
0 12 2
0 33 26
1 2 111
1 5 73
1 7 270
1 8 955
1 10 416
1 14 791
1 16 7
1 18 69
1 22 217
1 27 25
1 30 99
1 32 48
1 33 301
1 34 683
1 36 244
1 39 62
1 41 574
1 42 982
1 47 899
1 48 481
1 49 463
1 0 97
1 3 702
1 17 774
2 4 551
2 5 772
2 6 538
2 8 726
2 9 684
2 10 805
2 11 516
2 12 618
2 13 390
2 21 547
2 22 987
2 24 556
2 27 940
2 28 475
2 31 842
2 33 209
2 34 446
2 36 932
2 37 753
2 38 411
2 39 585
2 40 389
2 41 755
2 43 269
2 46 427
2 49 805
2 0 250
2 1 611
3 4 99
3 6 192
3 7 860
3 8 206
3 10 6
3 12 137
3 13 125
3 14 877
3 17 432
3 20 175
3 21 500
3 23 261
3 25 380
3 26 131
3 29 674
3 30 597
3 31 270
3 32 148
3 33 382
3 34 309
3 37 357
3 38 705
3 39 138
3 41 406
3 45 805
3 47 509
3 48 523
3 49 592
3 0 663
3 1 484
3 11 165
4 6 356
4 7 515
4 9 139
4 10 982
4 11 940
4 19 814
4 21 970
4 22 947
4 24 98
4 25 374
4 26 383
4 27 390
4 30 990
4 31 83
4 32 161
4 33 926
4 34 712
4 35 988
4 36 541
4 37 775
4 39 173
4 40 773
4 41 38
4 42 547
4 44 144
4 45 772
4 46 980
4 1 702
4 2 594
4 3 79
4 5 154
4 14 371
4 23 419
5 7 493
5 8 873
5 9 922
5 15 8
5 17 829
5 19 646
5 20 802
5 22 977
5 23 706
5 24 244
5 25 857
5 27 436
5 28 650
5 29 467
5 31 642
5 32 138
5 33 844
5 35 280
5 36 719
5 38 647
5 39 115
5 41 92
5 43 733
5 44 180
5 45 922
5 47 903
5 48 748
5 49 258
5 2 267
5 3 74
5 4 169
6 7 720
6 8 877
6 10 219
6 12 504
6 13 933
6 14 775
6 15 206
6 16 443
6 17 514
6 19 11
6 22 840
6 23 86
6 24 69
6 25 783
6 28 215
6 29 939
6 31 946
6 32 423
6 33 942
6 34 165
6 35 552
6 37 104
6 39 463
6 46 513
6 47 504
6 48 501
6 49 586
6 0 538
6 3 748
6 4 593
6 5 806
6 21 113
7 10 918
7 11 239
7 12 716
7 13 824
7 14 128
7 15 325
7 17 619
7 21 565
7 22 629
7 23 183
7 26 2
7 27 696
7 28 982
7 29 812
7 30 918
7 31 156
7 33 322
7 35 801
7 36 526
7 40 975
7 41 276
7 42 2
7 44 950
7 45 584
7 47 487
7 1 38
7 6 392
7 20 609
8 9 977
8 10 389
8 11 970
8 12 196
8 13 321
8 15 1
8 16 504
8 17 688
8 18 667
8 21 762
8 23 78
8 25 387
8 26 57
8 27 708
8 29 9
8 32 453
8 33 310
8 35 521
8 36 947
8 38 262
8 39 633
8 40 1000
8 41 211
8 42 644
8 43 504
8 45 998
8 48 348
8 1 560
8 2 367
8 3 928
8 4 813
8 7 899
9 14 388
9 18 437
9 20 6
9 24 769
9 25 273
9 26 836
9 29 802
9 30 908
9 32 28
9 37 498
9 38 131
9 40 265
9 42 99
9 43 394
9 44 561
9 45 229
9 46 928
9 47 696
9 49 844
9 1 140
9 2 507
9 8 222
10 11 101
10 14 520
10 15 687
10 16 744
10 17 886
10 18 896
10 19 553
10 20 329
10 22 35
10 23 583
10 24 925
10 26 82
10 28 901
10 31 280
10 32 379
10 33 485
10 34 822
10 37 502
10 38 836
10 40 703
10 41 718
10 42 70
10 43 592
10 45 942
10 46 938
10 49 433
10 6 306
10 7 239
10 8 574
10 9 411
10 29 517
10 48 87
11 13 108
11 14 780
11 15 959
11 16 79
11 17 948
11 18 125
11 21 646
11 25 659
11 31 920
11 32 479
11 33 426
11 34 213
11 35 491
11 37 732
11 38 788
11 39 59
11 40 450
11 41 259
11 42 401
11 44 121
11 45 114
11 46 908
11 49 904
11 1 638
11 3 890
11 4 359
11 5 383
11 8 856
11 9 690
11 47 943
12 13 341
12 14 920
12 15 110
12 16 307
12 17 818
12 19 919
12 20 110
12 22 823
12 24 904
12 27 550
12 28 892
12 29 962
12 30 803
12 31 301
12 34 610
12 35 223
12 36 643
12 37 233
12 38 6
12 40 772
12 41 603
12 43 807
12 44 753
12 45 968
12 46 614
12 47 309
12 48 633
12 49 257
12 4 223
12 6 879
12 7 338
12 9 260
12 10 4
12 11 223
13 16 369
13 17 732
13 18 514
13 19 970
13 22 557
13 24 819
13 27 626
13 28 194
13 29 240
13 30 611
13 31 645
13 35 374
13 37 47
13 38 667
13 44 559
13 45 969
13 47 763
13 49 829
13 0 533
13 4 683
13 6 344
13 7 384
13 8 103
13 10 352
13 12 34
13 32 454
14 15 229
14 16 423
14 21 985
14 22 824
14 23 251
14 25 117
14 28 300
14 30 123
14 32 528
14 36 882
14 37 773
14 38 381
14 39 74
14 41 984
14 43 121
14 44 515
14 45 807
14 46 962
14 49 674
14 0 773
14 3 790
14 5 314
14 6 377
14 7 334
14 10 483
14 11 778
14 13 262
14 18 788
15 16 797
15 18 933
15 21 759
15 24 587
15 27 265
15 28 307
15 30 388
15 32 371
15 34 682
15 36 502
15 37 311
15 38 190
15 40 689
15 42 424
15 43 672
15 46 513
15 48 310
15 49 7
15 0 714
15 1 109
15 3 217
15 4 263
15 6 13
15 7 498
15 8 367
15 9 108
15 13 768
15 14 117
16 17 410
16 18 625
16 19 975
16 20 675
16 21 374
16 22 889
16 23 542
16 24 702
16 26 141
16 27 410
16 28 11
16 29 552
16 30 271
16 34 699
16 37 562
16 38 653
16 39 238
16 40 758
16 41 705
16 44 252
16 45 146
16 47 552
16 48 821
16 49 407
16 1 816
16 2 957
16 3 538
16 4 358
16 6 533
16 7 686
16 9 90
16 11 872
16 13 543
16 14 399
16 15 691
17 18 550
17 20 904
17 21 444
17 26 172
17 27 44
17 28 68
17 29 437
17 30 629
17 35 342
17 36 385
17 37 724
17 39 603
17 40 753
17 41 940
17 42 927
17 43 338
17 45 838
17 46 614
17 3 77
17 4 285
17 5 607
17 6 576
17 10 531
17 11 892
17 15 272
17 16 622
17 19 453
17 22 627
18 20 681
18 21 340
18 22 486
18 24 80
18 28 683
18 32 593
18 33 943
18 38 443
18 40 300
18 41 599
18 42 238
18 43 634
18 44 928
18 45 684
18 46 127
18 47 387
18 48 633
18 0 776
18 1 737
18 4 481
18 5 967
18 6 554
18 7 78
18 8 387
18 9 378
18 11 634
18 12 110
18 13 674
18 14 144
18 16 105
18 17 425
18 37 785
18 49 718
19 23 33
19 26 188
19 27 308
19 28 16
19 30 250
19 31 267
19 33 996
19 34 240
19 37 179
19 39 950
19 43 273
19 45 568
19 46 959
19 47 480
19 48 496
19 1 747
19 2 673
19 3 209
19 10 573
19 11 295
19 13 449
19 14 43
19 15 113
19 16 790
19 18 382
19 36 114
20 21 0
20 22 803
20 25 24
20 26 62
20 27 454
20 28 451
20 29 724
20 30 952
20 32 756
20 33 119
20 35 78
20 37 952
20 38 114
20 39 373
20 41 978
20 42 351
20 44 716
20 45 292
20 46 376
20 48 158
20 0 881
20 2 972
20 7 435
20 10 705
20 11 303
20 14 502
20 17 349
20 18 270
20 19 212
21 22 272
21 23 162
21 26 329
21 28 300
21 30 978
21 33 952
21 34 353
21 35 147
21 36 778
21 37 746
21 39 361
21 41 416
21 42 216
21 45 146
21 46 399
21 47 896
21 0 387
21 2 839
21 3 845
21 4 523
21 5 118
21 6 423
21 8 170
21 10 871
21 11 917
21 12 711
21 15 391
21 16 219
21 17 34
21 18 744
21 19 289
22 23 738
22 24 579
22 25 262
22 27 157
22 30 614
22 32 138
22 33 808
22 34 718
22 36 943
22 37 744
22 38 385
22 39 93
22 43 384
22 45 263
22 47 653
22 48 21
22 49 630
22 0 868
22 1 238
22 4 463
22 5 490
22 7 263
22 10 920
22 12 606
22 13 606
22 14 438
22 15 38
22 16 20
22 17 93
22 19 172
22 20 764
22 21 969
23 24 57
23 25 365
23 26 564
23 27 908
23 28 604
23 29 842
23 30 594
23 31 559
23 37 204
23 43 217
23 44 904
23 45 2
23 46 702
23 47 93
23 48 582
23 1 888
23 4 953
23 5 354
23 6 297
23 10 244
23 12 626
23 13 266
23 17 584
23 19 486
23 20 23
23 22 623
23 41 760
24 26 311
24 27 748
24 28 851
24 29 155
24 30 433
24 35 261
24 38 632
24 46 1000
24 49 241
24 1 522
24 3 123
24 4 759
24 6 631
24 8 150
24 9 859
24 10 658
24 12 909
24 13 649
24 14 27
24 15 4
24 16 633
24 17 852
24 18 559
24 19 411
24 20 401
24 21 597
24 22 739
24 23 776
25 26 10
25 28 636
25 30 130
25 31 62
25 33 557
25 34 608
25 35 969
25 36 971
25 37 988
25 38 438
25 39 295
25 40 946
25 41 195
25 42 399
25 44 796
25 45 598
25 48 729
25 49 762
25 0 864
25 1 471
25 2 947
25 4 378
25 6 688
25 8 306
25 10 480
25 11 892
25 15 267
25 16 140
25 18 251
25 19 628
25 21 951
25 22 773
25 24 757
26 28 263
26 29 985
26 30 467
26 31 885
26 32 665
26 35 626
26 36 461
26 38 453
26 39 177
26 40 451
26 41 52
26 42 280
26 44 746
26 46 358
26 47 362
26 48 257
26 49 976
26 0 529
26 1 638
26 2 178
26 3 178
26 4 594
26 5 737
26 6 641
26 10 297
26 11 601
26 12 460
26 14 204
26 15 367
26 16 139
26 17 52
26 21 682
26 22 541
26 23 50
26 25 464
27 28 278
27 29 935
27 30 396
27 31 933
27 33 353
27 36 305
27 37 964
27 40 702
27 41 54
27 43 738
27 45 843
27 48 744
27 0 554
27 1 731
27 5 648
27 6 269
27 7 252
27 9 203
27 10 973
27 11 371
27 12 16
27 13 312
27 15 980
27 16 894
27 18 28
27 19 409
27 22 716
27 24 331
27 25 687
27 26 407
27 34 676
28 31 931
28 33 497
28 34 821
28 36 200
28 38 432
28 42 448
28 45 112
28 0 908
28 1 397
28 4 848
28 6 972
28 8 344
28 9 288
28 10 647
28 11 561
28 12 549
28 13 580
28 17 113
28 26 313
28 27 142
29 32 571
29 33 949
29 34 490
29 35 865
29 37 208
29 38 167
29 42 721
29 43 991
29 48 859
29 1 745
29 2 740
29 3 237
29 5 379
29 7 64
29 10 23
29 11 230
29 12 822
29 14 319
29 16 750
29 17 981
29 18 596
29 20 976
29 22 914
29 23 458
29 25 334
29 28 310
30 31 886
30 32 780
30 33 758
30 34 345
30 36 827
30 37 94
30 39 469
30 42 905
30 43 180
30 44 995
30 46 187
30 49 161
30 0 85
30 1 859
30 2 878
30 4 518
30 5 990
30 6 539
30 7 527
30 12 951
30 13 18
30 14 821
30 15 763
30 16 52
30 17 412
30 19 153
30 20 685
30 21 771
30 22 842
30 24 626
30 26 39
30 28 379
30 29 577
31 32 392
31 33 950
31 37 586
31 38 228
31 41 129
31 43 513
31 46 765
31 47 404
31 49 886
31 0 189
31 5 748
31 6 100
31 7 910
31 8 530
31 9 656
31 13 458
31 15 715
31 17 962
31 19 47
31 20 760
31 22 900
31 25 806
31 28 658
31 29 423
31 30 512
32 36 565
32 37 899
32 40 539
32 41 112
32 43 675
32 44 380
32 45 265
32 46 483
32 47 17
32 48 674
32 49 152
32 0 942
32 1 968
32 3 678
32 7 868
32 8 970
32 9 553
32 10 747
32 11 650
32 14 752
32 16 867
32 18 410
32 19 767
32 25 503
32 26 72
32 28 87
32 29 968
32 31 794
33 36 820
33 37 771
33 39 291
33 41 62
33 43 390
33 45 47
33 46 106
33 49 391
33 0 739
33 1 377
33 2 727
33 3 946
33 4 276
33 7 635
33 9 690
33 10 307
33 15 4
33 19 422
33 20 300
33 21 316
33 22 196
33 23 624
33 25 297
33 26 144
33 27 725
33 31 931
34 35 17
34 37 785
34 38 288
34 39 434
34 40 613
34 41 991
34 42 884
34 44 996
34 45 742
34 48 195
34 49 386
34 0 929
34 1 533
34 2 503
34 4 731
34 5 363
34 6 541
34 7 781
34 12 256
34 14 846
34 17 63
34 18 139
34 21 62
34 22 403
34 25 979
34 28 678
34 29 330
34 30 166
34 33 943
35 37 880
35 39 2
35 40 302
35 42 291
35 43 148
35 44 63
35 45 339
35 46 771
35 47 414
35 49 229
35 0 842
35 1 832
35 2 613
35 5 410
35 6 192
35 7 45
35 8 348
35 9 692
35 12 71
35 14 234
35 15 680
35 22 47
35 23 158
35 27 723
35 30 112
35 31 799
35 32 983
35 33 253
35 34 78
36 38 3
36 39 578
36 41 326
36 43 790
36 44 497
36 49 742
36 0 255
36 3 86
36 4 452
36 5 472
36 6 808
36 7 424
36 8 518
36 10 897
36 11 601
36 13 478
36 14 678
36 16 782
36 18 516
36 19 14
36 20 216
36 21 196
36 22 225
36 23 559
36 24 88
36 25 285
36 28 864
36 30 123
36 31 203
36 34 890
36 35 351
37 39 866
37 40 63
37 43 27
37 44 848
37 45 514
37 46 327
37 47 723
37 48 128
37 49 550
37 2 666
37 4 228
37 6 69
37 9 776
37 10 814
37 13 813
37 16 640
37 19 280
37 20 946
37 21 934
37 23 209
37 26 943
37 27 406
37 28 21
37 29 854
37 30 486
37 31 358
37 32 182
37 33 239
37 34 534
37 35 379
37 36 300
38 39 307
38 43 248
38 44 456
38 47 867
38 49 652
38 1 377
38 4 778
38 7 556
38 10 481
38 11 958
38 12 833
38 14 705
38 15 59
38 16 141
38 17 792
38 19 107
38 20 641
38 21 500
38 24 46
38 26 776
38 27 786
38 28 292
38 29 453
38 30 326
38 31 242
38 34 474
38 35 610
38 36 273
38 37 151
39 42 587
39 45 541
39 47 13
39 48 235
39 1 735
39 2 697
39 3 469
39 8 390
39 12 26
39 13 25
39 14 48
39 18 721
39 20 745
39 22 178
39 23 842
39 24 176
39 25 55
39 27 390
39 30 917
39 32 980
39 33 922
39 35 317
39 36 752
39 38 539
40 45 510
40 47 483
40 48 110
40 49 601
40 0 954
40 2 301
40 3 971
40 4 475
40 5 948
40 6 792
40 7 698
40 10 693
40 11 173
40 14 772
40 15 110
40 16 989
40 19 289
40 21 600
40 22 416
40 24 503
40 25 241
40 26 596
40 28 42
40 29 759
40 31 720
40 32 481
40 33 535
40 34 445
40 36 141
40 38 760
40 39 389
41 43 476
41 44 260
41 45 816
41 46 654
41 48 879
41 0 451
41 2 886
41 3 866
41 7 746
41 10 758
41 11 45
41 15 212
41 16 799
41 18 536
41 22 177
41 23 302
41 24 267
41 25 569
41 28 787
41 29 507
41 30 441
41 33 250
41 36 911
41 37 809
41 38 979
41 40 255
42 45 180
42 47 223
42 49 282
42 2 466
42 3 250
42 5 124
42 6 284
42 8 473
42 13 887
42 14 771
42 16 680
42 18 145
42 20 799
42 22 674
42 23 871
42 27 293
42 28 553
42 30 296
42 31 76
42 32 265
42 33 571
42 35 720
42 36 217
42 40 769
42 41 298
43 45 351
43 46 424
43 48 953
43 1 101
43 2 429
43 6 381
43 7 448
43 10 101
43 11 247
43 12 664
43 14 253
43 16 239
43 18 541
43 19 678
43 20 975
43 24 335
43 25 956
43 26 334
43 27 410
43 29 690
43 30 594
43 31 646
43 32 506
43 34 503
43 35 769
43 36 491
43 37 784
43 42 873
44 47 890
44 48 928
44 0 752
44 1 775
44 3 610
44 5 878
44 6 428
44 7 82
44 8 412
44 9 156
44 11 752
44 12 955
44 13 597
44 14 65
44 16 133
44 18 769
44 19 190
44 20 75
44 21 966
44 22 445
44 23 401
44 25 810
44 26 576
44 30 912
44 31 298
44 32 30
44 33 801
44 36 385
44 39 735
44 42 270
44 43 75
45 46 52
45 47 770
45 48 147
45 2 575
45 3 675
45 7 949
45 10 5
45 12 280
45 13 85
45 15 258
45 17 855
45 18 919
45 19 808
45 20 657
45 21 824
45 22 379
45 23 306
45 24 900
45 25 446
45 26 768
45 27 245
45 28 830
45 29 615
45 31 108
45 35 878
45 36 821
45 37 751
45 38 737
45 39 748
45 43 78
46 47 615
46 48 129
46 1 103
46 2 622
46 3 706
46 5 896
46 6 653
46 7 115
46 8 803
46 10 126
46 12 579
46 15 315
46 18 32
46 21 557
46 22 759
46 23 933
46 24 680
46 25 659
46 26 22
46 27 960
46 30 202
46 31 426
46 32 680
46 34 85
46 36 362
46 37 437
46 38 678
46 39 989
46 40 622
46 41 599
46 45 800
47 48 724
47 49 535
47 0 5
47 1 712
47 2 264
47 3 702
47 6 286
47 7 553
47 8 452
47 9 450
47 10 768
47 12 796
47 14 934
47 15 654
47 16 551
47 17 177
47 18 921
47 20 659
47 21 976
47 22 507
47 23 203
47 25 997
47 27 474
47 29 416
47 30 674
47 31 796
47 32 976
47 33 32
47 34 657
47 37 184
47 38 44
47 40 16
47 42 856
47 43 817
47 44 159
47 45 583
47 46 785
48 49 138
48 0 163
48 1 716
48 2 977
48 3 491
48 6 619
48 7 113
48 9 924
48 10 851
48 11 923
48 13 336
48 15 542
48 20 771
48 21 67
48 24 978
48 27 91
48 28 418
48 29 961
48 30 830
48 32 757
48 34 327
48 35 839
48 36 451
48 37 160
48 38 743
48 39 40
48 42 916
48 44 949
48 46 821
48 47 268
49 2 335
49 5 454
49 6 6
49 7 410
49 8 658
49 9 601
49 11 627
49 13 56
49 15 596
49 19 271
49 20 810
49 21 142
49 22 465
49 24 917
49 28 749
49 29 332
49 30 853
49 32 24
49 35 119
49 36 189
49 38 39
49 42 188
49 43 92
49 45 655
49 48 181
