100 3111 0
0 3 54
0 12 639
0 15 674
0 16 930
0 17 954
0 18 537
0 22 167
0 24 728
0 34 365
0 38 406
0 45 127
0 46 558
0 58 869
0 59 237
0 61 932
0 66 891
0 84 755
0 87 29
0 92 124
0 99 512
0 1 121
0 2 76
0 7 44
0 8 245
0 11 769
1 4 906
1 7 257
1 9 61
1 15 856
1 16 671
1 17 501
1 19 100
1 20 407
1 22 573
1 26 841
1 29 522
1 30 745
1 41 829
1 56 37
1 61 152
1 66 765
1 67 158
1 70 715
1 73 991
1 74 270
1 76 428
1 78 618
1 82 639
1 86 275
1 87 92
1 90 995
1 91 115
1 92 226
1 95 588
1 98 950
1 99 507
1 5 93
1 53 488
2 3 19
2 5 91
2 7 767
2 9 666
2 10 704
2 11 934
2 15 398
2 18 940
2 20 899
2 21 294
2 28 625
2 30 269
2 35 179
2 38 753
2 39 708
2 41 763
2 49 90
2 54 409
2 55 539
2 58 794
2 63 98
2 71 438
2 75 403
2 77 302
2 93 82
2 94 948
2 98 44
2 27 361
3 4 480
3 8 13
3 17 79
3 19 20
3 22 490
3 24 248
3 25 361
3 27 918
3 28 302
3 34 66
3 35 412
3 36 952
3 37 845
3 51 988
3 56 867
3 57 635
3 60 654
3 69 218
3 73 714
3 76 570
3 80 218
3 81 750
3 91 890
3 97 217
3 98 694
3 99 949
3 6 349
3 10 29
3 14 854
3 15 648
3 75 490
4 5 700
4 14 476
4 17 250
4 21 700
4 29 282
4 30 149
4 34 450
4 35 655
4 38 225
4 39 82
4 40 949
4 42 166
4 47 746
4 48 382
4 53 676
4 57 652
4 61 47
4 73 384
4 74 187
4 75 469
4 76 564
4 78 878
4 80 225
4 85 556
4 93 49
4 94 330
4 95 23
4 96 423
4 98 134
4 12 111
4 16 619
5 6 294
5 11 531
5 15 703
5 17 85
5 18 901
5 24 202
5 25 45
5 26 752
5 27 32
5 30 788
5 34 152
5 42 886
5 43 530
5 47 639
5 48 229
5 49 619
5 55 872
5 59 304
5 63 773
5 64 715
5 68 691
5 81 135
5 83 795
5 87 873
5 90 276
5 93 570
5 95 519
5 99 209
5 2 538
5 3 646
5 31 699
6 10 231
6 15 3
6 18 228
6 19 245
6 22 199
6 26 439
6 29 869
6 32 507
6 37 182
6 38 771
6 44 813
6 50 236
6 54 129
6 55 272
6 61 931
6 65 946
6 66 842
6 67 865
6 82 894
6 85 445
6 88 318
6 91 0
6 92 875
6 93 914
6 94 337
6 98 184
6 99 87
6 1 566
6 2 564
6 5 504
6 9 243
6 13 391
6 23 679
6 39 213
6 46 150
6 69 396
7 13 246
7 15 335
7 18 913
7 23 487
7 32 757
7 34 457
7 41 736
7 47 104
7 49 96
7 50 724
7 51 862
7 54 69
7 64 911
7 67 429
7 68 548
7 70 244
7 71 862
7 73 952
7 81 862
7 82 22
7 83 997
7 88 517
7 92 508
7 95 147
7 96 876
7 99 932
7 1 95
7 17 469
7 52 361
8 13 495
8 17 74
8 22 52
8 25 508
8 29 517
8 38 332
8 47 302
8 49 155
8 50 819
8 51 162
8 52 743
8 54 725
8 59 585
8 62 411
8 63 175
8 68 266
8 69 119
8 84 949
8 88 62
8 91 844
8 95 823
8 96 946
8 5 448
8 6 892
8 21 956
8 56 635
9 14 196
9 19 383
9 22 186
9 26 920
9 32 931
9 33 682
9 35 925
9 37 172
9 43 825
9 48 570
9 49 896
9 51 212
9 53 299
9 60 51
9 67 194
9 68 991
9 69 762
9 71 486
9 75 878
9 76 554
9 78 610
9 84 325
9 87 984
9 88 398
9 90 459
9 93 647
9 95 51
9 96 539
9 0 603
9 2 823
9 4 411
9 6 630
9 7 747
9 64 374
10 12 977
10 16 137
10 19 780
10 22 169
10 27 593
10 30 114
10 31 162
10 36 602
10 43 428
10 46 449
10 50 639
10 56 331
10 58 852
10 59 924
10 61 296
10 62 440
10 64 973
10 77 48
10 79 569
10 81 28
10 85 998
10 99 781
10 1 157
10 9 919
11 14 712
11 17 853
11 19 768
11 23 158
11 29 599
11 35 629
11 43 48
11 46 202
11 47 777
11 48 777
11 50 840
11 55 105
11 56 598
11 59 222
11 61 250
11 63 736
11 67 86
11 68 662
11 71 821
11 73 43
11 74 182
11 77 543
11 82 928
11 87 310
11 91 742
11 94 368
11 96 678
11 98 272
11 0 946
11 2 672
11 6 633
11 10 242
11 24 310
11 88 554
12 16 134
12 20 289
12 25 87
12 29 630
12 32 999
12 39 400
12 41 540
12 43 73
12 45 852
12 46 114
12 47 253
12 48 711
12 50 147
12 52 416
12 53 562
12 55 832
12 63 373
12 67 706
12 69 5
12 75 434
12 77 557
12 85 461
12 89 669
12 93 168
12 98 190
12 99 218
12 0 923
12 4 397
12 6 866
12 7 382
12 19 236
12 60 931
13 19 81
13 26 217
13 33 214
13 34 724
13 35 800
13 40 359
13 43 210
13 46 883
13 47 318
13 51 326
13 53 862
13 60 847
13 63 382
13 70 91
13 73 84
13 80 585
13 85 99
13 91 475
13 92 214
13 97 351
13 99 729
13 0 700
13 1 404
13 2 421
13 3 474
13 5 307
13 9 810
13 10 656
13 20 644
14 15 349
14 16 946
14 20 244
14 22 526
14 23 776
14 29 937
14 33 476
14 37 937
14 38 749
14 39 837
14 41 166
14 48 116
14 52 768
14 53 364
14 54 139
14 55 347
14 57 533
14 58 580
14 59 548
14 64 294
14 65 119
14 69 689
14 70 447
14 72 147
14 75 196
14 84 513
14 87 658
14 89 75
14 93 666
14 97 126
14 99 143
14 6 552
14 10 958
14 86 696
15 21 117
15 22 435
15 29 366
15 30 423
15 37 917
15 38 741
15 41 785
15 46 829
15 47 487
15 48 189
15 54 926
15 56 480
15 63 645
15 65 894
15 67 168
15 68 211
15 71 833
15 74 970
15 75 712
15 78 212
15 80 478
15 82 198
15 86 194
15 95 331
15 96 276
15 0 954
15 1 63
15 5 676
16 18 158
16 20 116
16 23 169
16 26 782
16 27 409
16 29 22
16 30 524
16 32 611
16 34 514
16 38 888
16 41 533
16 43 937
16 46 308
16 52 582
16 55 184
16 67 609
16 70 230
16 77 817
16 80 185
16 81 395
16 82 275
16 83 335
16 84 646
16 87 487
16 89 699
16 91 542
16 93 98
16 1 702
16 7 291
16 11 104
16 12 836
16 68 953
17 20 700
17 21 429
17 23 525
17 24 109
17 39 370
17 41 233
17 46 994
17 49 78
17 51 3
17 52 892
17 61 778
17 64 997
17 65 720
17 71 801
17 73 628
17 76 553
17 77 358
17 81 4
17 84 134
17 85 696
17 87 681
17 92 341
17 5 123
17 6 558
17 12 39
17 25 87
17 50 239
18 20 66
18 24 888
18 27 407
18 30 430
18 33 100
18 34 164
18 35 302
18 43 197
18 44 446
18 46 765
18 47 474
18 49 857
18 51 978
18 52 465
18 63 817
18 66 401
18 71 232
18 73 847
18 78 495
18 79 515
18 80 855
18 81 337
18 83 666
18 88 311
18 90 941
18 92 529
18 8 712
18 10 811
18 12 296
18 14 322
18 16 433
18 37 112
19 20 732
19 25 107
19 31 174
19 36 783
19 39 675
19 40 74
19 44 405
19 52 321
19 54 772
19 57 206
19 59 304
19 61 294
19 63 396
19 66 261
19 68 190
19 69 343
19 72 74
19 79 896
19 81 134
19 83 73
19 84 475
19 85 464
19 88 683
19 96 488
19 98 55
19 2 662
19 5 955
19 7 947
19 9 27
19 12 573
19 28 601
20 22 708
20 29 213
20 30 373
20 32 400
20 35 558
20 40 25
20 43 555
20 50 816
20 53 649
20 54 23
20 58 649
20 60 830
20 64 755
20 66 335
20 68 862
20 69 648
20 70 855
20 75 673
20 76 845
20 81 24
20 83 549
20 85 532
20 88 407
20 91 764
20 93 680
20 97 197
20 0 0
20 2 42
20 4 122
20 8 271
20 9 229
20 11 334
20 12 590
20 13 911
20 17 10
21 25 451
21 32 464
21 33 929
21 35 876
21 37 327
21 38 603
21 42 25
21 46 452
21 50 608
21 53 154
21 54 466
21 55 604
21 56 490
21 57 347
21 58 489
21 60 55
21 65 158
21 66 736
21 67 359
21 69 937
21 71 941
21 73 187
21 75 380
21 78 895
21 79 566
21 82 253
21 85 378
21 88 937
21 90 219
21 91 567
21 2 524
21 6 708
21 13 432
21 14 472
21 20 747
21 36 931
22 23 649
22 25 396
22 29 503
22 31 756
22 33 927
22 35 79
22 38 592
22 39 275
22 43 249
22 49 779
22 52 50
22 53 790
22 59 601
22 60 599
22 62 827
22 73 464
22 76 559
22 82 916
22 86 446
22 90 532
22 93 427
22 99 512
22 5 330
22 7 867
22 8 486
22 9 247
22 13 511
22 14 610
22 20 817
22 21 550
22 66 689
22 79 236
23 30 732
23 33 894
23 35 893
23 39 415
23 40 509
23 45 653
23 47 752
23 58 199
23 59 184
23 68 372
23 72 734
23 73 97
23 75 830
23 83 438
23 84 777
23 85 61
23 86 612
23 88 252
23 89 696
23 90 938
23 91 193
23 96 171
23 97 237
23 1 890
23 2 890
23 6 243
23 9 958
23 11 474
23 12 285
23 17 473
23 21 267
24 29 419
24 32 342
24 34 878
24 38 57
24 41 155
24 44 780
24 50 798
24 53 959
24 57 168
24 59 593
24 61 578
24 63 278
24 64 399
24 66 324
24 67 627
24 68 67
24 73 835
24 75 851
24 82 155
24 86 234
24 88 839
24 89 962
24 91 990
24 92 209
24 94 646
24 95 713
24 98 181
24 0 338
24 1 155
24 7 740
24 10 182
24 13 928
24 14 775
24 19 249
24 20 647
24 22 927
25 26 443
25 29 821
25 35 29
25 37 849
25 40 805
25 43 522
25 48 311
25 49 798
25 52 570
25 57 954
25 58 668
25 65 355
25 67 87
25 70 564
25 72 263
25 81 245
25 86 568
25 93 305
25 97 798
25 99 325
25 0 77
25 2 368
25 4 473
25 5 770
25 11 661
25 12 815
25 17 848
25 18 351
25 20 130
25 22 57
25 23 413
25 74 259
26 27 782
26 30 55
26 32 130
26 33 257
26 35 795
26 40 808
26 41 240
26 44 607
26 49 498
26 50 302
26 53 390
26 60 786
26 62 816
26 63 194
26 65 308
26 67 483
26 68 362
26 78 533
26 83 556
26 85 634
26 88 264
26 92 980
26 93 816
26 94 212
26 97 455
26 98 989
26 0 465
26 3 10
26 4 776
26 12 60
26 13 272
26 16 85
26 38 86
26 51 17
26 71 125
27 30 221
27 31 932
27 32 651
27 37 657
27 44 776
27 48 117
27 49 636
27 50 729
27 52 954
27 53 979
27 64 499
27 65 797
27 73 683
27 74 504
27 75 205
27 78 706
27 79 944
27 81 798
27 82 997
27 83 390
27 84 18
27 91 819
27 92 925
27 94 468
27 96 200
27 4 227
27 5 817
27 6 224
27 10 889
27 11 934
27 20 221
28 29 461
28 32 748
28 36 70
28 38 866
28 41 359
28 43 293
28 45 570
28 46 610
28 57 9
28 58 614
28 61 604
28 67 601
28 68 249
28 70 812
28 71 497
28 75 474
28 80 564
28 82 478
28 83 146
28 84 707
28 86 558
28 87 153
28 88 931
28 90 286
28 4 480
28 8 400
28 13 171
28 16 807
28 20 933
28 21 392
28 22 463
28 25 836
28 26 358
28 27 763
28 42 451
29 31 172
29 35 371
29 36 683
29 37 349
29 38 775
29 39 209
29 42 906
29 46 887
29 48 359
29 49 584
29 54 513
29 55 986
29 59 426
29 62 4
29 63 431
29 64 471
29 68 655
29 73 835
29 74 458
29 78 681
29 87 728
29 88 444
29 89 601
29 94 788
29 98 135
29 4 144
29 5 390
29 6 324
29 9 727
29 11 853
29 12 137
29 13 588
29 14 845
29 15 883
29 24 306
29 25 622
30 33 375
30 34 759
30 35 72
30 37 267
30 45 304
30 51 813
30 52 220
30 53 837
30 58 790
30 60 480
30 62 405
30 63 942
30 67 683
30 73 665
30 74 536
30 82 226
30 84 802
30 86 54
30 91 574
30 93 940
30 94 631
30 96 886
30 97 441
30 99 593
30 0 2
30 1 496
30 4 585
30 6 858
30 7 937
30 9 593
30 15 326
30 20 862
30 21 27
30 29 246
30 57 276
31 32 995
31 34 384
31 35 100
31 36 930
31 45 825
31 47 210
31 49 251
31 52 567
31 54 833
31 55 364
31 58 629
31 60 672
31 66 266
31 68 921
31 74 74
31 76 542
31 78 653
31 82 866
31 84 463
31 85 465
31 92 706
31 94 303
31 98 806
31 2 650
31 5 924
31 8 43
31 10 521
31 12 153
31 14 684
31 15 261
31 24 860
31 27 73
31 29 464
32 34 656
32 35 956
32 39 164
32 44 222
32 49 1000
32 52 160
32 53 152
32 56 309
32 57 554
32 64 9
32 69 746
32 79 240
32 80 856
32 85 651
32 89 898
32 91 27
32 97 362
32 99 252
32 1 68
32 2 107
32 8 971
32 13 383
32 15 582
32 16 433
32 18 586
32 20 480
32 24 639
32 26 993
32 30 574
32 83 500
33 35 353
33 36 59
33 37 808
33 39 262
33 40 97
33 43 613
33 45 562
33 48 604
33 50 456
33 51 914
33 57 444
33 58 712
33 59 372
33 60 631
33 61 496
33 67 363
33 75 618
33 85 468
33 91 147
33 95 373
33 97 812
33 98 111
33 2 889
33 11 766
33 13 970
33 14 664
33 19 127
33 21 466
33 30 979
33 34 731
33 94 503
34 35 269
34 40 876
34 45 296
34 48 77
34 49 35
34 52 221
34 58 583
34 60 306
34 61 358
34 68 779
34 71 979
34 76 716
34 77 924
34 81 429
34 85 847
34 87 963
34 89 877
34 91 588
34 93 195
34 97 454
34 0 262
34 4 324
34 7 99
34 19 213
34 27 937
34 30 16
34 54 197
34 82 556
35 37 528
35 39 476
35 40 271
35 41 828
35 46 595
35 47 212
35 48 724
35 49 118
35 57 392
35 61 281
35 62 464
35 64 550
35 66 410
35 67 909
35 74 991
35 75 574
35 78 227
35 80 490
35 82 587
35 84 157
35 89 922
35 90 315
35 95 254
35 97 164
35 99 713
35 0 243
35 3 368
35 10 489
35 18 804
35 19 905
35 20 636
35 21 90
35 22 115
35 26 294
35 27 655
35 28 715
35 30 729
35 32 203
36 38 963
36 39 915
36 40 208
36 43 887
36 45 510
36 46 417
36 51 502
36 53 478
36 58 104
36 59 171
36 60 505
36 62 583
36 71 896
36 72 528
36 81 514
36 87 584
36 88 863
36 90 948
36 92 240
36 96 950
36 1 605
36 2 148
36 3 296
36 5 925
36 8 372
36 9 395
36 12 314
36 16 105
36 20 847
36 21 735
36 22 794
36 26 261
36 28 566
36 30 359
36 41 870
36 44 752
36 89 12
37 40 649
37 43 382
37 47 857
37 57 613
37 58 21
37 60 776
37 73 908
37 74 732
37 75 803
37 78 457
37 86 90
37 87 66
37 88 494
37 89 314
37 97 384
37 1 137
37 2 695
37 3 838
37 6 823
37 20 791
37 22 193
37 24 837
37 27 809
37 30 527
37 31 695
37 33 357
37 34 670
37 36 336
38 39 883
38 41 667
38 45 437
38 46 200
38 48 698
38 50 663
38 51 686
38 54 652
38 57 521
38 58 197
38 59 122
38 60 556
38 63 179
38 73 50
38 79 121
38 83 297
38 86 862
38 89 578
38 91 815
38 92 364
38 96 878
38 1 214
38 8 877
38 10 675
38 12 905
38 17 839
38 18 298
38 21 494
38 22 852
38 23 462
38 25 740
38 26 21
38 28 960
38 32 987
38 80 548
39 43 766
39 45 300
39 51 86
39 52 2
39 54 76
39 58 607
39 63 64
39 64 221
39 65 154
39 66 928
39 68 926
39 69 605
39 70 230
39 71 687
39 75 343
39 80 238
39 87 717
39 1 198
39 3 418
39 7 805
39 10 578
39 14 309
39 18 432
39 19 98
39 21 206
39 23 38
39 25 127
39 27 984
39 30 37
39 31 797
39 34 100
39 37 258
39 76 421
39 78 962
40 44 472
40 48 317
40 50 613
40 53 465
40 59 969
40 61 421
40 72 13
40 75 339
40 79 144
40 81 492
40 90 640
40 92 944
40 94 144
40 95 883
40 96 510
40 98 927
40 4 510
40 5 376
40 6 104
40 8 494
40 10 160
40 11 501
40 18 773
40 19 934
40 22 675
40 25 343
40 29 719
40 32 606
40 33 385
40 39 319
40 63 415
40 99 488
41 43 798
41 45 788
41 46 701
41 47 205
41 49 408
41 52 605
41 59 323
41 64 509
41 65 478
41 73 31
41 80 301
41 84 340
41 85 246
41 86 758
41 87 534
41 91 829
41 99 939
41 3 251
41 12 536
41 16 182
41 22 864
41 25 968
41 28 263
41 32 697
41 38 219
41 39 199
42 47 703
42 48 111
42 49 485
42 52 645
42 55 134
42 57 77
42 62 868
42 64 767
42 72 79
42 73 193
42 76 173
42 77 478
42 84 398
42 85 591
42 90 986
42 91 177
42 95 136
42 96 299
42 4 530
42 10 512
42 11 436
42 13 759
42 18 827
42 19 278
42 28 593
42 33 735
42 36 713
42 38 705
42 41 972
43 47 617
43 49 460
43 57 445
43 67 378
43 77 44
43 78 458
43 86 665
43 88 60
43 94 49
43 96 953
43 1 761
43 2 557
43 6 338
43 12 415
43 13 150
43 14 36
43 19 119
43 24 882
43 29 284
43 30 549
43 33 562
43 34 668
43 35 414
43 37 485
43 38 190
43 41 594
43 42 852
44 45 738
44 46 440
44 49 501
44 54 830
44 55 342
44 56 119
44 57 927
44 69 942
44 78 992
44 79 489
44 85 681
44 92 844
44 94 759
44 95 276
44 98 942
44 99 806
44 2 891
44 3 589
44 4 143
44 6 714
44 12 486
44 15 822
44 19 314
44 24 696
44 25 629
44 32 55
44 34 33
44 38 309
44 39 424
44 40 944
45 47 619
45 53 637
45 55 466
45 56 86
45 72 824
45 73 48
45 76 946
45 80 686
45 89 297
45 92 121
45 96 80
45 9 597
45 10 608
45 12 401
45 13 586
45 16 712
45 17 941
45 18 963
45 20 540
45 23 733
45 26 964
45 27 443
45 32 206
45 33 523
45 36 547
45 37 506
45 38 859
45 39 90
45 40 831
45 41 253
46 47 710
46 55 582
46 57 958
46 58 444
46 59 89
46 61 220
46 63 666
46 67 506
46 68 826
46 69 181
46 70 897
46 71 221
46 76 669
46 79 59
46 80 549
46 81 510
46 83 144
46 91 893
46 92 833
46 2 213
46 3 286
46 6 322
46 7 989
46 9 833
46 16 715
46 17 872
46 21 244
46 33 595
46 34 430
46 35 718
46 37 178
46 40 786
46 41 36
46 43 690
47 50 732
47 60 417
47 67 820
47 74 43
47 75 824
47 76 953
47 78 131
47 90 725
47 97 743
47 0 984
47 1 222
47 2 587
47 3 565
47 4 349
47 11 884
47 14 521
47 20 818
47 21 835
47 22 714
47 24 379
47 26 669
47 30 863
47 32 174
47 34 610
47 35 818
47 37 22
47 38 3
47 40 376
47 42 647
47 44 131
47 45 729
47 70 384
47 84 942
48 49 48
48 51 322
48 55 441
48 62 212
48 66 290
48 70 785
48 73 653
48 74 145
48 79 334
48 80 506
48 86 875
48 87 646
48 88 763
48 6 487
48 7 305
48 8 465
48 11 202
48 23 336
48 24 409
48 27 619
48 28 870
48 29 468
48 33 2
48 36 950
48 44 532
49 52 479
49 59 795
49 60 571
49 61 484
49 62 641
49 63 615
49 69 915
49 72 472
49 74 204
49 76 251
49 77 594
49 78 375
49 82 990
49 85 201
49 90 614
49 91 198
49 94 368
49 96 804
49 3 570
49 7 899
49 9 196
49 10 783
49 12 128
49 15 641
49 27 485
49 33 482
49 34 173
49 43 878
49 47 768
50 52 631
50 53 27
50 55 779
50 59 643
50 66 218
50 67 488
50 70 764
50 73 551
50 74 228
50 75 108
50 78 534
50 81 754
50 82 13
50 85 665
50 88 715
50 94 890
50 1 436
50 5 186
50 13 649
50 18 689
50 20 851
50 21 303
50 24 644
50 31 995
50 32 892
50 34 704
50 35 619
50 37 61
50 38 25
50 42 549
50 45 234
51 53 43
51 60 106
51 61 740
51 65 418
51 70 273
51 74 262
51 83 769
51 84 553
51 85 838
51 89 170
51 90 278
51 95 29
51 99 726
51 0 887
51 3 774
51 5 108
51 6 170
51 7 763
51 10 315
51 16 121
51 18 153
51 19 804
51 25 698
51 33 846
51 34 596
51 35 658
51 38 279
51 40 721
51 43 847
51 44 630
51 48 465
52 60 835
52 65 940
52 69 826
52 74 62
52 76 111
52 78 359
52 81 535
52 83 208
52 89 661
52 90 484
52 92 221
52 93 738
52 94 580
52 6 6
52 7 27
52 10 142
52 11 312
52 13 662
52 15 702
52 16 634
52 20 358
52 26 797
52 30 1000
52 33 9
52 34 369
52 37 437
52 40 311
52 42 255
52 44 109
52 47 803
52 49 884
53 54 505
53 57 622
53 58 199
53 63 234
53 64 439
53 67 932
53 73 207
53 74 247
53 76 354
53 77 38
53 80 135
53 83 915
53 90 428
53 91 574
53 96 928
53 0 149
53 9 282
53 11 452
53 12 394
53 17 519
53 19 802
53 20 921
53 25 326
53 31 33
53 42 573
53 45 682
53 49 696
53 52 384
53 97 297
54 55 888
54 56 816
54 59 162
54 61 363
54 62 451
54 69 767
54 70 813
54 73 146
54 76 260
54 78 698
54 79 245
54 82 33
54 87 292
54 90 256
54 91 944
54 99 402
54 0 207
54 2 532
54 3 555
54 12 238
54 13 246
54 19 923
54 22 598
54 31 204
54 33 289
54 34 114
54 38 512
54 43 287
54 49 708
54 52 525
55 56 520
55 65 395
55 67 243
55 74 212
55 75 120
55 76 955
55 78 323
55 81 62
55 86 860
55 90 857
55 92 0
55 98 729
55 99 728
55 0 33
55 3 189
55 5 730
55 6 200
55 8 643
55 9 766
55 14 839
55 26 661
55 28 443
55 32 84
55 36 345
55 38 0
55 43 316
55 45 126
56 58 929
56 60 317
56 61 325
56 63 237
56 64 292
56 66 528
56 75 242
56 76 359
56 78 796
56 80 922
56 82 772
56 83 160
56 84 735
56 85 972
56 86 449
56 89 48
56 90 702
56 97 146
56 0 142
56 1 42
56 3 840
56 4 968
56 5 593
56 9 717
56 14 473
56 18 916
56 29 615
56 30 62
56 31 61
56 34 466
56 35 28
56 44 588
56 46 748
56 53 18
56 54 611
57 59 515
57 61 313
57 65 232
57 69 363
57 73 708
57 77 805
57 79 663
57 87 24
57 89 403
57 91 548
57 95 321
57 97 111
57 1 90
57 5 105
57 6 644
57 10 208
57 14 99
57 15 163
57 17 643
57 18 751
57 19 918
57 23 708
57 25 92
57 28 769
57 29 912
57 33 603
57 36 581
57 40 215
57 48 657
57 49 417
58 59 997
58 67 752
58 70 241
58 74 856
58 76 525
58 79 736
58 82 915
58 85 263
58 88 895
58 92 464
58 96 310
58 5 294
58 8 169
58 10 21
58 11 810
58 17 359
58 19 56
58 23 635
58 24 807
58 25 440
58 26 950
58 27 323
58 29 504
58 32 765
58 34 415
58 35 847
58 47 243
58 54 232
58 55 489
58 56 837
58 81 336
59 61 147
59 63 494
59 64 278
59 65 688
59 66 505
59 69 571
59 71 996
59 72 48
59 75 235
59 91 236
59 92 900
59 98 935
59 2 266
59 8 368
59 10 664
59 13 161
59 17 791
59 19 931
59 21 815
59 22 209
59 24 791
59 29 670
59 30 927
59 31 122
59 35 825
59 40 437
59 41 547
59 44 811
59 45 361
59 48 789
59 51 330
59 57 116
60 61 590
60 65 757
60 67 648
60 68 330
60 69 728
60 70 543
60 71 717
60 72 150
60 73 465
60 76 250
60 77 809
60 78 99
60 79 133
60 82 937
60 83 557
60 85 10
60 86 809
60 88 775
60 91 372
60 92 232
60 94 810
60 5 170
60 7 63
60 9 657
60 15 524
60 22 201
60 27 338
60 28 815
60 29 656
60 31 60
60 35 258
60 36 327
60 39 999
60 40 897
60 43 947
60 44 131
60 46 775
60 48 841
60 50 717
60 51 110
60 56 675
60 58 181
61 64 339
61 65 520
61 66 426
61 69 245
61 72 230
61 74 973
61 75 844
61 78 356
61 80 949
61 81 509
61 82 953
61 85 676
61 91 898
61 93 600
61 95 807
61 98 667
61 0 151
61 2 680
61 3 366
61 5 349
61 10 686
61 11 671
61 13 443
61 15 218
61 18 782
61 21 649
61 22 510
61 23 562
61 24 232
61 25 901
61 28 696
61 31 302
61 35 757
61 40 436
61 41 355
61 43 102
61 44 49
61 45 712
61 50 780
61 51 763
61 52 500
61 57 812
61 59 461
62 65 192
62 67 177
62 69 558
62 71 928
62 72 64
62 73 605
62 77 884
62 80 940
62 81 631
62 88 305
62 94 765
62 99 827
62 0 178
62 1 833
62 4 189
62 9 186
62 10 111
62 12 483
62 14 500
62 15 84
62 16 783
62 19 870
62 24 930
62 28 81
62 31 215
62 34 576
62 39 52
62 41 155
62 44 570
62 48 774
62 51 818
62 54 220
63 65 613
63 67 327
63 69 545
63 74 165
63 75 836
63 77 801
63 79 960
63 85 837
63 89 476
63 92 864
63 93 82
63 94 663
63 97 173
63 98 67
63 0 327
63 1 941
63 3 205
63 6 471
63 13 432
63 16 201
63 20 855
63 23 256
63 25 854
63 27 837
63 28 265
63 33 527
63 36 332
63 37 591
63 49 198
63 55 358
63 56 222
63 58 820
64 65 208
64 67 32
64 70 839
64 75 271
64 86 406
64 88 804
64 90 92
64 91 879
64 92 455
64 97 531
64 98 863
64 3 970
64 5 864
64 6 930
64 10 567
64 11 607
64 14 851
64 20 41
64 22 904
64 23 796
64 24 215
64 28 971
64 31 794
64 38 99
64 39 711
64 44 759
64 48 35
64 51 336
64 54 848
64 56 549
64 61 525
64 62 463
65 66 596
65 71 186
65 73 911
65 77 961
65 80 586
65 82 773
65 88 724
65 89 170
65 95 941
65 99 187
65 1 442
65 10 554
65 12 515
65 21 932
65 22 452
65 27 43
65 36 179
65 45 898
65 47 221
65 50 946
65 51 299
65 52 379
65 53 150
65 59 595
65 60 991
65 72 923
66 76 916
66 77 708
66 78 91
66 87 444
66 95 656
66 0 74
66 1 624
66 4 922
66 5 719
66 6 468
66 19 83
66 24 593
66 25 375
66 26 435
66 29 619
66 31 267
66 32 740
66 33 281
66 45 603
66 49 510
66 50 542
66 57 104
66 60 447
66 61 160
66 62 701
67 70 943
67 71 609
67 72 389
67 75 931
67 88 90
67 6 756
67 11 424
67 12 183
67 14 170
67 18 869
67 20 216
67 29 453
67 30 546
67 31 753
67 34 708
67 36 283
67 38 3
67 40 205
67 42 76
67 44 678
67 46 74
67 48 890
67 49 60
67 52 237
67 55 331
67 62 930
67 63 267
67 65 880
67 98 414
68 69 911
68 70 774
68 74 309
68 75 387
68 84 566
68 85 695
68 86 471
68 90 604
68 95 735
68 98 405
68 1 791
68 2 929
68 3 799
68 5 91
68 6 585
68 12 353
68 13 187
68 14 297
68 17 961
68 18 230
68 19 656
68 24 842
68 32 471
68 34 100
68 35 774
68 36 753
68 42 983
68 45 944
68 48 471
68 51 309
68 53 5
68 54 90
68 61 188
68 65 358
68 66 486
68 67 721
69 71 46
69 76 570
69 79 856
69 84 516
69 89 677
69 3 507
69 10 159
69 14 936
69 25 527
69 28 839
69 32 663
69 39 604
69 40 417
69 42 14
69 44 206
69 45 950
69 47 438
69 54 461
69 55 22
69 59 801
69 63 59
69 66 431
69 68 105
70 79 272
70 82 998
70 86 971
70 96 799
70 99 202
70 1 227
70 14 694
70 17 583
70 23 289
70 24 276
70 25 424
70 27 591
70 37 324
70 38 853
70 41 950
70 42 535
70 43 172
70 46 121
70 48 887
70 49 224
70 50 692
70 51 783
70 52 50
70 54 188
70 57 230
70 59 231
70 60 243
70 65 979
71 77 729
71 79 516
71 84 320
71 86 954
71 88 798
71 91 277
71 93 138
71 94 449
71 95 724
71 98 539
71 0 288
71 1 446
71 8 118
71 13 911
71 14 265
71 17 654
71 26 162
71 34 661
71 37 151
71 39 639
71 42 287
71 43 432
71 46 259
71 49 347
71 52 491
71 55 40
71 57 421
71 59 506
71 60 515
71 63 511
71 66 231
71 69 23
71 70 740
72 80 722
72 92 264
72 96 899
72 97 894
72 99 420
72 0 428
72 3 27
72 6 674
72 10 830
72 12 233
72 17 88
72 20 495
72 24 263
72 26 543
72 28 509
72 32 646
72 33 730
72 36 748
72 37 451
72 38 948
72 39 166
72 41 598
72 42 772
72 44 104
72 48 0
72 50 268
72 58 537
72 59 644
72 63 552
72 66 988
72 69 233
72 70 304
72 71 72
73 76 388
73 81 683
73 82 675
73 84 317
73 85 772
73 87 904
73 92 789
73 93 93
73 97 40
73 98 843
73 1 707
73 3 75
73 8 151
73 15 711
73 21 445
73 23 488
73 24 721
73 29 437
73 35 241
73 36 917
73 41 347
73 43 731
73 45 302
73 46 65
73 48 15
73 50 391
73 52 721
73 54 66
73 55 308
73 67 334
73 72 360
73 96 8
74 75 169
74 77 62
74 82 354
74 92 794
74 96 997
74 0 965
74 1 155
74 3 275
74 10 698
74 11 978
74 14 500
74 25 807
74 29 776
74 30 361
74 32 921
74 35 158
74 36 507
74 46 668
74 62 5
74 64 965
74 65 217
74 67 497
74 68 622
74 70 250
74 95 823
75 79 51
75 86 28
75 87 463
75 89 66
75 90 703
75 91 545
75 96 352
75 98 972
75 99 917
75 1 695
75 2 474
75 8 944
75 13 56
75 19 805
75 26 673
75 28 711
75 32 426
75 33 49
75 37 824
75 41 91
75 48 372
75 53 796
75 56 807
75 60 846
75 63 858
75 65 742
75 68 109
75 69 755
75 70 749
75 71 188
76 77 139
76 79 945
76 80 344
76 88 331
76 92 247
76 93 34
76 94 823
76 0 85
76 1 293
76 4 311
76 6 37
76 10 254
76 12 517
76 17 182
76 23 901
76 29 823
76 30 767
76 31 489
76 33 995
76 34 288
76 45 457
76 47 948
76 51 87
76 53 86
76 57 982
76 58 174
76 68 165
76 70 482
76 71 927
77 78 22
77 80 357
77 81 298
77 83 579
77 87 303
77 96 546
77 97 680
77 2 656
77 4 277
77 6 982
77 10 512
77 19 561
77 20 348
77 27 340
77 30 615
77 31 840
77 32 734
77 34 207
77 40 787
77 42 439
77 44 198
77 50 156
77 56 7
77 58 406
77 62 790
77 67 236
78 83 400
78 86 438
78 90 32
78 91 135
78 96 505
78 97 347
78 99 800
78 7 928
78 9 219
78 17 996
78 21 843
78 22 757
78 23 357
78 26 1
78 29 717
78 36 921
78 37 400
78 38 633
78 41 491
78 42 495
78 43 235
78 47 199
78 49 487
78 53 398
78 54 933
78 56 696
78 62 535
78 63 1000
78 66 576
78 69 156
78 70 358
78 72 188
78 75 348
78 76 889
78 92 635
79 80 678
79 81 455
79 85 244
79 88 566
79 92 358
79 93 579
79 94 892
79 3 535
79 5 731
79 6 129
79 10 26
79 15 228
79 21 234
79 25 678
79 35 37
79 38 223
79 41 194
79 44 626
79 46 906
79 60 133
79 69 105
79 72 953
79 74 405
80 83 78
80 85 636
80 87 849
80 89 482
80 92 902
80 98 833
80 2 165
80 6 489
80 11 740
80 12 341
80 13 369
80 14 182
80 18 108
80 21 591
80 24 498
80 25 167
80 32 845
80 34 465
80 35 930
80 36 90
80 38 3
80 40 814
80 42 538
80 43 936
80 45 430
80 46 759
80 49 622
80 50 516
80 53 618
80 60 116
80 63 777
80 69 778
80 72 613
80 76 615
81 83 699
81 86 239
81 87 745
81 93 934
81 96 684
81 97 518
81 98 332
81 99 51
81 3 970
81 9 749
81 12 144
81 14 707
81 17 451
81 20 983
81 23 337
81 26 298
81 29 642
81 31 256
81 34 848
81 41 468
81 44 976
81 48 78
81 50 406
81 51 149
81 53 593
81 55 441
81 56 345
81 57 251
81 58 783
81 60 28
81 66 750
81 70 802
81 71 257
82 84 680
82 85 978
82 87 847
82 92 304
82 96 750
82 98 151
82 6 291
82 9 493
82 10 25
82 17 694
82 19 843
82 28 296
82 29 590
82 30 17
82 32 819
82 39 366
82 42 6
82 43 556
82 45 875
82 47 373
82 51 201
82 54 512
82 60 809
82 62 167
82 63 555
82 68 666
82 80 959
82 81 616
83 84 547
83 90 440
83 92 499
83 96 616
83 2 663
83 5 323
83 9 301
83 11 239
83 12 226
83 15 779
83 18 145
83 24 329
83 27 981
83 30 852
83 31 870
83 34 35
83 40 168
83 42 775
83 54 810
83 58 728
83 59 188
83 60 740
83 68 107
83 69 221
83 70 245
83 73 272
83 74 460
83 76 208
83 80 190
83 81 658
84 86 272
84 87 839
84 90 712
84 91 528
84 95 839
84 97 455
84 99 710
84 1 466
84 2 251
84 3 177
84 4 389
84 7 432
84 8 468
84 10 32
84 13 679
84 15 58
84 16 262
84 19 150
84 20 650
84 22 846
84 23 221
84 25 790
84 27 924
84 29 197
84 37 877
84 42 404
84 44 761
84 47 200
84 48 24
84 55 737
84 57 165
84 59 777
84 65 787
84 66 525
84 69 584
84 71 457
84 72 451
84 78 239
85 88 234
85 90 301
85 93 934
85 98 269
85 2 951
85 14 37
85 16 69
85 17 12
85 26 163
85 27 310
85 29 284
85 31 264
85 36 753
85 38 464
85 40 414
85 42 730
85 49 567
85 56 751
85 58 362
85 61 744
85 62 657
85 63 82
85 64 707
85 68 508
85 75 813
85 76 322
85 80 260
85 81 116
85 82 701
86 91 282
86 92 167
86 93 538
86 95 293
86 97 559
86 98 855
86 99 13
86 5 219
86 8 14
86 9 857
86 10 500
86 12 761
86 20 283
86 22 136
86 24 697
86 25 298
86 32 755
86 34 593
86 35 276
86 37 571
86 43 497
86 44 736
86 45 600
86 58 393
86 61 461
86 63 595
86 65 49
86 69 196
86 73 718
86 74 899
86 80 292
86 81 766
86 82 830
87 89 677
87 90 395
87 92 19
87 93 260
87 95 789
87 99 794
87 2 986
87 4 222
87 5 313
87 6 368
87 10 860
87 13 807
87 14 386
87 16 527
87 20 319
87 24 408
87 26 216
87 28 166
87 32 94
87 38 558
87 47 654
87 48 967
87 50 72
87 53 109
87 54 327
87 58 910
87 67 470
87 71 468
87 82 597
87 84 941
88 90 870
88 94 996
88 99 195
88 8 57
88 9 223
88 15 983
88 18 886
88 21 593
88 22 393
88 23 847
88 25 215
88 27 907
88 32 735
88 36 23
88 41 158
88 50 485
88 57 184
88 62 712
88 65 373
88 68 801
88 73 664
88 75 592
88 76 76
88 84 715
88 85 145
89 99 707
89 0 946
89 2 512
89 6 248
89 8 713
89 12 774
89 15 872
89 17 482
89 18 312
89 20 457
89 24 630
89 34 317
89 40 149
89 41 915
89 42 120
89 45 355
89 46 85
89 48 420
89 50 155
89 51 806
89 55 712
89 58 740
89 62 839
89 64 704
89 66 764
89 69 59
89 72 795
89 74 900
89 75 963
89 80 281
89 84 672
89 85 189
90 96 40
90 98 595
90 99 725
90 3 631
90 8 51
90 10 480
90 17 842
90 18 677
90 20 334
90 24 808
90 25 907
90 29 294
90 31 690
90 33 606
90 34 866
90 35 259
90 37 765
90 42 818
90 47 781
90 51 225
90 52 922
90 57 895
90 60 717
90 64 0
90 67 734
90 75 430
90 77 470
90 81 702
90 82 749
90 86 935
90 87 344
91 92 124
91 96 308
91 99 345
91 0 355
91 3 782
91 9 776
91 14 219
91 15 981
91 18 320
91 19 425
91 22 171
91 28 986
91 29 145
91 31 711
91 35 877
91 42 773
91 44 828
91 45 322
91 47 347
91 48 116
91 49 836
91 51 373
91 56 777
91 60 702
91 65 658
91 66 156
91 68 686
91 69 62
91 78 650
91 79 362
91 80 933
91 84 745
92 97 963
92 1 426
92 5 243
92 14 35
92 16 597
92 19 796
92 30 963
92 32 835
92 34 379
92 42 274
92 44 975
92 45 825
92 50 817
92 62 507
92 63 266
92 64 750
92 68 784
92 73 994
92 76 272
92 77 317
92 79 205
92 80 631
92 83 389
92 86 601
92 87 790
92 91 411
93 96 341
93 1 827
93 2 621
93 4 736
93 6 466
93 7 166
93 15 245
93 16 272
93 17 181
93 22 962
93 23 799
93 24 792
93 25 768
93 28 903
93 29 318
93 36 828
93 41 201
93 43 263
93 47 886
93 49 471
93 50 692
93 52 326
93 53 608
93 55 692
93 59 786
93 66 602
93 70 783
93 79 344
93 80 352
93 83 109
93 92 882
94 1 615
94 4 742
94 5 442
94 8 436
94 9 395
94 12 168
94 13 949
94 20 757
94 21 633
94 22 240
94 23 30
94 28 913
94 30 438
94 33 981
94 36 835
94 37 325
94 42 707
94 46 308
94 47 178
94 49 550
94 53 132
94 54 78
94 60 833
94 62 883
94 64 819
94 69 368
94 71 861
94 74 762
94 75 178
94 80 615
94 84 993
94 85 367
95 97 357
95 98 877
95 4 315
95 5 157
95 6 856
95 10 972
95 17 289
95 18 12
95 19 528
95 22 322
95 26 595
95 27 148
95 28 976
95 32 681
95 33 687
95 36 170
95 47 669
95 50 703
95 55 53
95 62 431
95 64 61
95 65 387
95 70 23
95 72 986
95 73 67
95 76 396
95 77 938
95 78 480
95 79 400
95 80 402
95 83 432
95 86 891
95 89 253
95 91 390
95 93 139
95 94 279
96 4 834
96 7 635
96 10 960
96 12 85
96 13 612
96 14 214
96 15 739
96 16 11
96 17 858
96 21 826
96 23 74
96 25 926
96 29 805
96 31 136
96 32 880
96 37 344
96 41 774
96 43 839
96 44 77
96 46 149
96 50 536
96 65 633
96 69 409
96 74 69
96 85 266
96 90 376
96 94 732
97 98 546
97 99 100
97 7 313
97 13 571
97 16 563
97 18 450
97 23 945
97 24 68
97 26 333
97 28 541
97 31 69
97 32 50
97 34 967
97 39 169
97 43 729
97 46 354
97 53 569
97 59 382
97 60 269
97 61 718
97 64 195
97 75 92
97 82 940
97 84 533
97 92 858
98 4 831
98 5 450
98 10 192
98 13 983
98 15 348
98 16 683
98 21 786
98 23 207
98 24 349
98 32 963
98 37 934
98 38 703
98 43 55
98 47 138
98 50 105
98 51 604
98 53 116
98 56 344
98 63 353
98 64 884
98 71 167
98 72 908
98 74 937
98 75 709
98 81 112
98 82 788
98 85 461
98 88 565
98 92 614
98 95 839
98 96 880
99 8 444
99 11 144
99 13 822
99 17 690
99 20 85
99 21 601
99 22 958
99 24 268
99 28 125
99 30 994
99 34 0
99 35 795
99 42 631
99 46 413
99 47 110
99 54 931
99 60 597
99 62 462
99 64 113
99 67 353
99 68 713
99 69 573
99 70 663
99 71 961
99 72 532
99 73 590
99 74 68
99 76 395
99 79 951
99 81 666
99 82 922
99 85 272
99 90 579
99 91 638
99 94 311
99 95 294
99 96 696
