200 6157 0
0 16 482
0 19 350
0 24 118
0 30 947
0 32 716
0 35 317
0 43 813
0 49 374
0 54 163
0 70 936
0 75 218
0 89 108
0 101 800
0 105 350
0 109 156
0 119 645
0 127 159
0 138 804
0 144 293
0 150 769
0 160 509
0 167 686
0 168 149
0 175 396
0 181 575
0 185 864
0 196 11
0 1 311
0 3 693
0 11 95
0 61 460
0 141 160
1 4 435
1 10 641
1 14 709
1 26 605
1 33 858
1 40 848
1 42 777
1 44 897
1 49 178
1 52 461
1 67 834
1 83 785
1 84 202
1 92 144
1 94 988
1 98 85
1 101 842
1 102 392
1 122 954
1 123 445
1 129 795
1 146 132
1 156 434
1 161 921
1 164 876
1 169 670
1 171 911
1 175 626
1 0 708
1 2 504
1 7 234
1 16 632
1 90 330
2 5 938
2 10 904
2 19 230
2 24 247
2 30 814
2 32 16
2 45 593
2 52 481
2 64 491
2 82 694
2 93 14
2 97 909
2 98 404
2 103 402
2 104 336
2 113 214
2 116 251
2 117 686
2 118 214
2 126 237
2 131 291
2 139 61
2 143 678
2 146 390
2 149 451
2 150 634
2 157 359
2 162 692
2 172 251
2 177 103
2 181 447
2 184 868
2 187 126
2 188 468
2 191 505
2 196 250
2 0 336
2 8 632
2 48 647
3 9 831
3 18 95
3 40 631
3 41 915
3 42 69
3 58 682
3 64 160
3 68 238
3 70 735
3 74 907
3 85 904
3 87 913
3 88 24
3 90 629
3 99 358
3 109 5
3 118 157
3 119 373
3 122 907
3 123 669
3 129 799
3 137 887
3 145 752
3 152 985
3 153 190
3 163 378
3 166 979
3 176 472
3 182 433
3 195 95
3 196 51
3 4 930
3 5 939
3 12 982
3 13 141
3 25 314
3 32 283
4 14 296
4 19 738
4 21 219
4 38 308
4 42 44
4 57 258
4 66 68
4 70 306
4 74 46
4 79 732
4 96 827
4 104 950
4 108 733
4 109 180
4 115 851
4 116 140
4 118 996
4 130 804
4 131 327
4 134 996
4 138 463
4 154 902
4 156 156
4 157 454
4 158 711
4 159 618
4 160 320
4 162 414
4 170 596
4 174 650
4 176 413
4 185 747
4 191 167
4 199 156
4 6 507
4 18 80
5 10 268
5 21 949
5 22 158
5 27 665
5 32 697
5 37 777
5 38 595
5 52 104
5 59 535
5 62 279
5 63 813
5 71 160
5 90 60
5 100 119
5 102 833
5 107 659
5 108 451
5 112 327
5 113 183
5 155 971
5 166 459
5 168 273
5 172 568
5 190 425
5 193 808
5 196 407
5 9 510
5 56 254
5 140 677
6 9 726
6 10 730
6 15 997
6 30 19
6 34 813
6 42 642
6 45 378
6 50 770
6 51 646
6 73 915
6 76 194
6 94 793
6 103 901
6 107 455
6 114 852
6 129 36
6 135 754
6 140 852
6 150 47
6 154 435
6 155 402
6 160 737
6 185 870
6 188 872
6 189 568
6 193 68
6 31 876
6 65 957
7 12 72
7 28 8
7 33 420
7 35 907
7 58 643
7 63 675
7 70 937
7 76 296
7 79 531
7 81 751
7 88 17
7 93 104
7 98 558
7 99 309
7 102 429
7 103 420
7 110 815
7 124 537
7 135 986
7 136 110
7 152 7
7 153 569
7 175 766
7 176 568
7 184 615
7 187 262
7 5 630
7 14 957
7 29 830
8 24 833
8 35 871
8 41 950
8 45 599
8 57 254
8 62 626
8 65 12
8 72 39
8 76 750
8 85 444
8 98 682
8 102 185
8 117 157
8 122 544
8 127 173
8 129 127
8 132 541
8 134 537
8 141 396
8 148 461
8 155 374
8 166 145
8 169 887
8 175 929
8 180 54
8 182 895
8 187 919
8 197 728
8 3 832
8 4 539
8 15 267
8 53 216
8 77 486
8 83 760
8 94 268
9 10 119
9 12 346
9 18 999
9 29 4
9 31 957
9 34 523
9 44 987
9 51 59
9 54 323
9 70 178
9 71 841
9 82 38
9 97 498
9 99 542
9 110 517
9 116 83
9 126 484
9 129 643
9 151 447
9 152 499
9 171 649
9 187 180
9 188 34
9 191 835
9 192 474
9 196 813
9 22 902
9 37 586
9 46 753
9 153 245
10 14 697
10 17 95
10 19 250
10 20 478
10 21 250
10 25 867
10 36 646
10 42 583
10 49 764
10 50 226
10 51 403
10 74 103
10 75 856
10 89 364
10 100 830
10 105 599
10 108 316
10 114 407
10 115 303
10 117 820
10 119 562
10 123 390
10 128 489
10 137 874
10 141 922
10 153 307
10 160 429
10 163 588
10 165 649
10 169 69
10 173 239
10 177 832
10 185 764
10 194 382
10 196 492
10 1 872
10 9 236
10 40 710
11 16 857
11 27 529
11 31 147
11 34 912
11 35 536
11 37 166
11 40 974
11 44 656
11 50 269
11 54 264
11 65 679
11 79 390
11 82 738
11 107 517
11 108 944
11 109 561
11 112 30
11 119 668
11 120 599
11 129 270
11 132 720
11 135 806
11 143 584
11 144 991
11 150 924
11 151 49
11 157 936
11 160 680
11 167 545
11 171 270
11 183 546
11 189 794
11 8 378
11 17 607
11 81 434
12 17 471
12 22 141
12 23 177
12 33 149
12 39 647
12 41 768
12 45 929
12 49 498
12 55 45
12 74 371
12 76 66
12 79 224
12 88 651
12 96 917
12 99 873
12 106 651
12 109 640
12 112 697
12 123 942
12 128 411
12 142 591
12 150 148
12 161 888
12 163 646
12 165 415
12 175 62
12 176 138
12 184 425
12 185 748
12 192 518
12 2 760
12 26 147
13 22 858
13 48 560
13 50 632
13 51 266
13 57 553
13 61 183
13 68 834
13 71 726
13 72 152
13 83 597
13 87 5
13 101 354
13 102 984
13 110 824
13 112 241
13 115 167
13 117 292
13 134 330
13 143 291
13 152 773
13 167 868
13 171 652
13 172 872
13 174 870
13 178 727
13 183 360
13 197 200
13 6 768
13 9 882
13 11 561
13 21 909
13 132 730
14 15 124
14 25 992
14 29 115
14 35 175
14 48 460
14 75 710
14 81 14
14 94 426
14 103 849
14 105 159
14 106 709
14 110 184
14 122 206
14 125 599
14 129 349
14 135 478
14 139 726
14 141 496
14 150 445
14 152 698
14 156 386
14 161 139
14 164 749
14 187 59
14 193 867
14 13 558
15 17 597
15 27 167
15 28 466
15 31 789
15 32 273
15 51 258
15 53 613
15 54 877
15 58 775
15 61 714
15 68 775
15 69 836
15 78 1
15 80 918
15 81 647
15 107 390
15 110 607
15 112 79
15 113 36
15 117 622
15 123 956
15 140 378
15 143 798
15 146 583
15 147 366
15 150 114
15 154 406
15 159 629
15 161 823
15 165 626
15 168 198
15 171 12
15 175 683
15 177 995
15 180 100
15 181 863
15 182 511
15 187 473
15 189 366
15 191 73
15 196 871
15 6 276
15 7 453
15 24 596
15 79 364
16 32 907
16 37 173
16 44 318
16 59 937
16 67 164
16 116 128
16 120 778
16 121 832
16 122 197
16 125 484
16 132 481
16 145 544
16 151 282
16 153 602
16 157 103
16 158 748
16 167 433
16 168 680
16 173 499
16 176 539
16 177 483
16 181 80
16 183 206
16 193 482
16 194 900
16 199 333
16 7 883
16 8 181
16 9 997
16 10 648
16 13 694
16 20 164
16 30 408
16 33 889
16 36 200
16 71 9
17 21 250
17 25 535
17 32 948
17 37 965
17 42 534
17 44 130
17 61 750
17 74 243
17 78 627
17 82 6
17 83 666
17 90 525
17 91 446
17 95 439
17 102 640
17 107 417
17 112 328
17 122 70
17 133 241
17 140 14
17 153 205
17 164 608
17 169 271
17 172 715
17 182 354
17 183 624
17 192 19
17 197 821
17 3 692
17 11 657
17 16 758
17 55 675
17 96 824
18 21 678
18 29 288
18 39 207
18 40 329
18 44 166
18 45 802
18 50 582
18 52 976
18 55 404
18 59 477
18 63 649
18 69 941
18 73 516
18 74 497
18 75 377
18 96 509
18 100 152
18 106 536
18 107 147
18 119 831
18 125 185
18 135 267
18 141 480
18 143 22
18 149 592
18 157 807
18 164 421
18 167 876
18 174 429
18 180 377
18 181 302
18 182 129
18 189 639
18 194 299
18 11 454
18 17 220
18 146 552
19 31 701
19 32 155
19 33 366
19 51 796
19 59 840
19 77 503
19 83 661
19 87 865
19 96 466
19 104 935
19 105 844
19 112 686
19 120 903
19 126 77
19 130 650
19 141 594
19 154 876
19 157 452
19 167 852
19 169 850
19 172 322
19 180 728
19 183 199
19 187 816
19 191 180
19 198 699
19 2 79
19 8 729
19 9 698
19 13 684
20 24 539
20 38 523
20 39 229
20 42 198
20 45 857
20 54 729
20 68 58
20 71 104
20 72 317
20 83 344
20 92 71
20 94 710
20 104 918
20 126 905
20 140 854
20 148 424
20 151 688
20 153 389
20 157 954
20 162 410
20 167 814
20 179 67
20 181 664
20 182 449
20 192 772
20 195 581
20 10 204
20 14 657
20 44 806
21 25 186
21 36 636
21 40 647
21 55 508
21 61 40
21 71 371
21 75 36
21 80 136
21 82 613
21 88 886
21 98 522
21 112 798
21 118 238
21 122 297
21 131 414
21 134 145
21 137 262
21 144 630
21 147 503
21 156 48
21 161 580
21 171 454
21 186 204
21 195 765
21 196 439
22 24 938
22 25 895
22 26 722
22 43 208
22 45 259
22 54 472
22 57 212
22 63 448
22 65 886
22 67 482
22 74 239
22 77 519
22 80 893
22 84 267
22 96 160
22 101 286
22 108 984
22 112 698
22 113 782
22 116 98
22 131 75
22 141 146
22 144 904
22 149 380
22 159 968
22 171 0
22 190 764
22 194 462
22 196 619
22 0 879
22 4 487
22 10 634
22 11 706
22 16 766
22 20 228
22 21 71
22 91 576
23 39 441
23 44 54
23 47 168
23 54 202
23 64 301
23 66 986
23 75 995
23 88 649
23 91 606
23 92 492
23 95 156
23 114 341
23 122 24
23 131 130
23 143 232
23 149 506
23 159 329
23 173 531
23 187 917
23 195 655
23 0 108
23 3 295
23 4 356
23 10 51
23 14 597
23 16 964
23 17 163
23 27 611
23 73 319
23 118 980
24 34 808
24 50 525
24 57 564
24 68 939
24 74 502
24 79 177
24 82 459
24 89 110
24 92 295
24 94 553
24 106 852
24 107 892
24 113 560
24 126 636
24 141 670
24 147 158
24 152 477
24 156 746
24 160 195
24 163 508
24 170 913
24 177 363
24 184 350
24 3 396
24 8 286
24 20 205
24 59 592
24 88 551
25 42 680
25 44 115
25 45 953
25 53 787
25 56 378
25 59 274
25 61 146
25 69 420
25 70 456
25 81 512
25 84 123
25 86 189
25 87 985
25 88 251
25 89 445
25 102 288
25 123 167
25 126 474
25 128 518
25 137 70
25 143 485
25 144 873
25 147 982
25 151 384
25 154 433
25 160 358
25 185 997
25 190 965
25 192 387
25 9 903
25 10 469
25 28 544
25 54 811
25 64 124
25 68 749
26 27 71
26 37 347
26 45 832
26 46 678
26 49 243
26 51 696
26 53 38
26 63 971
26 68 325
26 72 994
26 79 449
26 86 251
26 98 963
26 106 783
26 112 655
26 124 932
26 128 475
26 133 106
26 135 492
26 141 735
26 154 147
26 164 293
26 172 708
26 175 804
26 180 195
26 191 663
26 198 658
26 0 403
26 4 18
26 15 752
26 23 458
26 41 456
26 134 600
27 30 39
27 35 745
27 38 127
27 42 608
27 54 231
27 57 66
27 63 938
27 66 248
27 73 397
27 77 327
27 84 850
27 92 107
27 106 514
27 113 188
27 114 124
27 116 815
27 130 328
27 140 910
27 145 633
27 168 522
27 172 346
27 177 543
27 187 333
27 197 261
27 11 138
27 17 392
27 18 691
27 25 587
27 62 406
28 32 754
28 36 622
28 45 486
28 46 663
28 53 100
28 58 705
28 64 338
28 68 330
28 75 982
28 78 196
28 84 488
28 85 980
28 87 790
28 90 415
28 99 539
28 119 963
28 126 990
28 134 374
28 141 800
28 152 20
28 153 754
28 158 237
28 159 87
28 168 873
28 187 673
28 190 697
28 1 377
28 3 405
28 5 320
28 6 990
28 7 17
28 10 81
28 16 415
29 31 930
29 38 162
29 41 19
29 42 138
29 43 825
29 47 229
29 55 225
29 60 818
29 70 748
29 83 124
29 85 770
29 86 530
29 89 638
29 90 814
29 91 207
29 94 827
29 107 842
29 111 444
29 112 177
29 114 859
29 140 233
29 141 579
29 143 255
29 157 594
29 160 538
29 167 949
29 196 556
29 3 823
29 11 530
29 19 41
29 21 614
29 22 43
29 119 675
29 122 208
29 155 682
30 36 235
30 39 722
30 51 779
30 57 530
30 60 836
30 66 184
30 70 196
30 73 162
30 83 699
30 85 686
30 93 666
30 95 345
30 103 577
30 108 491
30 120 7
30 126 593
30 136 869
30 140 49
30 151 859
30 163 300
30 164 899
30 170 839
30 189 670
30 199 950
30 16 561
30 18 992
30 26 110
30 42 457
30 125 77
30 180 119
31 34 234
31 35 324
31 36 689
31 39 283
31 61 440
31 66 285
31 74 629
31 76 456
31 79 236
31 80 335
31 85 948
31 86 385
31 88 190
31 90 839
31 92 460
31 95 769
31 101 919
31 102 930
31 106 985
31 109 891
31 114 852
31 126 215
31 127 250
31 128 418
31 133 172
31 135 998
31 149 361
31 152 514
31 181 210
31 186 358
31 199 358
31 5 34
31 15 322
31 17 159
31 19 405
31 20 353
31 23 326
31 27 843
31 67 543
32 45 248
32 56 419
32 59 429
32 63 126
32 66 294
32 67 893
32 79 699
32 82 313
32 87 842
32 89 800
32 90 718
32 96 168
32 100 617
32 101 280
32 115 25
32 117 645
32 131 164
32 146 368
32 150 458
32 154 658
32 159 514
32 162 701
32 173 135
32 177 731
32 178 831
32 185 324
32 189 538
32 193 384
32 198 359
32 0 70
32 6 26
32 21 169
32 22 835
32 147 454
33 42 112
33 49 794
33 67 931
33 68 403
33 74 414
33 88 936
33 100 521
33 103 802
33 119 290
33 126 489
33 135 863
33 146 529
33 160 365
33 166 591
33 178 578
33 179 717
33 189 118
33 191 585
33 197 86
33 0 669
33 12 424
33 14 943
33 19 114
33 22 246
33 23 20
33 28 624
33 142 55
34 35 176
34 41 59
34 49 708
34 67 820
34 72 890
34 77 683
34 80 308
34 82 811
34 89 161
34 93 915
34 96 198
34 119 815
34 135 368
34 141 932
34 151 420
34 156 872
34 167 772
34 169 522
34 170 294
34 171 426
34 173 856
34 180 773
34 183 764
34 189 882
34 196 998
34 5 627
34 8 50
34 13 572
34 25 957
34 26 359
34 27 986
35 48 937
35 57 277
35 63 871
35 73 956
35 74 778
35 83 243
35 86 940
35 87 386
35 98 667
35 99 425
35 100 843
35 104 305
35 105 331
35 127 263
35 141 845
35 142 849
35 146 337
35 153 896
35 164 771
35 175 837
35 182 726
35 183 163
35 198 523
35 2 318
35 3 341
35 4 139
35 5 834
35 10 714
35 13 584
35 14 308
35 29 743
35 31 7
35 33 129
36 37 701
36 46 468
36 60 820
36 62 157
36 73 310
36 74 554
36 76 421
36 89 807
36 96 864
36 97 956
36 108 3
36 110 71
36 121 884
36 126 837
36 128 579
36 132 690
36 145 773
36 154 250
36 157 21
36 162 740
36 172 159
36 192 338
36 195 739
36 6 322
36 9 354
36 18 119
36 20 230
36 27 749
36 28 959
36 47 990
37 41 740
37 45 92
37 55 743
37 73 459
37 74 428
37 77 689
37 81 701
37 89 326
37 95 211
37 97 200
37 105 813
37 106 952
37 107 774
37 146 508
37 151 65
37 163 182
37 170 641
37 183 109
37 16 815
37 21 746
37 22 794
37 23 556
37 26 486
37 28 6
37 38 141
37 123 640
38 41 720
38 43 547
38 47 638
38 51 44
38 55 130
38 58 751
38 60 350
38 66 248
38 71 575
38 74 654
38 81 769
38 83 797
38 85 869
38 97 627
38 99 865
38 104 284
38 107 12
38 115 998
38 117 96
38 119 37
38 129 271
38 133 792
38 134 197
38 144 200
38 147 705
38 161 775
38 170 774
38 180 680
38 189 401
38 190 665
38 191 1
38 7 272
38 33 827
38 34 109
38 124 220
39 40 754
39 45 160
39 50 127
39 59 526
39 61 704
39 62 961
39 68 776
39 70 873
39 76 637
39 80 153
39 88 576
39 92 508
39 107 629
39 114 300
39 116 910
39 123 55
39 125 293
39 128 37
39 142 199
39 146 300
39 153 869
39 156 475
39 157 565
39 159 959
39 172 512
39 178 338
39 196 266
39 5 306
39 6 443
39 7 634
39 30 379
39 31 12
39 33 864
40 43 576
40 51 860
40 54 284
40 58 835
40 59 587
40 70 509
40 72 287
40 76 326
40 79 621
40 82 833
40 83 130
40 87 705
40 89 319
40 94 654
40 113 580
40 118 149
40 119 15
40 121 668
40 122 62
40 129 709
40 135 476
40 144 743
40 147 944
40 155 601
40 164 691
40 172 458
40 176 994
40 179 636
40 186 170
40 194 231
40 0 524
40 12 967
40 14 214
40 15 445
40 36 666
40 52 962
41 42 759
41 46 19
41 50 718
41 61 994
41 77 757
41 81 642
41 107 269
41 109 589
41 130 213
41 135 525
41 137 646
41 140 919
41 142 115
41 144 616
41 152 167
41 159 44
41 161 409
41 174 812
41 176 375
41 184 598
41 187 112
41 197 738
41 6 716
41 10 554
41 11 623
41 18 140
41 21 485
41 23 95
41 43 185
42 47 466
42 48 701
42 50 669
42 79 985
42 80 853
42 81 471
42 89 398
42 93 156
42 95 953
42 105 142
42 108 119
42 110 545
42 113 683
42 114 434
42 134 475
42 174 410
42 177 715
42 183 760
42 189 219
42 195 641
42 11 687
42 17 444
42 18 198
42 19 166
42 22 964
42 27 48
42 35 520
42 84 30
42 167 490
43 62 843
43 67 358
43 74 725
43 84 841
43 90 462
43 93 857
43 94 159
43 108 819
43 118 765
43 121 182
43 128 995
43 131 279
43 133 445
43 143 46
43 145 219
43 149 131
43 150 138
43 151 864
43 164 823
43 167 885
43 170 424
43 176 428
43 186 951
43 191 829
43 194 236
43 198 191
43 1 738
43 4 37
43 7 865
43 22 690
43 35 83
43 40 210
43 98 4
43 113 235
43 135 450
44 51 102
44 54 334
44 57 660
44 58 467
44 59 703
44 66 600
44 68 43
44 72 896
44 82 610
44 86 956
44 87 407
44 89 886
44 92 68
44 101 227
44 106 58
44 109 987
44 110 846
44 116 42
44 117 383
44 123 322
44 139 519
44 145 919
44 151 724
44 163 607
44 173 124
44 179 321
44 198 354
44 7 571
44 19 960
44 24 966
44 25 879
44 26 930
44 31 393
44 35 829
44 40 741
45 46 747
45 48 504
45 49 199
45 55 155
45 56 558
45 67 542
45 75 836
45 81 904
45 89 1000
45 96 404
45 98 989
45 100 369
45 104 731
45 108 390
45 122 757
45 126 62
45 128 420
45 145 652
45 146 54
45 148 827
45 150 515
45 154 865
45 155 150
45 158 175
45 167 237
45 168 47
45 171 783
45 174 85
45 177 325
45 178 680
45 179 636
45 182 243
45 184 333
45 187 507
45 188 661
45 190 214
45 195 824
45 196 410
45 197 203
45 22 206
45 24 537
45 35 897
45 42 255
45 63 149
45 95 19
45 181 441
46 54 677
46 66 641
46 75 156
46 79 544
46 81 855
46 82 213
46 83 501
46 85 984
46 86 537
46 88 936
46 91 774
46 102 273
46 107 307
46 123 149
46 141 474
46 143 170
46 152 403
46 161 447
46 171 752
46 173 535
46 186 531
46 191 635
46 0 37
46 7 415
46 14 899
46 16 584
46 20 356
46 23 284
46 26 3
46 42 100
46 115 699
47 59 196
47 69 696
47 71 564
47 84 384
47 85 657
47 88 40
47 97 387
47 111 305
47 122 770
47 123 569
47 131 504
47 141 57
47 142 625
47 150 414
47 162 536
47 176 144
47 177 384
47 180 705
47 189 676
47 191 66
47 195 686
47 197 487
47 10 646
47 12 300
47 15 192
47 25 40
47 34 226
47 38 332
47 46 237
47 92 881
47 157 610
48 67 335
48 71 778
48 73 99
48 82 915
48 83 893
48 88 313
48 93 80
48 102 171
48 109 433
48 116 431
48 121 94
48 127 330
48 141 676
48 148 415
48 161 578
48 162 763
48 165 221
48 180 73
48 187 86
48 199 699
48 12 684
48 18 402
48 20 875
48 25 844
48 29 893
48 30 225
48 36 143
48 39 726
48 168 388
49 53 998
49 70 576
49 71 503
49 76 431
49 81 618
49 90 73
49 109 229
49 113 952
49 114 832
49 124 515
49 133 121
49 135 446
49 137 461
49 145 88
49 151 986
49 157 684
49 160 250
49 172 596
49 173 889
49 5 324
49 16 279
49 18 234
49 28 1000
49 29 196
49 30 114
49 33 64
49 34 624
49 37 554
49 60 574
50 74 277
50 77 104
50 81 19
50 82 458
50 83 74
50 86 604
50 89 101
50 91 179
50 97 493
50 101 888
50 105 723
50 107 904
50 117 621
50 119 537
50 122 367
50 123 718
50 126 996
50 145 106
50 150 882
50 151 206
50 164 413
50 172 897
50 181 173
50 9 561
50 21 30
50 25 129
50 26 903
50 43 430
50 188 82
51 55 565
51 57 396
51 60 769
51 62 574
51 69 240
51 70 881
51 75 194
51 76 967
51 77 71
51 79 847
51 82 440
51 87 387
51 94 756
51 99 129
51 110 755
51 111 206
51 114 661
51 117 496
51 128 50
51 130 920
51 138 921
51 146 614
51 150 201
51 151 963
51 156 282
51 162 976
51 164 413
51 165 507
51 168 802
51 178 239
51 179 801
51 181 994
51 190 515
51 192 157
51 196 745
51 197 527
51 2 333
51 6 293
51 25 678
51 31 16
51 47 806
52 59 703
52 66 96
52 67 679
52 72 402
52 86 650
52 93 236
52 98 429
52 116 642
52 131 747
52 132 844
52 135 235
52 155 918
52 160 726
52 163 478
52 165 138
52 170 713
52 171 295
52 188 648
52 189 337
52 192 977
52 194 464
52 1 266
52 3 172
52 5 449
52 11 417
52 12 558
52 16 966
52 18 233
52 19 147
52 20 16
52 21 487
52 23 604
52 25 541
52 29 455
52 37 107
52 47 787
52 50 696
53 66 558
53 75 605
53 78 940
53 85 974
53 112 92
53 128 305
53 139 571
53 145 993
53 146 830
53 155 546
53 160 311
53 177 240
53 185 982
53 187 440
53 189 948
53 193 892
53 8 183
53 10 279
53 14 273
53 19 151
53 26 33
53 27 44
53 34 776
53 38 739
53 44 602
53 50 496
53 51 86
53 156 738
54 72 106
54 83 519
54 92 73
54 98 601
54 116 220
54 117 996
54 120 468
54 121 161
54 147 71
54 154 4
54 155 404
54 165 814
54 176 918
54 182 716
54 189 519
54 194 653
54 196 498
54 198 18
54 1 231
54 5 917
54 8 928
54 14 743
54 23 577
54 51 568
54 109 666
54 191 628
55 60 813
55 64 218
55 65 867
55 75 149
55 77 442
55 83 107
55 92 833
55 95 792
55 97 791
55 103 471
55 105 823
55 106 876
55 107 255
55 114 474
55 122 371
55 124 396
55 134 354
55 138 938
55 160 669
55 161 90
55 190 414
55 191 786
55 196 622
55 10 805
55 19 552
55 23 876
55 29 432
55 32 699
55 33 582
55 39 418
55 47 53
55 49 536
55 57 510
55 82 977
56 59 728
56 61 762
56 63 384
56 79 875
56 85 903
56 86 345
56 100 259
56 122 699
56 139 537
56 142 759
56 146 864
56 150 481
56 161 714
56 162 989
56 169 170
56 182 177
56 185 499
56 187 798
56 191 283
56 192 231
56 17 867
56 23 940
56 29 88
56 32 253
56 33 375
56 54 822
57 60 91
57 67 132
57 76 440
57 88 433
57 91 990
57 102 943
57 106 103
57 123 505
57 124 440
57 134 131
57 135 305
57 136 524
57 137 123
57 143 358
57 146 711
57 151 803
57 161 281
57 168 594
57 171 572
57 173 957
57 185 402
57 195 571
57 15 429
57 22 131
57 29 945
57 37 741
57 42 559
57 44 80
57 48 679
57 52 561
57 192 872
58 60 58
58 68 735
58 73 384
58 87 429
58 113 113
58 116 598
58 125 845
58 132 73
58 134 810
58 142 0
58 144 254
58 151 204
58 160 178
58 162 810
58 168 494
58 170 604
58 176 399
58 178 628
58 180 202
58 15 944
58 16 216
58 22 172
58 27 399
58 33 82
58 35 539
58 37 524
58 52 879
58 72 144
58 138 76
58 150 170
58 175 510
59 62 896
59 66 881
59 72 168
59 84 68
59 87 403
59 88 941
59 93 476
59 96 352
59 97 606
59 99 295
59 102 94
59 110 185
59 114 648
59 118 11
59 120 303
59 122 828
59 123 23
59 136 677
59 139 865
59 146 732
59 150 413
59 154 73
59 165 758
59 172 857
59 177 10
59 183 91
59 186 640
59 187 318
59 195 878
59 196 148
59 9 184
59 12 39
59 14 512
59 25 329
59 26 192
59 36 435
59 38 935
59 49 492
59 50 709
59 52 159
59 53 568
59 69 325
60 61 686
60 69 710
60 71 272
60 74 802
60 76 945
60 92 173
60 102 846
60 111 814
60 122 803
60 123 816
60 127 416
60 134 795
60 136 209
60 143 725
60 150 963
60 152 811
60 154 630
60 157 430
60 166 52
60 171 799
60 189 27
60 0 963
60 2 910
60 3 438
60 4 396
60 7 71
60 12 746
60 13 702
60 15 30
60 28 505
60 31 870
60 35 444
60 46 224
60 49 796
60 117 242
61 71 342
61 74 68
61 78 858
61 88 755
61 89 625
61 91 295
61 112 508
61 117 955
61 133 203
61 139 586
61 147 602
61 148 946
61 152 437
61 153 730
61 154 906
61 161 211
61 162 779
61 163 898
61 167 283
61 176 509
61 179 849
61 181 727
61 198 201
61 5 985
61 10 539
61 12 904
61 23 657
61 24 76
61 39 846
61 40 296
61 55 109
61 58 770
61 121 490
61 182 103
62 68 809
62 70 190
62 72 815
62 77 659
62 84 938
62 100 65
62 104 72
62 139 628
62 145 513
62 159 813
62 166 87
62 172 77
62 188 769
62 192 344
62 3 614
62 7 177
62 10 127
62 12 108
62 16 728
62 17 806
62 35 93
62 36 579
62 53 157
62 59 890
63 66 626
63 67 968
63 72 710
63 78 830
63 107 291
63 117 87
63 119 642
63 120 586
63 121 870
63 139 511
63 147 125
63 153 198
63 167 332
63 170 781
63 181 757
63 190 771
63 191 767
63 197 186
63 198 763
63 1 140
63 5 68
63 8 92
63 12 9
63 13 136
63 14 837
63 16 323
63 43 392
63 44 886
63 46 148
63 61 47
63 86 169
64 66 161
64 74 699
64 81 440
64 90 831
64 93 135
64 94 429
64 111 863
64 128 340
64 166 131
64 170 751
64 174 362
64 176 461
64 178 950
64 182 724
64 190 65
64 9 961
64 13 821
64 18 24
64 54 712
64 63 619
64 76 540
65 74 888
65 85 822
65 89 288
65 94 278
65 106 690
65 114 282
65 124 697
65 125 621
65 129 86
65 138 397
65 148 178
65 151 545
65 152 133
65 161 243
65 180 625
65 183 193
65 191 888
65 192 413
65 1 735
65 2 933
65 4 173
65 7 450
65 15 59
65 37 338
65 39 800
65 41 636
65 47 743
65 52 57
65 55 817
65 107 909
66 80 583
66 82 682
66 91 601
66 94 924
66 96 564
66 102 767
66 107 142
66 109 1000
66 110 379
66 114 241
66 127 486
66 129 686
66 133 291
66 135 738
66 152 42
66 155 556
66 162 375
66 175 644
66 176 644
66 178 885
66 185 550
66 193 656
66 15 426
66 19 377
66 27 875
66 31 833
66 34 84
66 43 499
66 45 690
66 51 940
66 54 262
66 60 430
66 61 671
66 70 875
67 70 934
67 76 233
67 78 284
67 88 150
67 89 743
67 100 0
67 107 419
67 120 31
67 122 718
67 136 623
67 142 900
67 146 141
67 149 588
67 160 446
67 168 198
67 169 398
67 182 183
67 186 875
67 189 708
67 197 724
67 199 403
67 5 681
67 13 372
67 14 901
67 17 566
67 32 692
67 53 622
67 54 315
67 60 294
67 61 406
68 70 369
68 89 423
68 92 212
68 94 101
68 98 431
68 101 921
68 116 792
68 132 628
68 142 797
68 163 817
68 168 765
68 174 724
68 177 227
68 180 632
68 187 592
68 191 353
68 10 319
68 17 802
68 24 708
68 37 8
68 48 681
68 52 890
68 60 705
68 99 58
68 103 71
69 73 549
69 85 744
69 99 246
69 100 961
69 118 575
69 120 135
69 121 10
69 122 734
69 124 729
69 127 742
69 143 266
69 153 316
69 156 697
69 166 3
69 167 606
69 170 766
69 173 209
69 176 597
69 184 320
69 191 371
69 195 936
69 199 360
69 0 295
69 6 176
69 8 385
69 12 883
69 29 498
69 34 58
69 35 540
69 39 31
69 52 710
69 55 504
69 57 212
70 72 512
70 76 819
70 82 141
70 106 452
70 122 622
70 126 792
70 131 580
70 137 447
70 140 908
70 141 259
70 149 523
70 158 550
70 177 436
70 178 23
70 180 341
70 7 675
70 31 651
70 39 244
70 44 172
70 47 606
70 48 956
70 63 635
70 65 288
70 66 771
70 166 716
71 79 760
71 81 664
71 83 526
71 98 422
71 103 166
71 104 464
71 106 41
71 108 290
71 131 131
71 142 155
71 152 125
71 177 230
71 179 200
71 180 146
71 182 246
71 191 704
71 194 878
71 197 216
71 8 534
71 13 540
71 14 948
71 20 59
71 22 144
71 26 988
71 35 942
71 36 954
71 38 580
71 44 511
71 45 792
71 55 52
71 60 827
71 128 200
72 75 385
72 81 499
72 85 985
72 89 765
72 91 381
72 93 756
72 118 863
72 121 650
72 125 870
72 133 125
72 134 340
72 137 804
72 138 46
72 141 116
72 161 616
72 170 967
72 171 868
72 176 145
72 181 170
72 187 260
72 0 234
72 3 130
72 18 927
72 31 639
72 43 441
72 46 790
73 80 210
73 83 748
73 86 737
73 107 998
73 112 803
73 137 449
73 138 137
73 139 841
73 146 534
73 148 798
73 156 15
73 162 483
73 169 157
73 172 361
73 186 958
73 198 24
73 3 306
73 6 494
73 14 919
73 16 216
73 28 814
73 43 605
73 47 170
73 54 273
73 60 788
73 63 582
73 64 829
73 75 992
73 93 584
74 106 181
74 109 916
74 122 583
74 151 338
74 153 271
74 162 720
74 164 296
74 167 506
74 168 636
74 187 639
74 1 591
74 2 926
74 10 81
74 12 142
74 19 473
74 20 47
74 21 758
74 32 514
74 42 491
74 43 857
74 56 270
74 59 972
74 62 85
74 63 192
74 66 299
74 70 642
74 114 948
75 86 610
75 90 438
75 93 64
75 99 775
75 101 544
75 114 783
75 116 447
75 118 791
75 119 272
75 124 524
75 128 742
75 131 45
75 137 462
75 141 547
75 143 521
75 148 569
75 151 179
75 157 19
75 167 769
75 169 185
75 173 898
75 190 909
75 191 608
75 193 446
75 197 939
75 8 439
75 10 957
75 11 219
75 25 939
75 29 240
75 42 701
75 45 707
75 56 528
75 58 501
75 62 349
75 71 252
75 72 69
76 81 824
76 83 671
76 86 757
76 90 293
76 95 275
76 102 187
76 103 502
76 112 565
76 147 998
76 172 455
76 173 158
76 174 543
76 177 80
76 178 376
76 183 561
76 185 475
76 187 789
76 195 596
76 198 161
76 3 892
76 38 0
76 54 670
76 56 355
76 62 832
76 67 70
76 70 561
76 71 73
76 145 771
77 78 541
77 80 957
77 81 702
77 82 166
77 90 421
77 100 784
77 111 929
77 113 624
77 115 746
77 120 501
77 137 917
77 141 809
77 143 571
77 154 120
77 156 41
77 163 175
77 168 664
77 169 360
77 173 54
77 179 733
77 184 530
77 2 886
77 13 822
77 17 610
77 29 740
77 32 353
77 35 592
77 40 702
77 44 763
77 53 800
77 59 403
77 60 214
77 73 333
77 102 175
78 98 737
78 101 574
78 104 712
78 107 969
78 123 978
78 125 208
78 127 655
78 142 432
78 146 759
78 150 917
78 170 683
78 180 828
78 199 363
78 8 210
78 12 411
78 27 445
78 28 623
78 33 723
78 41 744
78 45 286
78 50 384
78 53 563
78 55 138
78 56 966
78 57 821
78 72 530
79 80 572
79 87 62
79 95 505
79 100 545
79 107 884
79 112 945
79 115 347
79 142 108
79 144 327
79 146 980
79 150 11
79 151 77
79 152 345
79 178 248
79 187 278
79 191 566
79 194 152
79 15 258
79 26 975
79 34 105
79 43 741
79 46 45
79 47 956
79 50 113
79 54 938
79 62 660
79 69 862
79 78 866
79 101 134
80 84 704
80 85 628
80 92 638
80 97 611
80 102 133
80 103 912
80 108 820
80 111 715
80 114 258
80 115 412
80 116 913
80 120 894
80 143 782
80 163 818
80 176 781
80 183 701
80 184 105
80 186 328
80 189 308
80 191 508
80 25 125
80 28 921
80 32 614
80 36 227
80 41 823
80 46 977
80 48 586
80 61 443
80 66 37
80 73 703
80 78 441
81 94 183
81 103 757
81 104 511
81 112 485
81 123 383
81 130 211
81 149 345
81 157 719
81 167 448
81 185 313
81 188 858
81 189 166
81 191 869
81 192 111
81 1 734
81 8 740
81 12 631
81 18 270
81 28 28
81 30 145
81 38 641
81 44 299
81 45 191
81 56 338
81 59 928
81 64 177
81 68 675
81 76 328
81 77 281
81 162 190
82 84 437
82 89 114
82 110 83
82 117 174
82 118 715
82 121 713
82 127 514
82 136 387
82 139 363
82 141 168
82 143 673
82 163 998
82 171 520
82 176 215
82 187 690
82 190 251
82 8 244
82 12 558
82 18 819
82 24 608
82 26 334
82 40 664
82 53 201
82 57 899
82 60 588
82 62 641
82 69 348
82 130 583
82 149 721
83 99 610
83 101 59
83 113 30
83 121 973
83 128 439
83 134 539
83 135 706
83 146 235
83 149 96
83 153 381
83 158 365
83 166 792
83 168 509
83 171 840
83 175 460
83 186 670
83 195 285
83 3 56
83 7 232
83 11 638
83 12 507
83 20 603
83 28 513
83 29 536
83 51 489
83 61 535
83 65 290
83 66 368
83 69 535
83 76 255
83 77 205
83 82 981
83 170 19
84 86 975
84 101 92
84 112 426
84 117 975
84 119 637
84 122 229
84 125 639
84 131 835
84 132 705
84 137 171
84 141 156
84 143 476
84 145 747
84 156 914
84 167 524
84 172 683
84 176 275
84 178 110
84 180 748
84 182 649
84 8 427
84 9 100
84 13 581
84 16 262
84 28 631
84 33 922
84 35 822
84 36 937
84 47 303
84 53 234
84 54 707
84 57 140
84 59 589
84 64 194
84 66 74
84 73 143
84 80 187
85 86 348
85 89 976
85 91 96
85 98 719
85 101 159
85 102 297
85 104 204
85 111 677
85 114 487
85 118 189
85 131 757
85 132 523
85 138 35
85 139 861
85 145 996
85 152 840
85 154 311
85 162 986
85 168 707
85 172 929
85 173 648
85 190 556
85 196 981
85 1 114
85 13 576
85 19 835
85 22 395
85 45 680
85 48 903
85 52 765
85 60 385
85 68 228
85 76 722
85 83 125
85 116 841
86 104 688
86 107 841
86 111 330
86 122 497
86 125 9
86 127 212
86 136 720
86 148 469
86 153 903
86 154 189
86 159 784
86 162 937
86 169 891
86 172 328
86 178 907
86 199 394
86 5 749
86 7 416
86 14 285
86 23 572
86 24 379
86 35 483
86 47 432
86 51 262
86 55 754
86 64 528
86 69 903
86 85 253
86 89 981
87 91 600
87 95 752
87 110 680
87 123 452
87 126 378
87 146 878
87 149 445
87 162 143
87 165 201
87 174 851
87 176 611
87 180 184
87 192 507
87 199 934
87 9 93
87 13 448
87 21 498
87 26 369
87 30 52
87 34 110
87 36 493
87 39 165
87 42 285
87 61 825
87 80 828
87 97 907
88 109 833
88 122 756
88 138 357
88 140 760
88 162 358
88 174 605
88 175 728
88 176 280
88 178 119
88 187 952
88 193 274
88 2 728
88 13 761
88 16 509
88 19 146
88 21 345
88 23 300
88 24 66
88 26 788
88 28 95
88 43 192
88 50 904
88 55 659
88 57 606
88 74 558
88 80 595
89 100 70
89 105 464
89 109 251
89 112 329
89 113 169
89 121 673
89 127 898
89 129 562
89 139 450
89 144 778
89 149 914
89 157 140
89 162 493
89 170 160
89 175 874
89 177 851
89 179 518
89 191 667
89 193 572
89 1 832
89 2 884
89 8 289
89 9 462
89 14 830
89 23 850
89 25 730
89 30 284
89 36 403
89 37 0
89 39 914
89 42 189
89 43 504
89 44 614
89 46 206
89 48 193
89 61 617
89 64 721
89 72 508
89 82 564
89 85 664
90 117 750
90 118 689
90 120 125
90 128 13
90 134 149
90 137 656
90 145 236
90 149 495
90 156 156
90 162 158
90 168 674
90 176 694
90 178 553
90 180 2
90 189 36
90 190 532
90 193 166
90 195 338
90 196 125
90 197 732
90 3 705
90 8 531
90 13 804
90 21 658
90 24 619
90 35 969
90 65 429
90 74 725
90 76 394
90 86 171
90 89 761
91 94 813
91 109 628
91 116 784
91 127 600
91 147 631
91 153 155
91 157 170
91 163 839
91 166 90
91 175 605
91 182 49
91 185 997
91 193 533
91 0 719
91 16 941
91 25 90
91 36 423
91 37 279
91 38 79
91 39 728
91 53 892
91 55 155
91 64 949
91 74 510
91 78 230
91 85 834
91 88 290
91 111 460
92 95 143
92 102 510
92 141 463
92 150 962
92 159 663
92 160 124
92 164 772
92 165 11
92 177 327
92 188 129
92 197 751
92 198 141
92 24 423
92 35 914
92 36 390
92 48 210
92 53 168
92 54 247
92 72 496
92 77 279
92 79 423
92 82 411
92 89 300
92 193 125
93 116 836
93 124 949
93 133 103
93 138 730
93 149 777
93 152 618
93 153 513
93 158 192
93 160 308
93 171 94
93 172 183
93 173 158
93 181 375
93 182 187
93 191 906
93 195 206
93 4 341
93 7 221
93 11 508
93 13 209
93 17 68
93 19 5
93 20 527
93 22 970
93 30 519
93 59 11
93 62 946
93 64 546
93 67 869
93 87 141
94 104 974
94 110 372
94 112 224
94 115 336
94 117 673
94 120 877
94 122 867
94 126 783
94 132 212
94 133 736
94 135 991
94 139 74
94 147 607
94 149 223
94 152 834
94 165 318
94 170 497
94 172 132
94 180 879
94 196 500
94 7 731
94 8 631
94 14 974
94 22 169
94 26 903
94 31 28
94 34 497
94 36 215
94 47 478
94 59 662
94 60 756
94 76 461
94 78 234
94 88 577
95 100 73
95 107 764
95 112 770
95 153 277
95 155 81
95 161 34
95 167 298
95 177 892
95 182 200
95 185 940
95 190 585
95 5 887
95 7 140
95 10 33
95 20 101
95 24 321
95 39 846
95 47 674
95 56 271
95 62 235
95 66 189
95 68 494
95 70 708
95 72 428
95 110 452
96 106 110
96 110 395
96 115 568
96 119 409
96 138 335
96 141 163
96 143 286
96 144 787
96 147 314
96 149 701
96 151 875
96 157 121
96 166 6
96 167 627
96 184 563
96 13 562
96 14 775
96 22 228
96 29 883
96 30 818
96 33 615
96 41 3
96 46 398
96 52 688
96 55 340
96 73 669
96 74 573
96 75 640
96 77 402
96 85 472
97 98 221
97 105 496
97 117 168
97 119 659
97 120 900
97 131 691
97 135 363
97 146 181
97 156 564
97 160 375
97 171 212
97 177 818
97 183 703
97 186 597
97 197 606
97 1 598
97 7 896
97 11 18
97 17 268
97 26 998
97 29 893
97 30 50
97 42 746
97 47 263
97 56 343
97 57 828
97 58 109
97 60 812
97 63 789
97 72 747
97 86 72
97 92 659
98 102 542
98 108 356
98 112 130
98 117 354
98 119 695
98 121 369
98 122 923
98 134 781
98 139 520
98 147 139
98 160 230
98 177 196
98 181 312
98 197 202
98 3 465
98 4 457
98 6 991
98 18 994
98 29 324
98 37 569
98 52 799
98 54 258
98 56 594
98 57 806
98 62 720
98 74 796
98 76 367
98 84 779
98 87 912
98 89 675
98 90 353
98 96 335
98 129 85
98 137 239
98 172 976
99 117 722
99 133 890
99 134 121
99 138 262
99 145 472
99 150 862
99 155 1000
99 172 544
99 181 969
99 191 747
99 199 541
99 6 677
99 8 337
99 14 688
99 22 817
99 40 942
99 44 624
99 50 346
99 52 533
99 56 560
99 59 910
99 63 333
99 66 549
99 70 315
99 73 39
99 82 596
99 83 448
99 94 241
99 97 263
99 171 908
99 183 954
100 103 265
100 121 184
100 127 581
100 129 110
100 131 566
100 134 775
100 142 909
100 144 124
100 173 290
100 180 790
100 187 501
100 193 610
100 0 311
100 5 610
100 11 741
100 15 712
100 20 371
100 40 674
100 46 671
100 47 274
100 51 859
100 53 992
100 69 782
100 77 174
100 84 480
100 86 976
100 90 477
100 120 551
101 102 447
101 103 536
101 133 827
101 135 174
101 140 88
101 146 981
101 161 246
101 168 372
101 169 518
101 0 24
101 3 920
101 6 896
101 7 993
101 16 420
101 40 38
101 43 585
101 44 855
101 50 826
101 98 995
101 100 906
102 104 400
102 109 422
102 114 457
102 115 811
102 119 467
102 125 190
102 131 125
102 133 880
102 137 2
102 144 108
102 151 510
102 152 334
102 154 870
102 160 79
102 165 493
102 167 0
102 176 550
102 180 923
102 182 603
102 187 162
102 7 143
102 10 358
102 13 575
102 18 487
102 22 327
102 26 417
102 27 101
102 33 996
102 42 126
102 54 766
102 56 305
102 58 162
102 61 917
102 64 820
102 66 637
102 76 218
102 88 955
102 101 962
102 179 618
103 104 552
103 105 754
103 119 913
103 122 916
103 127 115
103 128 918
103 129 219
103 135 601
103 141 740
103 146 993
103 147 439
103 151 113
103 163 244
103 168 198
103 179 576
103 189 345
103 193 703
103 194 472
103 196 131
103 0 532
103 2 465
103 21 645
103 29 190
103 32 526
103 33 467
103 42 359
103 45 676
103 48 547
103 59 696
103 60 23
103 79 215
103 86 525
103 87 210
103 93 807
104 111 541
104 113 673
104 115 11
104 117 826
104 130 820
104 137 183
104 138 440
104 154 74
104 157 15
104 173 268
104 183 977
104 196 271
104 2 335
104 6 793
104 19 414
104 20 651
104 45 627
104 46 261
104 55 919
104 56 149
104 62 548
104 74 614
104 79 894
104 83 102
104 84 662
104 87 690
104 94 209
104 96 511
104 106 7
104 174 923
105 117 4
105 128 365
105 138 943
105 139 178
105 147 397
105 154 977
105 163 459
105 181 623
105 185 407
105 196 116
105 1 505
105 7 238
105 16 796
105 18 257
105 19 916
105 26 514
105 28 486
105 32 552
105 35 737
105 39 885
105 53 408
105 77 978
105 81 501
105 82 62
105 88 750
105 92 237
105 99 131
105 102 595
105 104 410
105 131 378
105 159 266
106 110 651
106 121 820
106 132 977
106 135 333
106 138 217
106 146 460
106 151 951
106 153 758
106 176 360
106 180 390
106 187 479
106 189 586
106 192 533
106 197 747
106 0 779
106 15 750
106 21 144
106 23 960
106 29 315
106 32 579
106 36 627
106 50 291
106 53 177
106 60 415
106 65 79
106 66 394
106 67 783
106 72 445
106 77 379
106 95 686
106 99 612
106 100 846
107 115 775
107 117 853
107 122 768
107 161 103
107 173 851
107 177 194
107 178 205
107 181 343
107 185 471
107 187 648
107 188 947
107 192 428
107 3 504
107 12 231
107 15 456
107 23 908
107 26 928
107 32 990
107 38 134
107 40 431
107 42 117
107 43 302
107 45 393
107 88 943
107 89 815
107 91 666
107 93 362
107 101 64
107 103 966
108 110 73
108 111 630
108 115 693
108 135 612
108 156 649
108 157 941
108 158 1000
108 166 306
108 177 470
108 185 943
108 193 624
108 5 37
108 7 700
108 9 350
108 12 195
108 28 862
108 33 201
108 47 11
108 65 943
108 72 173
108 75 64
108 80 770
108 89 253
108 96 961
108 99 602
109 114 408
109 125 305
109 129 995
109 132 522
109 134 545
109 163 99
109 166 878
109 171 356
109 174 202
109 192 382
109 0 503
109 3 68
109 4 372
109 10 562
109 12 522
109 15 611
109 17 369
109 26 120
109 35 854
109 46 416
109 50 587
109 53 835
109 58 156
109 60 773
109 65 388
109 67 66
109 73 661
109 78 57
109 88 834
109 91 338
109 105 857
110 123 69
110 131 823
110 142 139
110 152 560
110 161 636
110 163 129
110 174 804
110 183 175
110 186 157
110 192 602
110 194 619
110 2 385
110 8 517
110 18 87
110 26 432
110 30 595
110 36 958
110 49 295
110 52 118
110 56 980
110 60 793
110 63 635
110 65 269
110 66 42
110 71 731
110 79 136
110 82 755
110 83 699
110 90 572
110 94 217
110 96 834
110 100 584
110 105 559
110 107 712
110 148 92
110 198 354
111 117 318
111 120 376
111 123 646
111 135 937
111 140 219
111 144 522
111 145 647
111 149 159
111 155 714
111 166 530
111 167 621
111 168 720
111 170 146
111 173 762
111 180 238
111 196 759
111 7 774
111 15 52
111 30 607
111 40 974
111 60 892
111 86 498
111 92 658
111 97 539
112 129 592
112 137 93
112 138 741
112 140 824
112 144 624
112 146 865
112 158 51
112 160 514
112 181 282
112 186 69
112 191 225
112 193 229
112 4 110
112 5 350
112 19 719
112 20 544
112 43 16
112 58 758
112 59 736
112 60 906
112 82 390
112 105 842
112 110 6
113 114 917
113 116 270
113 119 569
113 125 404
113 126 672
113 127 530
113 129 587
113 130 355
113 134 882
113 146 991
113 153 119
113 174 980
113 188 422
113 191 814
113 199 918
113 11 27
113 15 867
113 23 119
113 26 578
113 33 19
113 34 273
113 37 426
113 41 419
113 47 21
113 57 947
113 66 585
113 68 1000
113 70 656
113 71 515
113 81 518
113 87 393
113 97 752
113 99 607
113 102 701
113 108 508
114 119 848
114 120 888
114 128 480
114 131 124
114 137 348
114 138 753
114 141 725
114 143 62
114 145 724
114 153 405
114 163 560
114 166 215
114 169 808
114 171 682
114 173 898
114 177 729
114 185 997
114 186 957
114 191 696
114 196 898
114 5 637
114 11 723
114 13 379
114 15 909
114 20 138
114 23 251
114 27 542
114 31 125
114 32 545
114 35 860
114 40 502
114 43 970
114 48 909
114 62 616
114 64 757
114 68 431
114 71 720
114 72 377
114 87 500
114 99 489
114 108 307
114 111 646
115 124 913
115 136 794
115 138 940
115 142 49
115 153 751
115 157 956
115 163 732
115 176 855
115 177 666
115 180 994
115 188 790
115 198 979
115 9 907
115 17 515
115 23 180
115 40 452
115 50 388
115 53 373
115 56 996
115 61 264
115 68 485
115 77 109
115 93 226
115 96 852
115 100 867
115 106 903
115 112 775
115 164 756
116 122 296
116 124 802
116 126 492
116 144 409
116 158 333
116 180 407
116 182 973
116 191 604
116 0 279
116 17 975
116 20 986
116 22 431
116 23 363
116 36 938
116 44 991
116 47 148
116 81 523
116 82 606
116 98 537
116 101 613
117 120 838
117 122 158
117 125 589
117 127 253
117 132 930
117 135 777
117 155 950
117 165 563
117 173 27
117 180 961
117 199 990
117 1 77
117 4 895
117 12 280
117 20 40
117 24 995
117 26 735
117 28 551
117 54 644
117 60 836
117 85 333
117 87 620
117 91 149
117 93 388
117 95 864
117 96 977
117 99 118
117 106 50
118 125 647
118 131 227
118 133 824
118 135 958
118 145 978
118 152 770
118 162 770
118 169 298
118 175 127
118 182 442
118 185 613
118 190 809
118 4 186
118 7 965
118 8 752
118 25 822
118 27 223
118 38 933
118 50 978
118 63 289
118 71 299
118 75 766
118 77 220
118 81 582
118 84 247
118 87 831
118 91 75
118 92 723
118 94 50
118 113 705
119 128 532
119 133 42
119 134 725
119 135 989
119 143 811
119 144 13
119 149 968
119 150 865
119 152 752
119 157 939
119 161 403
119 171 859
119 179 9
119 2 322
119 12 825
119 16 320
119 28 599
119 34 375
119 41 666
119 45 274
119 53 541
119 54 457
119 61 965
119 85 924
119 88 807
119 92 683
119 96 452
119 97 260
119 104 464
119 105 235
119 107 145
119 112 827
119 114 960
119 115 446
119 116 717
120 124 132
120 137 109
120 138 159
120 149 190
120 151 541
120 161 562
120 168 780
120 181 627
120 182 183
120 185 720
120 190 767
120 199 865
120 9 47
120 10 694
120 12 107
120 14 973
120 19 838
120 21 499
120 33 92
120 36 386
120 38 322
120 39 938
120 63 78
120 70 244
120 75 733
120 88 280
120 89 515
120 112 130
120 118 195
120 136 75
120 154 545
121 122 287
121 123 270
121 126 731
121 130 694
121 133 535
121 137 745
121 148 113
121 163 956
121 169 804
121 171 278
121 175 293
121 182 458
121 187 1000
121 193 665
121 5 496
121 35 925
121 42 872
121 51 283
121 60 401
121 64 221
121 68 945
121 74 816
121 79 60
121 84 830
121 85 164
121 92 275
121 94 407
121 114 686
121 118 960
122 128 696
122 140 45
122 144 919
122 145 413
122 151 146
122 161 760
122 163 302
122 167 436
122 178 698
122 180 444
122 187 640
122 196 101
122 199 310
122 3 586
122 17 22
122 18 660
122 21 970
122 28 79
122 34 705
122 35 192
122 39 607
122 48 271
122 56 911
122 66 322
122 69 46
122 72 168
122 77 203
122 89 1000
122 91 846
122 92 565
122 95 468
122 97 666
122 101 671
122 121 486
123 135 575
123 141 181
123 143 99
123 144 990
123 152 879
123 156 854
123 176 118
123 179 704
123 184 675
123 186 79
123 192 575
123 193 461
123 194 600
123 2 397
123 19 2
123 33 545
123 37 158
123 42 279
123 46 312
123 48 551
123 56 435
123 59 150
123 60 859
123 61 501
123 62 274
123 71 413
123 73 881
123 91 700
123 92 372
123 94 131
123 97 423
123 106 590
123 114 54
123 115 38
123 118 240
124 127 75
124 137 519
124 151 146
124 164 478
124 168 71
124 181 685
124 191 961
124 15 559
124 17 593
124 21 764
124 22 965
124 25 244
124 28 20
124 33 808
124 35 87
124 41 876
124 51 736
124 62 303
124 69 90
124 73 860
124 77 690
124 81 508
124 89 938
124 95 135
124 97 263
124 103 138
124 107 924
124 113 39
124 121 863
125 127 474
125 128 717
125 132 954
125 134 224
125 152 230
125 160 663
125 162 859
125 174 854
125 181 706
125 185 760
125 193 7
125 196 63
125 2 869
125 4 283
125 11 206
125 12 957
125 25 419
125 27 185
125 42 973
125 45 952
125 47 288
125 56 537
125 66 619
125 89 977
125 95 601
125 96 439
125 101 196
125 103 281
125 123 1000
126 146 408
126 150 884
126 151 744
126 152 261
126 158 600
126 159 301
126 162 460
126 166 918
126 173 498
126 175 690
126 182 143
126 186 377
126 191 336
126 8 901
126 9 511
126 15 628
126 17 415
126 23 474
126 48 393
126 51 471
126 63 514
126 68 505
126 70 24
126 79 191
126 81 599
126 86 996
126 96 535
126 109 394
126 123 732
126 124 778
127 132 875
127 135 146
127 148 926
127 153 335
127 160 807
127 167 759
127 170 400
127 177 312
127 196 151
127 197 173
127 15 921
127 17 57
127 25 268
127 37 296
127 44 645
127 48 710
127 50 951
127 55 782
127 56 187
127 88 784
127 109 702
127 111 700
127 114 155
127 119 518
127 124 346
127 163 639
128 130 841
128 136 368
128 139 153
128 148 518
128 164 550
128 168 161
128 175 809
128 179 549
128 186 562
128 0 286
128 2 393
128 3 492
128 10 443
128 16 700
128 21 379
128 22 451
128 26 454
128 45 683
128 55 86
128 56 877
128 61 307
128 62 154
128 69 675
128 71 333
128 77 903
128 85 685
128 93 245
128 105 542
128 108 193
128 110 618
128 111 258
129 138 62
129 149 490
129 152 215
129 153 225
129 154 882
129 156 717
129 176 240
129 177 655
129 180 100
129 181 42
129 188 314
129 194 62
129 195 852
129 2 614
129 5 921
129 7 642
129 15 226
129 23 708
129 24 174
129 26 897
129 34 344
129 37 324
129 60 708
129 61 36
129 66 341
129 70 428
129 74 713
129 75 844
129 76 715
129 87 20
129 89 109
129 95 751
129 98 767
129 102 752
129 115 797
129 126 377
130 131 600
130 137 772
130 142 594
130 152 147
130 168 883
130 170 878
130 171 976
130 180 943
130 188 927
130 13 926
130 20 829
130 35 99
130 36 377
130 38 890
130 41 371
130 49 395
130 62 426
130 64 845
130 73 265
130 84 712
130 91 581
130 95 764
130 107 367
130 110 563
130 114 127
130 122 234
130 124 818
131 147 694
131 151 825
131 168 648
131 185 957
131 189 653
131 194 58
131 0 747
131 12 382
131 26 466
131 33 229
131 40 274
131 51 656
131 52 298
131 53 603
131 79 801
131 81 53
131 93 849
131 96 940
131 97 300
131 106 63
131 113 841
131 114 816
131 122 480
132 137 747
132 139 256
132 143 542
132 149 6
132 151 419
132 157 893
132 161 349
132 165 305
132 171 794
132 172 328
132 174 47
132 178 810
132 183 336
132 187 518
132 195 834
132 197 641
132 2 614
132 14 477
132 16 321
132 19 958
132 21 327
132 24 635
132 26 17
132 37 728
132 49 547
132 52 476
132 53 769
132 58 924
132 61 498
132 62 720
132 63 555
132 74 1
132 79 449
132 82 889
132 92 833
132 93 722
132 100 149
132 106 433
132 111 929
132 113 435
132 116 814
132 117 783
132 118 31
132 119 90
132 123 545
132 189 474
133 152 843
133 156 172
133 164 361
133 170 338
133 183 937
133 184 171
133 186 269
133 195 286
133 2 107
133 23 119
133 27 879
133 54 638
133 77 881
133 81 960
133 97 878
133 110 100
133 115 133
133 120 843
133 125 704
133 128 891
133 131 394
134 136 792
134 161 587
134 163 387
134 172 222
134 191 253
134 197 205
134 9 116
134 18 731
134 35 792
134 39 993
134 51 952
134 58 933
134 60 644
134 62 461
134 70 524
134 76 472
134 77 222
134 78 240
134 81 192
134 87 352
134 89 287
134 90 617
134 95 599
134 109 680
134 118 595
134 128 157
134 130 872
134 131 499
134 151 963
135 142 589
135 144 196
135 151 602
135 156 919
135 161 367
135 163 702
135 175 659
135 177 347
135 180 745
135 181 715
135 190 387
135 193 329
135 194 475
135 198 65
135 11 886
135 14 225
135 17 101
135 18 780
135 24 852
135 29 419
135 30 269
135 38 195
135 47 659
135 48 635
135 72 149
135 78 699
135 79 665
135 84 681
135 90 224
135 92 450
135 93 475
135 96 5
135 103 809
135 105 213
135 120 877
135 122 772
135 134 782
136 137 659
136 144 863
136 145 475
136 167 885
136 177 882
136 178 708
136 186 52
136 6 32
136 18 763
136 23 916
136 24 974
136 33 13
136 46 312
136 59 340
136 61 121
136 62 259
136 68 419
136 74 783
136 100 186
136 122 640
136 129 207
136 130 297
137 142 160
137 146 248
137 167 360
137 171 871
137 172 377
137 178 184
137 184 83
137 185 908
137 186 639
137 192 826
137 197 811
137 11 137
137 29 698
137 38 604
137 69 152
137 74 501
137 76 706
137 81 492
137 90 262
137 96 62
137 101 114
137 109 957
137 120 80
137 123 304
137 128 736
137 130 654
138 143 146
138 149 809
138 153 116
138 159 212
138 160 798
138 163 413
138 166 551
138 170 224
138 179 622
138 190 540
138 192 611
138 4 994
138 11 741
138 14 908
138 18 197
138 24 888
138 27 742
138 37 466
138 39 391
138 56 951
138 60 453
138 66 276
138 70 534
138 78 655
138 82 875
138 93 576
138 95 420
138 102 370
138 112 121
138 119 715
139 144 22
139 155 963
139 157 759
139 160 583
139 167 455
139 193 319
139 0 882
139 1 413
139 6 618
139 10 724
139 16 217
139 22 13
139 25 96
139 36 485
139 38 890
139 44 952
139 47 841
139 64 920
139 76 402
139 79 333
139 84 409
139 87 228
139 89 73
139 90 795
139 95 449
139 121 257
139 127 466
139 129 677
139 135 840
139 138 504
140 143 255
140 144 382
140 151 721
140 156 585
140 161 501
140 163 845
140 174 305
140 175 131
140 197 448
140 198 346
140 0 969
140 1 80
140 6 378
140 8 147
140 15 285
140 41 636
140 45 16
140 53 170
140 59 715
140 62 955
140 71 861
140 73 636
140 79 708
140 82 948
140 93 364
140 98 392
140 103 336
140 108 12
140 111 53
140 113 990
140 122 548
140 123 169
140 124 73
140 128 762
140 136 437
140 139 873
140 190 682
141 143 897
141 146 803
141 148 856
141 155 531
141 158 993
141 159 806
141 164 472
141 165 555
141 173 187
141 176 367
141 178 808
141 185 659
141 194 245
141 196 49
141 8 122
141 37 249
141 39 137
141 55 336
141 64 233
141 75 42
141 76 183
141 78 454
141 79 689
141 97 785
141 98 789
141 101 468
141 120 262
141 132 106
142 151 659
142 157 860
142 175 255
142 177 903
142 3 722
142 4 145
142 11 38
142 13 463
142 14 744
142 16 813
142 42 881
142 49 898
142 57 86
142 68 19
142 75 591
142 80 492
142 92 856
142 107 584
142 114 838
142 117 935
142 124 713
142 126 169
142 127 244
142 128 193
142 137 91
142 152 900
143 146 636
143 155 513
143 157 757
143 160 310
143 165 399
143 177 94
143 180 28
143 197 413
143 10 747
143 20 104
143 22 979
143 31 374
143 33 673
143 48 876
143 59 452
143 62 836
143 70 444
143 78 272
143 88 208
143 90 666
143 106 295
143 114 417
143 126 76
143 131 653
143 134 573
143 139 474
143 142 836
144 189 416
144 196 121
144 198 690
144 1 485
144 17 940
144 24 931
144 30 662
144 44 999
144 48 351
144 59 54
144 74 475
144 75 753
144 77 655
144 85 707
144 101 778
145 150 397
145 164 228
145 170 272
145 171 298
145 174 397
145 179 672
145 182 429
145 191 571
145 194 183
145 0 771
145 23 618
145 24 875
145 30 603
145 34 109
145 42 416
145 45 874
145 54 224
145 56 107
145 64 988
145 69 439
145 74 252
145 81 78
145 92 513
145 98 832
145 99 672
145 100 259
145 101 265
145 112 552
145 119 162
145 136 179
146 182 637
146 188 705
146 199 702
146 25 610
146 28 651
146 33 245
146 35 643
146 36 869
146 39 514
146 46 27
146 54 183
146 61 326
146 66 735
146 70 603
146 93 385
146 95 796
146 96 494
146 102 120
146 105 882
146 113 643
146 114 875
146 115 589
146 120 750
146 121 475
146 125 200
146 130 321
146 139 487
146 145 939
146 165 1000
147 156 490
147 179 320
147 191 362
147 198 202
147 4 32
147 13 496
147 24 134
147 28 851
147 37 183
147 41 200
147 50 511
147 57 818
147 58 973
147 59 902
147 69 384
147 72 441
147 75 570
147 81 13
147 82 906
147 93 729
147 95 682
147 96 688
147 103 693
147 114 639
147 117 672
147 119 605
147 142 879
148 151 641
148 155 859
148 157 33
148 161 613
148 163 414
148 167 994
148 168 640
148 177 51
148 184 467
148 186 570
148 191 166
148 193 909
148 1 958
148 9 532
148 16 747
148 18 332
148 43 715
148 56 368
148 60 659
148 61 399
148 72 236
148 75 186
148 78 683
148 91 260
148 92 267
148 100 889
148 102 132
148 111 841
148 118 382
148 123 164
148 129 943
148 132 144
148 134 764
148 141 16
148 143 145
148 160 321
149 154 971
149 155 63
149 161 554
149 178 409
149 180 15
149 187 600
149 190 836
149 195 591
149 3 444
149 15 570
149 21 716
149 22 952
149 29 602
149 31 480
149 33 495
149 40 11
149 48 845
149 55 689
149 65 514
149 74 955
149 81 632
149 93 596
149 97 755
149 100 573
149 101 617
149 105 987
149 106 307
149 115 552
149 125 340
149 130 858
149 135 398
149 136 578
149 143 209
150 162 869
150 168 504
150 171 876
150 179 921
150 180 488
150 193 8
150 196 640
150 10 442
150 15 796
150 44 240
150 45 215
150 64 783
150 70 437
150 71 313
150 73 286
150 76 262
150 81 216
150 83 429
150 91 266
150 98 318
150 106 479
150 111 571
150 129 198
150 137 515
150 139 561
150 140 783
150 143 446
150 145 754
150 148 930
151 157 727
151 159 919
151 21 185
151 28 221
151 30 293
151 33 522
151 38 939
151 44 360
151 57 585
151 59 453
151 66 58
151 67 288
151 68 640
151 76 732
151 85 4
151 98 336
151 107 11
151 113 971
151 114 908
151 122 73
151 130 539
151 131 907
151 133 920
151 135 177
151 136 586
151 143 84
151 150 806
152 165 222
152 171 316
152 174 561
152 175 250
152 176 472
152 178 502
152 181 61
152 192 320
152 193 549
152 197 174
152 0 424
152 4 580
152 9 899
152 11 718
152 12 777
152 13 946
152 25 316
152 34 677
152 40 693
152 41 982
152 50 988
152 57 874
152 64 116
152 67 889
152 73 42
152 76 751
152 81 636
152 89 205
152 92 221
152 108 497
152 131 524
152 132 617
152 138 186
153 162 832
153 165 40
153 170 231
153 177 94
153 188 183
153 6 724
153 9 421
153 19 812
153 23 369
153 38 310
153 40 435
153 52 658
153 61 792
153 63 219
153 84 232
153 88 78
153 91 709
153 100 69
153 104 93
153 109 883
153 112 923
153 113 161
153 114 199
153 120 653
153 124 301
153 134 945
153 135 44
153 140 128
153 148 639
153 173 279
154 157 202
154 178 883
154 188 895
154 5 635
154 7 338
154 9 817
154 22 316
154 26 731
154 40 245
154 61 788
154 68 354
154 74 773
154 76 163
154 86 345
154 92 593
154 100 942
154 114 760
154 116 864
154 124 163
154 129 339
154 143 462
154 150 498
154 152 415
154 153 471
155 159 388
155 167 562
155 171 935
155 173 110
155 177 718
155 181 157
155 196 614
155 198 807
155 9 831
155 23 774
155 28 977
155 30 747
155 36 0
155 37 232
155 38 319
155 49 38
155 55 155
155 57 397
155 60 984
155 66 837
155 70 768
155 81 352
155 85 374
155 101 463
155 113 149
155 117 87
155 120 230
155 122 484
155 131 285
155 134 224
155 143 678
156 157 972
156 167 948
156 168 785
156 172 518
156 180 699
156 185 44
156 188 223
156 191 193
156 192 702
156 197 797
156 44 57
156 48 856
156 58 276
156 63 551
156 84 442
156 90 980
156 91 214
156 106 822
156 110 485
156 112 40
156 113 556
156 120 194
156 145 476
156 146 469
156 148 965
156 152 624
156 153 19
157 158 161
157 166 298
157 172 718
157 175 165
157 189 482
157 2 904
157 3 879
157 5 218
157 8 41
157 11 432
157 14 530
157 18 986
157 26 353
157 31 481
157 32 844
157 44 80
157 45 682
157 48 782
157 50 866
157 52 713
157 55 290
157 62 133
157 67 485
157 71 688
157 73 519
157 79 356
157 97 374
157 107 683
157 125 656
157 126 596
157 129 629
157 148 439
158 161 431
158 165 656
158 188 337
158 195 796
158 197 1000
158 198 823
158 5 139
158 9 382
158 14 726
158 30 683
158 32 5
158 33 763
158 36 328
158 43 48
158 47 318
158 48 260
158 55 152
158 58 341
158 69 332
158 74 386
158 98 557
158 101 175
158 105 953
158 120 511
158 123 892
158 127 599
158 139 717
158 151 200
159 165 999
159 171 81
159 186 102
159 196 352
159 16 533
159 19 338
159 24 649
159 25 679
159 30 818
159 33 248
159 35 571
159 36 404
159 41 535
159 61 212
159 76 90
159 107 227
159 122 931
159 143 101
159 146 60
159 152 87
160 169 3
160 172 823
160 173 431
160 175 727
160 178 909
160 179 675
160 181 270
160 182 661
160 189 397
160 193 802
160 195 338
160 196 186
160 6 803
160 10 343
160 17 368
160 22 660
160 28 965
160 47 303
160 50 460
160 58 23
160 59 81
160 69 236
160 87 935
160 91 116
160 94 479
160 98 124
160 113 15
160 114 657
160 115 210
160 118 908
160 121 837
160 134 565
160 136 75
160 139 914
161 162 957
161 165 730
161 166 406
161 169 561
161 174 35
161 175 84
161 185 145
161 188 229
161 189 153
161 2 137
161 9 654
161 14 123
161 16 924
161 24 254
161 29 491
161 40 454
161 44 703
161 54 572
161 70 233
161 86 903
161 90 733
161 91 161
161 95 304
161 96 840
161 99 874
161 100 531
161 106 0
161 108 423
161 123 435
161 129 321
161 130 893
161 131 662
161 140 522
161 146 876
161 147 184
161 154 313
162 171 808
162 172 103
162 175 925
162 178 344
162 180 813
162 186 362
162 195 291
162 6 293
162 14 484
162 32 843
162 57 352
162 60 477
162 69 154
162 90 882
162 98 259
162 112 688
162 117 868
162 118 371
162 146 750
162 149 367
162 154 344
163 166 991
163 168 924
163 176 479
163 178 763
163 179 454
163 183 0
163 189 357
163 192 329
163 8 106
163 11 387
163 34 575
163 36 437
163 42 723
163 46 31
163 53 687
163 58 946
163 71 723
163 85 819
163 93 422
163 101 181
163 112 852
163 114 545
163 138 829
163 144 565
163 148 618
164 169 607
164 175 581
164 176 742
164 188 469
164 191 396
164 199 356
164 19 127
164 20 684
164 25 389
164 30 847
164 33 103
164 39 233
164 43 620
164 58 575
164 71 664
164 85 646
164 92 349
164 97 205
164 115 791
164 116 398
164 117 26
164 121 869
164 126 364
164 141 688
164 160 631
164 161 670
164 187 281
165 170 280
165 176 991
165 179 923
165 183 803
165 185 483
165 193 55
165 8 559
165 15 277
165 21 415
165 22 330
165 23 686
165 24 298
165 37 196
165 43 769
165 45 520
165 51 110
165 54 706
165 56 790
165 68 638
165 77 745
165 80 788
165 87 573
165 102 246
165 104 360
165 108 743
165 115 750
165 120 731
165 122 814
165 126 803
165 127 832
165 133 409
165 137 46
165 162 900
166 175 632
166 179 740
166 182 619
166 189 244
166 197 460
166 16 93
166 17 641
166 25 725
166 36 120
166 38 255
166 44 655
166 46 910
166 63 50
166 73 461
166 82 381
166 84 236
166 89 846
166 99 422
166 108 812
166 118 43
166 121 893
166 124 976
166 196 302
167 173 610
167 174 173
167 189 824
167 1 869
167 3 658
167 11 843
167 14 69
167 15 656
167 18 179
167 20 278
167 22 704
167 34 632
167 36 324
167 37 60
167 50 926
167 51 481
167 56 448
167 57 334
167 62 609
167 65 247
167 76 504
167 86 62
167 93 202
167 109 772
167 113 437
167 131 597
167 151 141
167 153 206
167 157 450
167 158 216
167 159 637
168 179 52
168 184 939
168 185 714
168 186 980
168 199 51
168 1 755
168 13 186
168 42 756
168 45 603
168 55 4
168 62 503
168 63 993
168 79 301
168 84 173
168 90 883
168 97 431
168 102 694
168 107 141
168 120 82
168 142 35
168 153 612
168 164 582
169 173 945
169 174 365
169 198 197
169 1 40
169 3 836
169 21 58
169 24 355
169 28 674
169 31 852
169 45 405
169 47 33
169 48 33
169 56 660
169 57 537
169 60 418
169 68 84
169 70 535
169 71 686
169 75 488
169 76 630
169 82 651
169 88 978
169 99 617
169 101 638
169 103 758
169 132 936
169 149 199
169 152 297
169 154 930
169 159 833
169 163 881
169 164 708
169 165 94
169 168 716
169 186 635
170 175 521
170 195 157
170 7 467
170 15 1
170 19 536
170 24 590
170 26 903
170 34 893
170 40 591
170 50 873
170 51 802
170 56 533
170 60 352
170 65 632
170 70 269
170 87 695
170 116 326
170 121 427
170 122 625
170 126 818
170 128 651
170 132 918
170 140 533
170 146 936
170 149 936
170 152 919
170 165 164
171 176 352
171 182 614
171 188 497
171 0 605
171 2 688
171 4 807
171 5 495
171 16 923
171 17 834
171 27 232
171 31 809
171 44 97
171 63 791
171 68 715
171 69 641
171 72 305
171 81 22
171 83 595
171 90 654
171 108 579
171 121 543
171 128 991
171 139 6
171 140 268
171 142 877
171 143 306
171 145 840
171 147 847
171 148 911
171 152 922
171 158 174
171 177 744
172 174 151
172 191 505
172 194 646
172 197 252
172 5 511
172 6 996
172 8 112
172 11 569
172 13 500
172 15 869
172 18 486
172 21 958
172 27 400
172 31 58
172 36 916
172 46 656
172 52 711
172 55 41
172 57 734
172 63 579
172 65 842
172 71 851
172 74 10
172 83 791
172 88 51
172 93 367
172 101 374
172 102 539
172 108 697
172 116 301
172 118 71
172 119 262
172 125 57
172 127 433
172 133 412
172 159 516
172 160 477
172 164 789
173 175 625
173 187 541
173 191 589
173 195 580
173 19 796
173 24 43
173 28 723
173 32 88
173 43 251
173 52 84
173 71 946
173 75 759
173 80 519
173 82 757
173 86 202
173 116 348
173 126 546
173 127 233
173 155 433
173 158 89
173 161 198
173 162 894
173 166 935
173 171 895
174 185 237
174 192 131
174 193 521
174 1 829
174 5 671
174 6 503
174 26 517
174 27 138
174 29 0
174 31 460
174 49 460
174 51 315
174 53 968
174 60 637
174 61 531
174 70 282
174 92 914
174 100 942
174 101 470
174 103 48
174 106 382
174 111 628
174 115 503
174 123 689
174 126 512
174 129 34
174 133 795
174 134 430
174 135 839
174 153 479
174 160 563
174 165 71
175 177 403
175 181 509
175 183 9
175 188 75
175 196 800
175 197 707
175 199 869
175 20 841
175 28 154
175 29 131
175 31 55
175 33 262
175 34 107
175 42 935
175 54 158
175 61 545
175 62 374
175 64 843
175 71 588
175 74 636
175 77 612
175 78 329
175 87 286
175 91 204
175 104 325
175 110 652
175 113 611
175 120 503
175 121 138
175 136 915
175 137 150
175 150 56
175 154 94
176 177 394
176 180 434
176 186 282
176 188 188
176 197 572
176 2 802
176 8 329
176 11 996
176 15 808
176 28 607
176 40 760
176 52 172
176 56 959
176 66 650
176 67 590
176 72 526
176 74 46
176 76 39
176 84 833
176 92 755
176 100 162
176 103 623
176 109 307
176 114 496
176 124 432
176 127 524
176 135 581
176 141 66
176 157 184
176 160 828
176 161 952
176 172 558
177 178 793
177 179 95
177 1 818
177 5 732
177 8 933
177 29 825
177 30 965
177 46 798
177 53 596
177 72 761
177 87 762
177 93 573
177 94 243
177 111 402
177 115 821
177 119 677
177 121 224
177 138 213
177 139 462
177 149 782
177 150 842
177 155 301
177 157 778
177 161 640
177 169 260
177 174 205
178 184 739
178 187 574
178 192 229
178 12 74
178 26 8
178 31 314
178 36 442
178 37 378
178 42 939
178 43 775
178 45 489
178 47 944
178 52 378
178 56 314
178 59 68
178 68 647
178 78 488
178 83 824
178 84 975
178 92 538
178 96 172
178 105 775
178 106 764
178 109 641
178 111 493
178 116 454
178 117 868
178 118 255
178 122 27
178 126 630
178 129 881
178 132 363
178 133 56
178 138 467
178 149 912
178 150 182
178 160 614
178 167 171
178 170 253
178 173 771
178 174 725
178 175 662
178 176 272
179 183 653
179 195 460
179 198 757
179 8 230
179 17 189
179 20 906
179 27 504
179 50 946
179 69 237
179 91 411
179 93 572
179 97 555
179 118 769
179 121 4
179 125 577
179 129 260
179 134 651
179 135 351
179 138 839
179 140 128
179 146 544
179 149 504
179 158 959
179 160 814
179 175 735
179 178 863
180 11 736
180 14 702
180 17 543
180 24 768
180 53 992
180 60 999
180 66 669
180 85 575
180 87 231
180 91 365
180 93 442
180 118 718
180 128 889
180 139 6
180 146 462
180 147 751
180 150 515
180 167 735
180 168 60
181 184 641
181 0 311
181 4 414
181 5 417
181 10 836
181 15 757
181 25 930
181 26 853
181 30 839
181 34 685
181 50 963
181 83 661
181 86 938
181 88 138
181 96 341
181 98 319
181 99 949
181 107 403
181 120 143
181 121 831
181 131 476
181 133 751
181 134 190
181 138 335
181 140 792
181 147 474
181 149 29
181 154 18
181 160 238
181 170 967
181 174 760
181 177 175
181 180 81
182 184 738
182 185 304
182 190 852
182 196 466
182 198 322
182 1 787
182 3 804
182 6 590
182 8 263
182 9 486
182 12 824
182 13 257
182 17 261
182 23 699
182 24 515
182 29 140
182 45 789
182 47 813
182 48 678
182 50 115
182 52 240
182 54 617
182 58 499
182 60 855
182 67 838
182 68 180
182 70 339
182 75 429
182 83 457
182 99 192
182 111 68
182 117 347
182 121 187
182 124 302
182 129 237
182 139 742
182 147 852
182 151 569
182 175 509
182 180 574
182 181 230
183 186 6
183 189 301
183 191 171
183 1 829
183 11 436
183 19 154
183 20 886
183 25 934
183 27 679
183 31 535
183 32 98
183 36 312
183 39 237
183 46 246
183 52 258
183 54 489
183 56 523
183 59 328
183 63 432
183 72 655
183 75 972
183 78 777
183 84 223
183 85 169
183 87 76
183 100 404
183 102 334
183 107 836
183 131 333
183 139 500
183 146 908
183 151 175
183 152 959
183 154 599
183 158 776
183 170 100
183 181 454
183 182 881
184 186 540
184 188 496
184 2 770
184 6 664
184 7 884
184 8 979
184 12 568
184 18 806
184 28 351
184 29 185
184 71 429
184 79 462
184 80 771
184 83 212
184 91 14
184 99 786
184 105 947
184 107 112
184 108 528
184 125 779
184 128 786
184 129 335
184 133 610
184 134 500
184 145 731
184 151 411
184 152 695
184 160 326
184 169 913
184 170 46
184 182 300
184 183 768
185 193 405
185 199 275
185 5 1
185 17 110
185 32 627
185 36 330
185 41 189
185 49 948
185 62 395
185 67 27
185 72 56
185 76 483
185 88 956
185 103 272
185 121 70
185 124 718
185 144 937
185 148 527
185 149 754
185 161 796
185 163 885
185 169 516
186 193 845
186 198 772
186 4 953
186 57 424
186 61 660
186 81 691
186 84 816
186 91 840
186 96 620
186 97 503
186 100 543
186 101 649
186 104 143
186 112 605
186 121 622
186 129 246
186 131 791
186 132 918
186 133 750
186 140 748
186 143 334
186 146 998
186 165 738
186 166 772
186 171 579
186 173 834
186 177 640
186 182 743
187 195 16
187 198 846
187 7 177
187 17 758
187 21 694
187 24 634
187 29 624
187 43 53
187 52 167
187 53 630
187 61 607
187 70 18
187 71 941
187 72 982
187 90 175
187 101 405
187 104 741
187 118 384
187 124 540
187 140 294
187 142 790
187 143 600
187 152 513
187 158 836
187 164 582
187 178 640
187 183 248
188 1 19
188 20 603
188 21 884
188 27 82
188 28 977
188 30 400
188 31 628
188 37 579
188 48 634
188 53 334
188 58 349
188 70 124
188 77 328
188 84 108
188 93 105
188 98 880
188 99 884
188 106 979
188 107 606
188 108 279
188 113 91
188 123 886
188 132 163
188 136 817
188 141 999
188 143 503
188 165 385
188 169 316
188 174 258
188 180 684
188 182 464
188 183 259
189 3 439
189 11 735
189 26 198
189 34 938
189 40 111
189 50 466
189 55 582
189 62 436
189 76 504
189 81 441
189 87 127
189 90 948
189 98 674
189 101 860
189 105 913
189 114 272
189 118 91
189 129 111
189 132 27
189 133 289
189 138 508
189 140 42
189 151 522
189 157 584
189 163 537
189 172 663
189 175 519
190 192 32
190 197 772
190 198 811
190 1 469
190 2 397
190 9 32
190 33 217
190 39 857
190 44 453
190 55 219
190 58 653
190 61 477
190 66 667
190 67 739
190 74 964
190 82 8
190 85 540
190 115 939
190 117 939
190 118 747
190 128 148
190 161 435
190 164 717
190 168 911
190 170 34
190 171 76
190 174 835
190 180 127
190 183 196
190 185 557
190 186 961
190 187 688
191 193 487
191 194 379
191 20 703
191 21 219
191 22 813
191 25 661
191 31 161
191 36 785
191 37 799
191 57 938
191 60 657
191 66 14
191 69 726
191 76 106
191 80 329
191 81 603
191 84 308
191 88 463
191 90 290
191 96 752
191 102 127
191 104 442
191 107 1000
191 109 726
191 110 74
191 115 398
191 116 341
191 126 15
191 130 719
191 135 887
191 138 328
191 140 353
191 141 939
191 142 310
191 147 828
191 151 175
191 158 305
191 162 289
191 167 452
191 169 820
191 178 649
191 182 445
191 190 634
192 198 833
192 3 224
192 7 722
192 8 636
192 12 631
192 18 417
192 26 602
192 27 420
192 28 261
192 31 923
192 43 268
192 47 553
192 48 214
192 50 723
192 53 394
192 55 673
192 61 415
192 70 862
192 72 71
192 74 312
192 75 237
192 76 644
192 80 634
192 91 270
192 95 797
192 100 996
192 115 560
192 116 924
192 135 497
192 137 563
192 144 150
192 148 871
192 155 463
192 170 813
192 180 111
192 186 52
193 195 635
193 3 818
193 5 932
193 15 53
193 19 101
193 26 814
193 29 191
193 35 284
193 37 231
193 53 989
193 59 417
193 75 991
193 82 628
193 91 905
193 96 279
193 99 278
193 104 689
193 106 977
193 107 537
193 112 39
193 113 912
193 124 468
193 127 24
193 129 53
193 134 247
193 139 100
193 166 378
193 167 636
193 171 91
193 179 983
193 184 648
194 196 637
194 3 132
194 4 829
194 9 545
194 12 999
194 17 695
194 19 1000
194 31 199
194 39 51
194 48 115
194 56 474
194 75 570
194 76 191
194 77 801
194 85 894
194 86 159
194 88 143
194 99 827
194 100 895
194 103 434
194 122 154
194 124 469
194 128 892
194 139 232
194 141 735
194 154 468
194 155 125
194 158 683
194 170 90
194 174 990
194 180 669
194 186 293
195 2 231
195 12 431
195 15 142
195 17 960
195 23 243
195 25 93
195 30 176
195 42 27
195 48 768
195 72 40
195 95 930
195 101 89
195 104 773
195 108 350
195 113 667
195 115 2
195 120 790
195 124 891
195 128 808
195 132 966
195 140 729
195 145 749
195 149 20
195 159 718
195 162 356
195 166 247
195 181 115
195 183 753
196 0 973
196 1 384
196 7 860
196 16 525
196 19 966
196 33 751
196 34 34
196 46 918
196 56 624
196 60 772
196 73 179
196 86 184
196 90 646
196 120 687
196 143 745
196 145 262
196 153 227
196 163 282
196 171 926
196 175 560
197 3 781
197 9 346
197 42 510
197 43 12
197 54 572
197 58 736
197 67 353
197 68 464
197 69 893
197 71 666
197 81 628
197 87 895
197 93 769
197 95 670
197 97 270
197 106 495
197 111 170
197 126 172
197 128 297
197 131 338
197 141 632
197 142 738
197 144 883
197 149 982
197 151 865
197 154 488
197 166 522
197 173 236
197 179 400
197 183 551
197 187 521
197 188 642
197 196 307
198 14 104
198 17 235
198 21 179
198 25 7
198 28 791
198 30 325
198 48 262
198 51 910
198 56 882
198 57 676
198 61 165
198 63 774
198 67 146
198 76 84
198 77 186
198 89 896
198 97 340
198 98 774
198 99 168
198 104 69
198 110 903
198 123 543
198 125 914
198 138 316
198 144 258
198 156 866
198 157 238
198 162 876
198 167 760
198 175 684
198 177 323
198 184 496
198 191 409
198 193 501
199 0 157
199 10 34
199 16 205
199 26 711
199 28 803
199 35 119
199 36 894
199 39 91
199 43 620
199 46 774
199 47 1
199 49 905
199 51 579
199 53 696
199 58 30
199 59 792
199 73 333
199 75 147
199 78 380
199 79 793
199 85 446
199 90 962
199 97 671
199 99 751
199 115 58
199 122 57
199 139 312
199 143 495
199 147 68
199 152 622
199 158 804
199 171 913
199 192 775
199 193 340
