100 7981 0
0 1 205
0 2 214
0 3 303
0 4 849
0 5 750
0 6 548
0 7 558
0 8 109
0 9 332
0 11 44
0 14 277
0 15 431
0 16 556
0 17 37
0 21 899
0 22 585
0 23 585
0 24 697
0 25 230
0 27 413
0 28 509
0 31 404
0 32 407
0 33 9
0 34 609
0 35 647
0 36 645
0 37 658
0 38 513
0 40 776
0 41 951
0 42 352
0 43 530
0 44 570
0 45 916
0 47 70
0 48 640
0 50 901
0 52 302
0 53 28
0 54 397
0 55 76
0 57 695
0 58 683
0 59 355
0 60 679
0 62 559
0 63 814
0 64 979
0 66 699
0 67 553
0 68 274
0 69 827
0 70 596
0 71 366
0 72 774
0 73 431
0 74 602
0 76 32
0 77 776
0 78 918
0 79 580
0 80 212
0 81 818
0 82 397
0 83 200
0 84 885
0 85 265
0 86 79
0 87 265
0 88 625
0 89 975
0 90 50
0 92 378
0 93 619
0 94 991
0 95 745
0 96 996
0 97 700
0 98 632
0 99 159
0 13 397
1 2 517
1 3 251
1 5 442
1 6 527
1 7 569
1 8 161
1 9 972
1 10 380
1 11 794
1 12 419
1 13 554
1 14 881
1 15 998
1 16 347
1 17 481
1 18 172
1 19 603
1 20 479
1 21 980
1 24 413
1 25 253
1 26 61
1 28 469
1 30 748
1 32 240
1 33 287
1 35 931
1 36 50
1 37 963
1 38 992
1 39 533
1 40 21
1 43 813
1 44 661
1 45 633
1 46 184
1 48 492
1 50 60
1 51 266
1 54 622
1 55 715
1 57 984
1 59 710
1 60 51
1 61 933
1 62 511
1 63 389
1 64 311
1 66 772
1 67 707
1 68 528
1 69 934
1 70 287
1 71 90
1 72 152
1 73 218
1 74 891
1 75 342
1 76 767
1 77 149
1 78 59
1 79 931
1 81 386
1 82 352
1 83 146
1 84 333
1 85 488
1 86 770
1 87 202
1 89 472
1 90 680
1 91 169
1 93 897
1 95 679
1 96 437
1 97 427
1 98 787
1 99 890
1 0 294
1 4 214
2 3 343
2 5 830
2 6 830
2 8 765
2 9 890
2 11 512
2 12 920
2 13 52
2 14 593
2 15 861
2 16 198
2 18 44
2 20 341
2 21 120
2 23 896
2 24 501
2 25 509
2 27 707
2 28 856
2 29 451
2 30 331
2 31 476
2 32 454
2 34 72
2 35 68
2 36 827
2 37 829
2 39 377
2 42 292
2 43 371
2 44 313
2 45 665
2 48 95
2 50 308
2 53 157
2 54 830
2 55 435
2 56 106
2 57 439
2 58 920
2 59 578
2 60 556
2 63 154
2 64 190
2 65 550
2 66 611
2 70 273
2 72 493
2 74 358
2 75 779
2 76 128
2 77 97
2 78 122
2 80 746
2 81 481
2 82 287
2 83 533
2 84 931
2 85 817
2 89 787
2 90 123
2 92 643
2 93 770
2 94 603
2 95 764
2 96 530
2 97 116
2 99 670
2 0 125
2 1 901
2 7 785
2 10 461
2 40 296
3 4 402
3 6 831
3 7 155
3 9 267
3 10 41
3 11 64
3 13 686
3 15 31
3 17 261
3 18 710
3 20 86
3 21 370
3 22 518
3 24 752
3 26 420
3 27 380
3 28 327
3 29 255
3 30 232
3 32 700
3 33 80
3 35 725
3 36 894
3 37 273
3 38 2
3 39 538
3 40 62
3 41 296
3 42 118
3 43 817
3 44 396
3 45 750
3 46 344
3 47 81
3 48 732
3 49 307
3 50 914
3 51 564
3 52 526
3 53 750
3 54 433
3 55 415
3 56 675
3 57 725
3 58 653
3 59 382
3 62 105
3 63 323
3 64 346
3 65 549
3 66 356
3 67 554
3 68 641
3 69 421
3 70 559
3 71 782
3 72 182
3 73 879
3 74 809
3 75 827
3 76 746
3 77 754
3 78 587
3 79 917
3 80 285
3 82 228
3 84 1000
3 85 431
3 87 578
3 88 662
3 89 456
3 90 189
3 91 887
3 92 388
3 93 600
3 94 407
3 96 290
3 97 75
3 98 564
3 99 936
3 0 834
3 1 437
3 2 437
4 5 75
4 6 746
4 8 657
4 9 710
4 10 600
4 14 384
4 15 370
4 16 566
4 17 400
4 18 214
4 19 847
4 20 548
4 22 580
4 23 159
4 24 496
4 25 645
4 28 623
4 29 381
4 30 890
4 34 935
4 35 441
4 36 20
4 37 363
4 38 551
4 39 875
4 40 961
4 43 100
4 44 302
4 45 351
4 47 69
4 48 242
4 49 111
4 50 188
4 51 600
4 52 371
4 53 735
4 54 442
4 55 501
4 58 254
4 59 375
4 60 669
4 61 49
4 62 901
4 63 99
4 65 233
4 66 319
4 67 365
4 68 465
4 69 702
4 70 749
4 71 5
4 72 662
4 73 824
4 74 408
4 76 281
4 78 841
4 79 162
4 80 21
4 81 818
4 82 35
4 83 717
4 84 811
4 85 369
4 86 202
4 87 506
4 88 658
4 92 715
4 93 872
4 94 943
4 95 50
4 96 447
4 97 349
4 98 260
4 99 24
4 0 216
4 1 355
4 2 103
4 11 920
5 6 962
5 7 849
5 9 30
5 10 634
5 12 795
5 13 634
5 14 917
5 15 301
5 16 297
5 17 917
5 18 817
5 19 124
5 20 647
5 22 958
5 23 912
5 24 644
5 25 937
5 26 69
5 27 526
5 28 573
5 29 251
5 30 810
5 31 723
5 32 944
5 33 245
5 34 851
5 35 60
5 36 126
5 37 215
5 38 507
5 39 749
5 40 215
5 41 47
5 42 18
5 43 279
5 44 130
5 45 736
5 46 339
5 47 520
5 48 408
5 49 145
5 51 56
5 52 484
5 55 743
5 56 473
5 58 702
5 59 762
5 60 277
5 61 723
5 62 400
5 64 687
5 65 167
5 66 428
5 67 443
5 68 208
5 69 514
5 70 859
5 71 821
5 73 914
5 74 110
5 75 55
5 77 823
5 78 63
5 79 326
5 80 846
5 81 381
5 82 700
5 83 868
5 84 915
5 85 883
5 86 306
5 87 968
5 89 122
5 91 848
5 92 980
5 93 669
5 94 179
5 95 12
5 96 720
5 97 191
5 98 911
5 99 34
5 0 208
5 1 235
5 2 620
5 4 285
6 7 830
6 8 153
6 9 296
6 10 129
6 12 702
6 13 208
6 14 1
6 15 357
6 17 726
6 18 466
6 19 504
6 20 914
6 21 985
6 23 81
6 24 938
6 25 150
6 26 858
6 27 311
6 28 661
6 30 271
6 31 297
6 32 472
6 33 297
6 34 409
6 35 86
6 36 572
6 37 18
6 38 656
6 39 118
6 40 582
6 42 109
6 43 914
6 44 826
6 46 499
6 47 474
6 48 548
6 49 42
6 50 278
6 51 539
6 52 439
6 53 52
6 54 189
6 55 778
6 56 844
6 57 180
6 58 168
6 59 892
6 60 497
6 61 212
6 62 240
6 64 723
6 65 355
6 66 546
6 67 539
6 68 992
6 70 127
6 71 930
6 73 996
6 74 89
6 75 589
6 76 653
6 77 484
6 78 949
6 79 121
6 80 411
6 81 15
6 82 384
6 83 199
6 85 312
6 87 877
6 88 417
6 89 152
6 91 740
6 93 990
6 94 163
6 96 847
6 99 641
6 0 134
6 1 207
6 3 802
6 4 639
6 45 457
7 8 70
7 9 569
7 11 865
7 12 326
7 13 107
7 14 732
7 15 468
7 16 158
7 17 543
7 18 726
7 20 148
7 21 991
7 22 428
7 23 854
7 24 96
7 25 494
7 26 119
7 30 54
7 32 33
7 33 177
7 36 728
7 38 757
7 40 766
7 41 341
7 42 702
7 43 698
7 44 668
7 45 649
7 46 581
7 47 472
7 48 842
7 49 163
7 50 955
7 51 925
7 52 131
7 53 591
7 54 119
7 55 178
7 56 362
7 57 966
7 58 57
7 59 297
7 60 363
7 62 782
7 64 980
7 65 733
7 66 167
7 67 923
7 68 68
7 69 66
7 71 634
7 72 74
7 73 772
7 74 221
7 75 145
7 76 947
7 77 685
7 78 419
7 79 264
7 80 391
7 81 30
7 82 249
7 83 804
7 84 835
7 85 90
7 86 315
7 89 633
7 90 354
7 91 745
7 92 894
7 93 876
7 94 521
7 95 100
7 96 131
7 97 484
7 98 685
7 99 396
7 0 820
7 1 528
7 3 347
7 4 319
7 5 346
7 6 896
8 9 344
8 10 27
8 11 330
8 12 720
8 14 451
8 15 812
8 17 787
8 18 253
8 19 762
8 20 87
8 21 585
8 22 326
8 23 55
8 24 700
8 25 733
8 26 398
8 29 943
8 30 624
8 31 522
8 32 86
8 33 939
8 34 733
8 35 301
8 36 132
8 37 417
8 38 819
8 39 513
8 41 902
8 42 959
8 44 336
8 46 215
8 47 823
8 48 100
8 49 925
8 50 235
8 51 863
8 52 636
8 53 682
8 55 295
8 56 353
8 57 999
8 58 987
8 59 150
8 60 366
8 62 557
8 63 174
8 64 857
8 65 409
8 66 396
8 69 49
8 70 653
8 71 527
8 74 17
8 76 628
8 77 81
8 78 697
8 79 811
8 80 856
8 82 570
8 84 63
8 85 606
8 86 767
8 87 314
8 88 780
8 90 395
8 91 709
8 92 954
8 93 793
8 94 22
8 95 423
8 96 325
8 97 296
8 99 196
8 0 49
8 1 607
8 2 121
8 3 258
8 4 518
8 5 310
8 6 382
8 7 725
9 10 461
9 11 262
9 12 156
9 13 656
9 14 288
9 15 481
9 16 447
9 17 131
9 20 61
9 22 655
9 23 282
9 24 743
9 25 173
9 27 551
9 28 132
9 29 773
9 30 764
9 31 827
9 33 426
9 34 329
9 35 888
9 36 312
9 37 461
9 39 789
9 42 518
9 43 638
9 44 658
9 45 433
9 46 968
9 48 469
9 49 40
9 50 696
9 51 257
9 52 698
9 53 887
9 54 45
9 55 390
9 56 964
9 57 103
9 59 297
9 60 945
9 61 942
9 62 670
9 63 242
9 64 281
9 65 878
9 67 336
9 68 394
9 69 757
9 70 556
9 71 450
9 72 784
9 73 250
9 74 742
9 75 554
9 77 852
9 78 853
9 79 866
9 80 264
9 81 52
9 82 411
9 83 151
9 84 314
9 87 390
9 88 925
9 89 72
9 90 939
9 91 501
9 93 707
9 94 985
9 95 96
9 96 293
9 98 702
9 99 762
9 0 898
9 1 505
9 2 377
9 3 591
9 4 853
9 6 503
9 7 867
9 8 705
9 32 831
10 11 262
10 12 463
10 14 191
10 15 210
10 16 899
10 17 939
10 18 403
10 19 428
10 20 880
10 21 461
10 23 711
10 24 234
10 25 669
10 28 235
10 30 822
10 31 675
10 32 952
10 33 32
10 34 433
10 36 457
10 38 154
10 39 18
10 41 463
10 43 369
10 44 993
10 46 834
10 47 846
10 48 288
10 49 680
10 50 327
10 51 947
10 52 42
10 53 990
10 54 312
10 55 676
10 56 922
10 57 669
10 58 417
10 59 728
10 61 986
10 62 984
10 64 227
10 65 944
10 66 740
10 67 323
10 68 140
10 69 239
10 70 611
10 71 611
10 72 489
10 74 70
10 75 66
10 76 777
10 77 601
10 78 255
10 80 964
10 81 121
10 82 168
10 83 812
10 84 326
10 85 364
10 86 746
10 87 634
10 88 944
10 89 447
10 90 809
10 91 259
10 92 592
10 93 299
10 96 62
10 98 164
10 99 489
10 0 81
10 1 794
10 2 203
10 3 153
10 4 784
10 5 16
10 6 255
10 7 463
11 12 115
11 13 857
11 14 897
11 15 38
11 16 436
11 17 81
11 18 701
11 19 746
11 20 908
11 21 136
11 23 211
11 25 63
11 26 894
11 27 306
11 28 768
11 31 396
11 32 735
11 33 979
11 34 451
11 35 337
11 36 982
11 37 160
11 38 665
11 39 649
11 40 967
11 41 531
11 42 532
11 43 47
11 44 738
11 45 951
11 46 179
11 47 509
11 48 910
11 49 547
11 50 531
11 51 452
11 52 447
11 53 969
11 54 264
11 55 429
11 56 712
11 57 606
11 58 729
11 59 653
11 60 346
11 61 327
11 62 300
11 63 932
11 64 352
11 66 464
11 67 991
11 68 727
11 69 92
11 70 440
11 71 731
11 72 917
11 73 637
11 74 471
11 75 545
11 76 212
11 77 86
11 78 794
11 79 73
11 80 535
11 81 546
11 82 939
11 83 545
11 84 179
11 85 707
11 86 142
11 87 560
11 88 993
11 90 515
11 91 334
11 92 524
11 93 980
11 95 975
11 96 216
11 98 548
11 99 97
11 1 711
11 4 449
11 6 214
11 7 308
11 8 250
11 9 190
12 13 493
12 14 771
12 15 76
12 17 560
12 18 154
12 19 865
12 20 368
12 21 289
12 22 794
12 23 495
12 24 540
12 25 276
12 26 865
12 27 193
12 28 389
12 29 800
12 30 462
12 33 859
12 34 907
12 35 595
12 37 57
12 38 379
12 39 643
12 40 550
12 42 702
12 44 213
12 45 181
12 47 298
12 48 546
12 49 915
12 50 638
12 51 592
12 52 175
12 53 792
12 55 166
12 56 232
12 57 501
12 59 296
12 60 739
12 61 158
12 62 343
12 63 969
12 64 68
12 65 761
12 66 35
12 67 310
12 68 141
12 69 857
12 73 265
12 74 907
12 76 986
12 77 45
12 79 628
12 80 18
12 81 539
12 82 945
12 84 944
12 85 670
12 86 308
12 87 713
12 88 45
12 89 699
12 90 305
12 91 837
12 93 790
12 94 681
12 95 895
12 96 443
12 98 287
12 99 323
12 0 467
12 1 120
12 2 640
12 3 145
12 5 326
12 6 860
12 8 140
12 10 835
12 11 113
12 36 92
13 14 963
13 15 685
13 16 467
13 17 770
13 18 760
13 20 901
13 23 635
13 24 651
13 25 616
13 26 1000
13 27 309
13 29 867
13 30 447
13 31 534
13 32 702
13 34 322
13 35 637
13 37 918
13 38 813
13 40 908
13 41 288
13 43 665
13 44 88
13 45 936
13 47 372
13 48 924
13 49 62
13 50 998
13 51 504
13 52 667
13 53 554
13 54 856
13 55 623
13 56 200
13 57 118
13 59 613
13 60 627
13 61 836
13 62 728
13 63 420
13 64 561
13 65 580
13 67 918
13 68 198
13 69 705
13 70 840
13 73 533
13 74 104
13 75 55
13 76 640
13 77 182
13 78 452
13 80 679
13 81 381
13 82 954
13 83 726
13 84 482
13 85 827
13 88 65
13 90 653
13 91 500
13 92 329
13 93 815
13 94 36
13 95 591
13 96 65
13 97 689
13 99 438
13 0 847
13 1 476
13 2 996
13 3 98
13 5 844
13 6 233
13 7 150
13 8 850
13 9 8
13 10 899
13 11 561
13 12 835
13 66 45
14 15 931
14 16 754
14 18 534
14 19 530
14 20 127
14 21 324
14 23 167
14 24 154
14 25 46
14 28 598
14 29 404
14 30 126
14 31 11
14 32 758
14 33 313
14 34 93
14 36 983
14 38 692
14 39 970
14 40 624
14 41 271
14 42 889
14 43 13
14 44 811
14 46 509
14 47 659
14 48 362
14 49 478
14 50 154
14 51 594
14 52 92
14 53 329
14 55 925
14 56 947
14 58 506
14 59 43
14 60 675
14 61 646
14 62 639
14 63 279
14 64 140
14 65 957
14 67 711
14 68 242
14 69 89
14 70 860
14 71 50
14 72 894
14 73 770
14 74 560
14 76 139
14 77 410
14 78 634
14 79 351
14 80 646
14 81 706
14 82 523
14 83 224
14 84 327
14 85 835
14 86 937
14 87 494
14 88 461
14 89 621
14 90 15
14 91 103
14 94 343
14 95 775
14 96 653
14 97 50
14 98 344
14 99 680
14 0 285
14 1 437
14 2 988
14 3 657
14 5 946
14 7 612
14 8 929
14 9 60
14 10 287
14 11 475
14 12 738
14 13 970
14 27 719
14 75 300
15 16 527
15 18 710
15 19 846
15 20 935
15 21 140
15 22 8
15 23 268
15 24 687
15 25 412
15 27 554
15 28 626
15 29 344
15 30 422
15 31 33
15 32 169
15 33 676
15 34 205
15 35 817
15 36 420
15 37 869
15 40 253
15 41 459
15 42 406
15 43 28
15 45 903
15 46 948
15 47 288
15 49 106
15 50 145
15 52 327
15 55 349
15 56 109
15 59 996
15 61 741
15 62 251
15 64 175
15 65 859
15 66 793
15 67 726
15 68 856
15 69 905
15 70 674
15 72 161
15 73 478
15 78 133
15 79 507
15 80 387
15 81 729
15 82 185
15 83 918
15 84 481
15 85 325
15 86 2
15 87 750
15 88 100
15 89 670
15 90 378
15 91 187
15 92 775
15 93 493
15 94 934
15 95 431
15 96 974
15 97 266
15 98 882
15 99 473
15 0 249
15 1 532
15 2 751
15 3 918
15 4 47
15 5 514
15 6 391
15 9 70
15 11 180
15 13 213
15 14 238
15 17 113
16 17 831
16 19 575
16 20 359
16 21 636
16 22 934
16 23 366
16 25 543
16 27 295
16 28 301
16 29 792
16 31 988
16 32 391
16 33 182
16 34 79
16 35 195
16 36 10
16 38 225
16 39 486
16 40 418
16 41 508
16 42 358
16 44 886
16 46 351
16 47 169
16 48 297
16 49 885
16 50 849
16 51 854
16 52 132
16 54 907
16 56 779
16 58 799
16 59 709
16 60 907
16 62 881
16 63 850
16 64 171
16 66 380
16 67 749
16 69 345
16 70 919
16 71 549
16 73 967
16 74 404
16 75 65
16 78 918
16 79 182
16 80 934
16 81 182
16 82 634
16 83 545
16 84 860
16 85 305
16 87 782
16 88 340
16 89 830
16 90 235
16 92 253
16 93 196
16 94 331
16 95 190
16 96 556
16 97 603
16 98 836
16 0 308
16 1 447
16 3 524
16 4 666
16 5 194
16 6 609
16 7 98
16 8 550
16 9 495
16 11 99
16 14 584
16 15 187
16 76 663
17 19 509
17 20 665
17 21 469
17 22 709
17 23 613
17 24 4
17 25 690
17 26 333
17 27 526
17 28 670
17 29 566
17 30 962
17 31 109
17 32 18
17 33 692
17 34 858
17 35 903
17 36 409
17 38 171
17 39 499
17 40 28
17 42 826
17 43 736
17 47 344
17 48 208
17 49 859
17 51 752
17 52 263
17 53 669
17 54 543
17 56 141
17 57 132
17 59 530
17 60 315
17 61 916
17 62 93
17 63 69
17 64 649
17 65 184
17 67 554
17 68 553
17 69 426
17 71 499
17 72 2
17 74 797
17 76 463
17 79 209
17 80 552
17 81 363
17 82 49
17 83 188
17 84 854
17 85 268
17 86 22
17 88 370
17 89 610
17 90 937
17 91 630
17 92 414
17 93 51
17 94 460
17 95 436
17 96 412
17 97 494
17 98 620
17 99 285
17 0 859
17 1 746
17 2 171
17 3 331
17 4 812
17 6 837
17 9 250
17 10 124
17 11 4
17 12 822
17 13 496
17 14 493
17 15 569
17 16 189
18 19 657
18 21 541
18 24 278
18 25 999
18 26 646
18 27 763
18 28 844
18 29 966
18 30 542
18 31 859
18 32 47
18 33 637
18 34 143
18 35 510
18 37 564
18 38 928
18 40 321
18 41 67
18 42 406
18 43 230
18 44 487
18 45 162
18 46 767
18 47 698
18 48 988
18 49 946
18 50 117
18 51 239
18 52 235
18 53 446
18 54 554
18 55 723
18 56 67
18 57 460
18 58 369
18 59 354
18 60 237
18 61 918
18 62 576
18 63 775
18 64 367
18 65 663
18 66 310
18 69 543
18 72 620
18 74 204
18 75 606
18 76 313
18 77 987
18 78 368
18 80 904
18 81 203
18 83 421
18 84 654
18 85 922
18 86 374
18 87 7
18 88 394
18 89 570
18 92 417
18 93 369
18 94 282
18 95 912
18 96 622
18 97 561
18 99 837
18 0 713
18 2 858
18 3 177
18 4 80
18 6 704
18 7 500
18 8 64
18 9 739
18 10 379
18 11 27
18 12 810
18 15 153
18 16 536
18 17 445
19 20 488
19 21 193
19 22 307
19 23 11
19 25 755
19 26 605
19 27 761
19 29 371
19 30 582
19 31 81
19 34 332
19 35 967
19 36 264
19 37 107
19 38 127
19 39 309
19 41 233
19 43 767
19 44 644
19 45 110
19 47 801
19 48 82
19 49 423
19 51 951
19 52 22
19 53 875
19 55 19
19 56 912
19 58 845
19 59 281
19 60 536
19 61 477
19 62 154
19 63 254
19 64 8
19 65 722
19 66 81
19 67 713
19 68 87
19 70 545
19 71 841
19 72 17
19 73 540
19 74 314
19 75 463
19 76 702
19 77 186
19 78 287
19 81 266
19 82 166
19 83 449
19 84 677
19 86 217
19 89 108
19 90 225
19 91 96
19 92 747
19 93 93
19 95 494
19 96 149
19 97 654
19 98 322
19 99 723
19 1 868
19 2 262
19 3 191
19 4 440
19 5 113
19 6 887
19 8 782
19 9 692
19 10 431
19 11 21
19 12 0
19 13 141
19 14 102
19 15 217
19 16 511
19 17 169
19 18 765
20 21 282
20 22 828
20 24 956
20 25 621
20 27 877
20 29 269
20 30 0
20 31 540
20 32 556
20 33 118
20 34 767
20 36 553
20 38 365
20 39 801
20 40 522
20 41 848
20 42 930
20 43 159
20 45 807
20 46 16
20 48 814
20 49 567
20 50 529
20 51 452
20 53 208
20 55 504
20 59 421
20 61 426
20 62 374
20 63 229
20 64 985
20 65 508
20 66 706
20 67 409
20 68 456
20 70 954
20 73 652
20 74 928
20 75 994
20 77 255
20 78 765
20 79 421
20 80 531
20 81 666
20 84 716
20 86 1
20 87 525
20 88 313
20 89 50
20 90 179
20 91 816
20 92 724
20 93 612
20 94 369
20 95 64
20 96 892
20 97 777
20 98 989
20 0 393
20 1 509
20 2 711
20 3 958
20 4 975
20 5 889
20 6 283
20 7 83
20 8 631
20 11 630
20 12 793
20 13 958
20 14 407
20 15 58
20 17 211
20 18 423
20 19 408
21 24 546
21 25 363
21 26 538
21 27 980
21 29 587
21 31 852
21 32 900
21 33 181
21 34 480
21 35 591
21 38 654
21 40 144
21 41 14
21 42 842
21 43 352
21 44 548
21 45 288
21 46 264
21 47 240
21 48 771
21 49 21
21 52 793
21 53 884
21 54 594
21 55 974
21 56 63
21 57 958
21 58 300
21 59 464
21 60 845
21 61 249
21 62 554
21 63 61
21 64 821
21 65 429
21 66 511
21 67 115
21 68 755
21 69 683
21 71 787
21 72 3
21 73 107
21 74 482
21 75 389
21 76 740
21 77 338
21 78 880
21 80 656
21 81 670
21 82 720
21 83 579
21 85 106
21 86 388
21 89 957
21 90 601
21 91 930
21 92 265
21 93 693
21 94 577
21 96 744
21 97 352
21 99 219
21 0 868
21 2 159
21 4 304
21 6 862
21 7 590
21 8 211
21 9 850
21 10 947
21 11 592
21 13 601
21 14 320
21 15 226
21 16 53
21 17 498
21 18 110
21 19 710
21 20 245
22 23 562
22 25 393
22 26 144
22 28 351
22 29 498
22 30 360
22 31 20
22 32 753
22 34 635
22 36 973
22 37 518
22 38 517
22 39 974
22 40 539
22 42 439
22 44 981
22 45 788
22 47 111
22 48 340
22 49 575
22 50 577
22 51 529
22 52 608
22 53 498
22 54 872
22 57 182
22 58 917
22 59 780
22 60 515
22 62 470
22 64 881
22 65 572
22 66 60
22 69 620
22 70 531
22 71 462
22 73 495
22 74 635
22 75 691
22 76 539
22 77 295
22 80 788
22 81 617
22 82 399
22 83 892
22 84 721
22 85 221
22 86 616
22 87 689
22 88 468
22 89 830
22 90 466
22 91 818
22 92 697
22 93 63
22 94 30
22 95 526
22 96 90
22 97 863
22 98 30
22 0 740
22 2 777
22 3 490
22 4 725
22 5 326
22 7 433
22 8 522
22 10 358
22 11 338
22 12 62
22 13 425
22 14 578
22 15 295
22 18 959
22 19 441
22 20 186
22 21 540
23 24 77
23 25 26
23 26 242
23 27 425
23 28 378
23 29 830
23 30 987
23 31 991
23 32 118
23 33 680
23 34 171
23 35 773
23 36 443
23 37 378
23 38 26
23 39 158
23 40 568
23 41 131
23 42 361
23 43 183
23 44 340
23 47 401
23 48 544
23 49 480
23 50 98
23 51 927
23 52 623
23 54 555
23 55 627
23 56 775
23 57 770
23 58 188
23 59 556
23 60 316
23 62 888
23 64 328
23 65 749
23 66 133
23 67 578
23 68 545
23 70 267
23 73 464
23 74 700
23 75 381
23 76 555
23 78 390
23 80 400
23 82 29
23 83 874
23 85 59
23 86 84
23 87 481
23 88 245
23 89 217
23 90 468
23 91 128
23 92 824
23 93 591
23 94 573
23 96 823
23 97 475
23 99 566
23 1 350
23 2 248
23 3 729
23 4 305
23 5 265
23 6 38
23 7 150
23 8 485
23 9 430
23 11 988
23 12 915
23 13 867
23 14 751
23 15 525
23 16 770
23 17 830
23 18 314
23 19 143
23 20 38
23 21 41
24 26 38
24 28 539
24 29 997
24 30 996
24 32 859
24 33 435
24 34 143
24 35 227
24 37 782
24 38 956
24 39 49
24 40 614
24 41 158
24 42 537
24 43 437
24 44 587
24 45 982
24 46 114
24 47 810
24 48 272
24 49 221
24 51 641
24 52 207
24 53 714
24 55 760
24 56 353
24 58 913
24 59 700
24 60 293
24 61 359
24 63 50
24 64 52
24 66 570
24 67 122
24 68 617
24 69 915
24 71 675
24 72 839
24 73 531
24 74 779
24 75 444
24 76 948
24 77 350
24 80 505
24 81 60
24 82 890
24 83 795
24 85 811
24 86 265
24 88 244
24 89 467
24 90 96
24 91 139
24 92 600
24 93 525
24 95 293
24 96 673
24 97 163
24 98 367
24 99 595
24 0 369
24 1 596
24 2 856
24 3 270
24 5 511
24 6 989
24 7 402
24 8 612
24 9 86
24 11 665
24 12 399
24 13 22
24 14 785
24 15 514
24 16 651
24 17 171
24 18 846
24 19 724
24 20 918
24 21 251
24 22 738
24 23 587
25 26 218
25 28 233
25 29 385
25 30 316
25 31 945
25 32 558
25 33 440
25 34 32
25 35 854
25 36 687
25 37 940
25 38 310
25 39 26
25 40 194
25 42 792
25 43 300
25 44 708
25 46 106
25 49 401
25 50 299
25 51 371
25 52 275
25 53 999
25 54 796
25 56 44
25 57 626
25 58 774
25 59 805
25 62 544
25 64 593
25 65 337
25 66 350
25 68 119
25 69 809
25 70 826
25 71 548
25 72 568
25 73 153
25 75 881
25 76 814
25 77 310
25 78 957
25 79 284
25 80 457
25 81 795
25 82 403
25 84 758
25 89 320
25 90 961
25 91 849
25 93 297
25 94 775
25 96 392
25 98 471
25 99 214
25 0 386
25 1 176
25 2 869
25 3 93
25 4 809
25 5 884
25 7 696
25 8 159
25 9 496
25 11 132
25 12 302
25 13 653
25 14 79
25 15 500
25 17 954
25 18 173
25 19 346
25 20 588
25 21 844
25 22 641
25 23 219
25 24 329
26 27 257
26 28 689
26 29 431
26 30 53
26 31 236
26 32 708
26 34 761
26 35 823
26 37 676
26 38 600
26 39 600
26 40 662
26 41 782
26 42 102
26 43 852
26 44 785
26 45 801
26 46 182
26 47 60
26 48 967
26 49 905
26 50 529
26 51 946
26 54 848
26 55 911
26 56 65
26 57 997
26 58 222
26 60 737
26 61 131
26 62 840
26 63 227
26 64 891
26 65 52
26 66 477
26 67 130
26 68 290
26 69 284
26 70 971
26 72 316
26 73 434
26 74 617
26 75 956
26 76 872
26 77 379
26 79 851
26 80 165
26 81 144
26 82 573
26 83 204
26 84 88
26 85 615
26 89 236
26 90 757
26 91 673
26 92 898
26 94 28
26 95 36
26 98 178
26 99 633
26 0 573
26 1 583
26 2 794
26 3 191
26 4 269
26 5 344
26 6 115
26 7 45
26 9 118
26 10 199
26 11 395
26 12 307
26 13 273
26 14 778
26 15 539
26 16 660
26 17 443
26 18 899
26 19 503
26 20 196
26 22 614
26 23 665
26 24 489
27 29 384
27 30 258
27 31 311
27 32 563
27 33 45
27 34 859
27 35 133
27 36 229
27 37 492
27 38 270
27 39 432
27 40 297
27 43 335
27 44 834
27 45 328
27 46 928
27 47 543
27 49 98
27 50 426
27 51 280
27 52 928
27 53 533
27 57 996
27 59 533
27 61 641
27 62 90
27 63 736
27 65 671
27 66 670
27 67 239
27 68 540
27 69 935
27 70 122
27 71 458
27 72 57
27 73 734
27 74 19
27 76 200
27 77 663
27 79 294
27 80 467
27 81 657
27 82 668
27 84 867
27 85 343
27 86 855
27 87 826
27 88 10
27 89 433
27 92 851
27 93 240
27 94 470
27 95 1
27 96 604
27 97 776
27 98 643
27 99 491
27 0 538
27 1 439
27 2 848
27 3 400
27 4 910
27 6 946
27 7 589
27 8 375
27 9 869
27 10 298
27 12 890
27 13 551
27 14 172
27 15 347
27 16 803
27 17 138
27 18 163
27 19 572
27 20 220
27 21 154
27 22 876
27 23 89
27 24 473
27 25 615
27 26 374
28 30 993
28 31 27
28 32 791
28 33 461
28 34 689
28 35 513
28 37 765
28 38 322
28 39 448
28 40 634
28 41 168
28 42 968
28 43 923
28 45 183
28 46 407
28 47 753
28 48 175
28 49 735
28 50 815
28 51 453
28 52 647
28 53 522
28 54 804
28 55 688
28 59 367
28 60 211
28 61 833
28 63 988
28 64 288
28 65 837
28 66 583
28 67 129
28 68 6
28 69 360
28 70 310
28 72 906
28 73 510
28 74 200
28 75 159
28 76 846
28 78 453
28 79 871
28 80 274
28 81 910
28 82 549
28 84 204
28 85 113
28 86 686
28 89 763
28 90 409
28 91 241
28 92 605
28 93 523
28 94 2
28 95 153
28 97 919
28 98 256
28 0 752
28 2 748
28 3 788
28 5 749
28 6 740
28 7 684
28 8 182
28 10 665
28 11 274
28 12 775
28 13 796
28 14 931
28 15 938
28 16 796
28 17 963
28 18 603
28 19 329
28 21 491
28 23 702
28 25 288
28 26 692
28 27 702
28 87 451
29 30 143
29 31 450
29 32 744
29 35 522
29 36 707
29 38 709
29 39 338
29 40 176
29 41 214
29 42 19
29 43 811
29 44 149
29 45 250
29 46 746
29 47 897
29 49 716
29 53 550
29 54 264
29 55 392
29 56 782
29 57 272
29 58 967
29 60 2
29 62 917
29 64 825
29 65 683
29 66 301
29 67 918
29 68 710
29 71 756
29 72 668
29 73 407
29 74 509
29 75 220
29 79 460
29 80 302
29 82 790
29 83 920
29 84 441
29 85 623
29 86 437
29 87 144
29 88 496
29 89 124
29 90 871
29 91 13
29 92 994
29 93 989
29 94 373
29 95 149
29 96 451
29 97 219
29 98 359
29 99 666
29 0 418
29 1 209
29 2 749
29 3 412
29 4 122
29 5 933
29 6 586
29 8 890
29 10 76
29 12 242
29 13 712
29 14 588
29 15 250
29 16 722
29 17 267
29 18 19
29 19 428
29 20 26
29 22 408
29 23 75
29 25 208
29 26 393
29 28 39
30 31 753
30 32 763
30 33 230
30 34 177
30 38 424
30 39 624
30 40 295
30 42 951
30 43 874
30 44 530
30 45 291
30 46 331
30 47 956
30 48 563
30 49 428
30 50 187
30 51 777
30 52 237
30 53 129
30 54 699
30 55 976
30 56 457
30 57 897
30 58 72
30 59 969
30 60 571
30 62 124
30 63 882
30 64 128
30 66 452
30 67 443
30 68 188
30 69 337
30 70 244
30 71 717
30 73 350
30 74 868
30 75 912
30 78 99
30 79 981
30 80 963
30 81 453
30 82 945
30 84 285
30 85 827
30 86 926
30 87 414
30 89 981
30 90 174
30 92 390
30 93 74
30 94 688
30 95 60
30 96 38
30 97 361
30 1 829
30 3 297
30 4 814
30 5 39
30 6 800
30 7 413
30 8 331
30 10 624
30 12 538
30 14 642
30 16 822
30 17 895
30 19 613
30 20 114
30 21 195
30 25 404
30 26 220
30 27 977
30 28 723
30 29 2
31 32 896
31 33 493
31 35 72
31 37 933
31 38 570
31 41 510
31 42 8
31 43 760
31 44 536
31 45 320
31 46 561
31 47 19
31 49 722
31 51 838
31 55 278
31 57 215
31 58 807
31 61 419
31 62 796
31 63 977
31 64 154
31 65 901
31 66 567
31 68 303
31 69 854
31 70 311
31 72 178
31 75 542
31 76 257
31 77 18
31 78 69
31 79 975
31 81 859
31 82 620
31 83 268
31 84 581
31 87 979
31 88 371
31 91 161
31 92 656
31 93 302
31 94 877
31 95 357
31 96 166
31 98 45
31 99 628
31 0 555
31 1 463
31 2 710
31 3 479
31 5 978
31 6 936
31 7 674
31 8 339
31 9 527
31 10 757
31 11 854
31 12 857
31 13 816
31 14 71
31 15 239
31 16 644
31 17 121
31 18 247
31 19 195
31 20 24
31 21 57
31 22 31
31 23 977
31 25 243
31 27 61
31 28 994
31 29 306
31 30 601
32 33 645
32 34 250
32 35 328
32 36 124
32 37 476
32 38 662
32 39 539
32 40 37
32 41 193
32 42 92
32 43 146
32 44 466
32 45 826
32 46 53
32 48 759
32 49 112
32 50 62
32 51 383
32 52 39
32 54 480
32 55 6
32 56 339
32 57 5
32 61 905
32 62 948
32 63 955
32 64 244
32 65 496
32 66 564
32 68 310
32 69 424
32 70 421
32 72 449
32 73 386
32 75 519
32 77 560
32 78 628
32 79 429
32 80 903
32 81 433
32 82 628
32 83 132
32 85 983
32 87 625
32 89 334
32 90 583
32 91 720
32 92 654
32 94 40
32 96 516
32 97 501
32 99 758
32 0 32
32 1 767
32 2 617
32 3 1000
32 5 322
32 6 471
32 10 19
32 11 475
32 12 958
32 13 771
32 14 615
32 15 584
32 16 92
32 18 215
32 20 557
32 21 637
32 22 168
32 23 261
32 24 312
32 25 958
32 27 642
32 28 614
32 29 740
32 30 380
33 34 436
33 35 347
33 36 517
33 37 511
33 38 855
33 39 356
33 40 911
33 43 530
33 44 689
33 45 195
33 46 215
33 47 352
33 48 769
33 49 475
33 50 642
33 51 13
33 52 581
33 53 418
33 55 475
33 56 35
33 57 498
33 58 913
33 59 48
33 60 511
33 61 872
33 62 451
33 63 908
33 64 140
33 65 722
33 67 769
33 68 333
33 69 319
33 70 858
33 71 468
33 72 3
33 73 39
33 74 534
33 75 399
33 76 126
33 77 863
33 78 589
33 79 466
33 80 928
33 81 752
33 82 486
33 83 625
33 85 242
33 88 166
33 90 458
33 91 508
33 92 935
33 93 645
33 94 77
33 95 240
33 96 65
33 97 45
33 99 53
33 0 357
33 1 983
33 2 204
33 3 540
33 4 545
33 5 351
33 6 860
33 7 980
33 8 757
33 9 307
33 10 318
33 11 235
33 12 787
33 13 797
33 14 357
33 15 787
33 16 57
33 19 722
33 20 859
33 21 931
33 22 232
33 23 918
33 24 16
33 25 522
33 26 787
33 27 788
33 28 457
33 29 80
33 30 314
33 31 244
34 35 475
34 36 585
34 37 52
34 38 361
34 39 620
34 40 376
34 41 717
34 42 376
34 44 2
34 47 717
34 48 171
34 49 907
34 50 658
34 52 574
34 53 365
34 57 491
34 58 116
34 59 760
34 60 301
34 61 543
34 62 314
34 63 544
34 64 708
34 65 216
34 66 287
34 67 148
34 68 262
34 70 801
34 71 673
34 72 905
34 74 152
34 75 38
34 76 437
34 77 253
34 78 288
34 79 129
34 80 526
34 81 406
34 85 194
34 86 450
34 88 452
34 89 844
34 90 147
34 92 832
34 93 292
34 94 638
34 95 585
34 97 451
34 98 805
34 99 743
34 0 624
34 1 389
34 2 234
34 3 706
34 4 738
34 6 401
34 7 139
34 8 631
34 9 353
34 10 957
34 11 662
34 13 48
34 14 309
34 15 680
34 19 647
34 20 840
34 21 872
34 23 638
34 24 599
34 25 478
34 26 639
34 28 961
34 29 88
34 31 118
34 33 286
34 46 916
34 56 442
35 36 470
35 37 422
35 38 752
35 39 11
35 40 553
35 43 355
35 44 638
35 45 823
35 46 264
35 48 613
35 49 174
35 50 653
35 51 890
35 53 977
35 54 885
35 55 254
35 56 225
35 57 772
35 58 773
35 59 970
35 60 75
35 61 527
35 62 675
35 63 336
35 64 592
35 66 405
35 67 300
35 68 396
35 69 801
35 71 226
35 72 717
35 73 303
35 74 531
35 75 411
35 76 456
35 77 825
35 78 815
35 79 835
35 80 607
35 82 992
35 83 582
35 84 934
35 85 983
35 86 704
35 88 592
35 89 171
35 90 10
35 91 916
35 92 446
35 93 50
35 96 87
35 98 388
35 99 557
35 0 580
35 1 563
35 3 637
35 5 640
35 6 614
35 8 444
35 9 126
35 11 81
35 12 791
35 13 444
35 14 291
35 15 867
35 16 464
35 17 886
35 18 531
35 19 114
35 20 607
35 21 957
35 22 712
35 23 668
35 24 208
35 25 745
35 29 283
35 30 397
35 31 69
35 32 476
35 33 28
35 34 39
36 39 340
36 40 194
36 41 211
36 42 112
36 43 576
36 44 292
36 45 148
36 46 725
36 47 264
36 48 95
36 50 210
36 51 788
36 53 932
36 54 252
36 55 632
36 56 541
36 58 539
36 60 723
36 61 67
36 62 335
36 63 948
36 64 175
36 65 722
36 67 484
36 68 488
36 69 76
36 70 753
36 71 544
36 72 983
36 73 108
36 74 290
36 76 669
36 77 771
36 79 367
36 81 444
36 82 571
36 83 711
36 84 613
36 86 969
36 88 624
36 89 414
36 90 718
36 92 154
36 93 5
36 95 649
36 96 358
36 97 470
36 98 780
36 99 199
36 0 865
36 1 839
36 2 361
36 4 169
36 5 67
36 6 19
36 7 692
36 9 651
36 10 939
36 11 306
36 12 390
36 13 142
36 14 792
36 15 202
36 16 69
36 17 630
36 18 846
36 19 255
36 20 175
36 21 33
36 22 216
36 23 109
36 25 737
36 26 858
36 27 977
36 28 906
36 29 607
36 30 440
36 31 959
36 32 107
36 33 563
36 34 159
36 35 471
36 94 338
37 38 173
37 40 732
37 43 867
37 44 930
37 46 135
37 48 382
37 49 913
37 51 220
37 52 73
37 53 847
37 54 621
37 55 209
37 56 371
37 57 863
37 59 469
37 60 596
37 61 126
37 63 942
37 64 640
37 65 320
37 66 244
37 67 653
37 68 463
37 69 937
37 70 480
37 71 176
37 72 422
37 73 909
37 74 68
37 75 141
37 77 136
37 79 949
37 80 772
37 81 459
37 83 82
37 84 855
37 86 330
37 88 516
37 89 58
37 90 905
37 91 81
37 92 290
37 93 863
37 95 578
37 96 298
37 2 52
37 4 64
37 6 847
37 7 594
37 8 16
37 11 490
37 13 964
37 14 583
37 15 454
37 16 837
37 17 564
37 18 503
37 21 323
37 25 592
37 26 816
37 27 452
37 28 37
37 29 903
37 30 889
37 31 181
37 32 320
37 33 955
37 34 614
37 35 90
37 36 656
38 39 147
38 42 88
38 45 104
38 46 39
38 47 5
38 48 865
38 49 160
38 50 244
38 51 13
38 52 864
38 54 726
38 55 28
38 56 264
38 57 564
38 59 374
38 61 378
38 62 684
38 63 975
38 64 662
38 66 336
38 68 316
38 69 456
38 70 404
38 71 456
38 73 959
38 74 432
38 76 997
38 77 220
38 78 846
38 79 568
38 80 993
38 81 537
38 82 951
38 83 939
38 84 393
38 85 646
38 86 1000
38 88 73
38 90 699
38 91 961
38 92 409
38 93 606
38 94 42
38 95 57
38 98 251
38 99 113
38 0 269
38 1 931
38 2 592
38 3 820
38 4 55
38 5 201
38 7 595
38 8 713
38 10 118
38 11 815
38 13 930
38 15 288
38 16 380
38 17 782
38 19 911
38 20 516
38 21 562
38 23 958
38 24 521
38 25 983
38 27 558
38 28 881
38 29 773
38 30 38
38 32 959
38 33 820
38 34 414
38 35 898
38 36 755
38 37 529
39 41 132
39 43 790
39 44 48
39 45 113
39 47 131
39 48 909
39 49 347
39 50 173
39 51 428
39 52 489
39 53 330
39 54 196
39 58 856
39 59 2
39 60 668
39 61 263
39 63 970
39 64 614
39 65 178
39 66 250
39 68 177
39 69 365
39 71 209
39 72 671
39 73 262
39 74 70
39 75 770
39 77 681
39 78 736
39 80 46
39 81 935
39 82 836
39 83 315
39 85 788
39 86 630
39 87 4
39 88 571
39 89 891
39 90 506
39 91 837
39 94 439
39 95 346
39 97 967
39 0 768
39 1 440
39 3 287
39 4 726
39 6 415
39 8 523
39 9 102
39 10 694
39 11 275
39 13 743
39 14 289
39 15 764
39 16 382
39 18 854
39 20 422
39 21 832
39 22 805
39 23 262
39 25 376
39 26 14
39 28 181
39 29 169
39 31 418
39 32 931
39 35 784
39 36 614
39 37 76
40 41 210
40 42 503
40 43 204
40 44 967
40 45 230
40 46 528
40 48 307
40 49 198
40 50 881
40 51 992
40 52 794
40 53 487
40 54 382
40 55 961
40 56 384
40 57 364
40 58 462
40 59 546
40 60 489
40 61 356
40 62 200
40 63 465
40 64 103
40 65 533
40 66 964
40 67 786
40 68 506
40 70 385
40 71 712
40 72 780
40 73 123
40 74 999
40 77 642
40 78 440
40 80 80
40 81 672
40 82 470
40 83 14
40 84 213
40 85 68
40 86 280
40 87 815
40 89 471
40 90 660
40 91 394
40 92 322
40 94 991
40 95 736
40 96 220
40 97 111
40 98 210
40 99 513
40 0 631
40 1 621
40 2 358
40 3 645
40 4 98
40 5 529
40 7 101
40 8 388
40 11 179
40 12 95
40 13 870
40 14 234
40 15 894
40 16 751
40 17 216
40 18 579
40 19 821
40 20 330
40 21 56
40 22 413
40 23 672
40 24 930
40 25 818
40 26 556
40 27 531
40 29 791
40 30 696
40 32 34
40 33 433
40 34 736
40 35 919
40 38 682
40 39 854
41 42 488
41 43 220
41 44 364
41 45 730
41 46 835
41 47 857
41 48 519
41 49 125
41 50 73
41 51 214
41 52 164
41 53 480
41 55 423
41 56 673
41 57 249
41 58 245
41 59 253
41 60 956
41 63 547
41 64 525
41 65 928
41 68 625
41 69 665
41 70 502
41 72 361
41 73 650
41 75 486
41 76 686
41 77 200
41 79 614
41 81 371
41 83 426
41 84 351
41 85 934
41 86 461
41 88 821
41 89 216
41 90 84
41 91 482
41 92 192
41 93 324
41 94 580
41 95 809
41 96 518
41 97 934
41 98 162
41 99 150
41 0 595
41 1 214
41 2 466
41 5 736
41 8 255
41 9 992
41 10 545
41 11 723
41 12 956
41 13 915
41 14 890
41 15 52
41 16 52
41 17 958
41 18 993
41 19 916
41 20 914
41 21 291
41 22 7
41 23 932
41 24 810
41 26 944
41 27 196
41 28 630
41 29 291
41 30 407
41 31 781
41 32 402
41 36 515
41 38 888
41 39 148
41 40 752
42 44 618
42 45 661
42 46 950
42 47 240
42 48 473
42 49 443
42 50 608
42 51 702
42 52 857
42 53 805
42 55 302
42 56 473
42 57 390
42 58 649
42 59 543
42 60 656
42 61 562
42 62 124
42 63 253
42 64 22
42 65 610
42 66 911
42 68 868
42 70 154
42 71 261
42 72 647
42 74 59
42 75 623
42 77 112
42 78 166
42 79 738
42 80 969
42 81 641
42 82 284
42 83 62
42 86 999
42 87 415
42 88 279
42 89 971
42 91 867
42 92 15
42 93 197
42 94 737
42 95 801
42 97 262
42 99 716
42 0 647
42 1 632
42 2 733
42 3 771
42 4 393
42 5 750
42 7 933
42 9 768
42 10 138
42 11 678
42 12 956
42 13 498
42 15 19
42 16 680
42 17 619
42 19 317
42 20 780
42 21 666
42 22 252
42 24 945
42 25 326
42 26 904
42 27 286
42 28 372
42 29 170
42 30 229
42 31 689
42 32 328
42 33 919
42 35 552
42 36 924
42 37 117
42 38 819
42 39 705
42 40 617
42 41 881
43 46 666
43 47 752
43 48 285
43 49 712
43 51 914
43 52 719
43 53 863
43 54 417
43 56 879
43 58 849
43 59 972
43 60 574
43 61 414
43 62 72
43 63 954
43 64 751
43 65 345
43 66 322
43 67 818
43 68 201
43 69 286
43 72 591
43 73 588
43 74 978
43 75 665
43 76 71
43 78 88
43 80 518
43 81 62
43 83 132
43 84 400
43 85 539
43 86 533
43 87 143
43 88 615
43 90 13
43 91 726
43 92 184
43 93 312
43 94 232
43 95 904
43 96 512
43 97 290
43 98 573
43 0 321
43 1 586
43 2 724
43 3 540
43 4 507
43 5 673
43 6 98
43 7 787
43 8 763
43 9 736
43 10 815
43 11 257
43 12 453
43 13 323
43 15 32
43 16 830
43 17 543
43 18 37
43 19 23
43 21 290
43 23 318
43 24 629
43 25 272
43 26 75
43 28 580
43 29 830
43 30 673
43 31 988
43 32 854
43 33 284
43 34 304
43 35 349
43 36 449
43 37 742
43 39 753
43 40 124
43 41 109
43 42 405
44 45 31
44 46 318
44 48 868
44 49 713
44 50 453
44 51 39
44 53 977
44 54 412
44 56 401
44 57 130
44 58 895
44 60 653
44 61 427
44 62 317
44 63 791
44 64 378
44 66 928
44 67 415
44 68 193
44 69 481
44 70 336
44 71 820
44 72 249
44 73 153
44 74 552
44 75 18
44 76 460
44 77 420
44 79 273
44 80 459
44 81 506
44 82 149
44 83 306
44 84 728
44 87 89
44 88 347
44 89 648
44 90 673
44 91 164
44 92 531
44 93 531
44 94 273
44 95 367
44 96 394
44 98 330
44 99 622
44 0 367
44 1 934
44 2 726
44 3 459
44 4 174
44 7 873
44 8 449
44 10 655
44 12 668
44 16 281
44 17 426
44 18 476
44 19 188
44 20 791
44 21 380
44 22 321
44 23 41
44 24 748
44 25 933
44 27 935
44 28 349
44 29 490
44 30 458
44 31 74
44 32 390
44 34 690
44 36 219
44 37 844
44 38 627
44 40 28
44 42 980
44 43 957
45 46 564
45 47 833
45 48 151
45 49 853
45 50 703
45 51 853
45 52 54
45 54 566
45 55 152
45 56 739
45 59 468
45 61 390
45 63 185
45 64 440
45 67 641
45 68 802
45 71 889
45 72 113
45 73 517
45 74 192
45 76 454
45 77 654
45 78 899
45 79 852
45 80 965
45 81 202
45 82 412
45 83 752
45 86 896
45 88 436
45 89 203
45 90 430
45 92 275
45 93 443
45 94 877
45 95 531
45 98 174
45 2 475
45 3 263
45 4 56
45 5 100
45 6 810
45 8 127
45 9 79
45 10 960
45 11 490
45 12 544
45 13 683
45 14 751
45 15 473
45 16 250
45 17 469
45 18 385
45 20 237
45 21 500
45 22 973
45 24 891
45 25 880
45 26 110
45 27 385
45 29 964
45 30 759
45 31 430
45 32 760
45 33 846
45 34 443
45 35 477
45 36 969
45 39 180
45 40 698
45 41 163
45 42 24
45 43 212
45 44 881
46 48 345
46 49 343
46 50 638
46 51 160
46 53 444
46 54 466
46 55 329
46 56 174
46 57 216
46 58 823
46 59 57
46 60 13
46 61 837
46 62 410
46 64 980
46 65 228
46 66 603
46 67 299
46 69 692
46 70 602
46 71 654
46 72 972
46 76 686
46 77 901
46 78 906
46 79 936
46 80 972
46 81 539
46 83 472
46 84 585
46 85 994
46 86 335
46 87 367
46 88 244
46 89 871
46 90 226
46 91 804
46 92 292
46 93 766
46 95 916
46 96 458
46 97 697
46 98 410
46 99 720
46 0 439
46 1 464
46 2 12
46 3 426
46 4 695
46 5 644
46 8 799
46 9 50
46 12 264
46 13 513
46 14 172
46 15 975
46 17 649
46 19 803
46 20 75
46 21 72
46 22 250
46 23 863
46 24 471
46 25 625
46 26 759
46 27 964
46 30 324
46 32 933
46 33 810
46 34 545
46 35 432
46 36 312
46 39 245
46 41 254
46 42 796
46 43 758
46 44 589
46 45 335
47 48 662
47 49 683
47 50 457
47 51 430
47 53 378
47 55 617
47 56 899
47 57 494
47 58 570
47 59 540
47 60 37
47 61 243
47 63 763
47 64 492
47 65 113
47 67 69
47 68 161
47 69 195
47 71 333
47 72 609
47 73 720
47 74 971
47 75 635
47 77 249
47 78 969
47 79 654
47 80 814
47 81 936
47 82 273
47 83 981
47 85 223
47 86 437
47 87 441
47 88 1000
47 89 701
47 90 929
47 91 699
47 92 330
47 93 759
47 94 100
47 96 82
47 97 107
47 98 836
47 99 197
47 0 617
47 1 161
47 2 422
47 3 208
47 4 794
47 5 350
47 8 971
47 9 513
47 10 175
47 12 174
47 14 76
47 15 300
47 16 357
47 17 107
47 20 891
47 21 204
47 23 306
47 24 472
47 26 130
47 27 70
47 28 33
47 29 164
47 30 507
47 31 415
47 32 136
47 33 343
47 36 722
47 37 873
47 38 84
47 39 880
47 40 259
47 41 422
47 42 119
47 46 246
48 49 685
48 50 852
48 51 831
48 52 468
48 53 683
48 54 508
48 55 953
48 56 466
48 57 168
48 58 804
48 59 401
48 62 254
48 63 582
48 64 354
48 65 297
48 66 800
48 67 452
48 68 147
48 70 905
48 71 135
48 72 162
48 73 296
48 75 172
48 76 725
48 77 605
48 78 566
48 79 299
48 80 948
48 81 91
48 82 910
48 84 360
48 85 751
48 86 319
48 87 614
48 88 369
48 89 680
48 90 523
48 91 51
48 92 675
48 93 725
48 94 507
48 95 551
48 96 897
48 97 284
48 98 121
48 99 57
48 1 274
48 2 684
48 3 102
48 4 582
48 5 131
48 6 333
48 7 58
48 8 547
48 10 119
48 11 297
48 12 790
48 13 73
48 14 362
48 15 339
48 19 792
48 20 944
48 21 239
48 23 102
48 27 302
48 28 11
48 30 362
48 31 995
48 32 560
48 33 247
48 34 464
48 35 125
48 36 73
48 37 656
48 38 290
48 39 589
48 40 174
48 41 936
48 42 184
48 44 180
48 46 721
48 47 234
49 50 418
49 51 394
49 52 297
49 54 568
49 55 666
49 56 91
49 57 425
49 58 462
49 59 690
49 60 20
49 61 385
49 64 459
49 65 63
49 66 371
49 67 637
49 69 558
49 70 530
49 71 473
49 72 963
49 73 945
49 74 734
49 75 73
49 76 379
49 77 618
49 78 314
49 82 823
49 83 486
49 84 125
49 85 318
49 86 293
49 87 148
49 88 885
49 89 826
49 91 704
49 92 187
49 93 273
49 94 254
49 95 633
49 96 334
49 97 775
49 98 620
49 99 411
49 0 145
49 1 266
49 2 422
49 3 857
49 4 499
49 5 924
49 6 646
49 10 774
49 11 626
49 13 363
49 14 325
49 15 387
49 16 285
49 17 944
49 19 699
49 20 331
49 21 94
49 22 134
49 23 101
49 24 298
49 25 147
49 26 414
49 27 85
49 28 28
49 30 254
49 31 866
49 33 916
49 36 492
49 37 148
49 39 106
49 40 590
49 41 403
49 42 868
49 43 108
49 44 382
49 45 789
49 46 394
50 51 684
50 52 853
50 53 890
50 54 853
50 57 66
50 59 919
50 60 104
50 61 274
50 62 652
50 63 216
50 64 637
50 65 843
50 67 817
50 69 726
50 70 474
50 71 503
50 72 403
50 73 776
50 74 859
50 77 151
50 78 767
50 80 131
50 81 436
50 82 170
50 83 58
50 85 446
50 86 257
50 88 285
50 89 179
50 90 505
50 91 886
50 92 614
50 93 189
50 94 285
50 95 135
50 96 483
50 98 715
50 99 456
50 0 861
50 1 5
50 2 535
50 3 807
50 5 749
50 6 17
50 7 454
50 8 666
50 9 41
50 10 364
50 11 361
50 12 229
50 13 458
50 14 120
50 15 841
50 16 908
50 17 441
50 18 948
50 19 605
50 20 158
50 21 47
50 22 607
50 23 215
50 24 255
50 25 421
50 28 7
50 29 29
50 30 885
50 31 77
50 32 467
50 33 396
50 34 719
50 35 346
50 37 450
50 38 562
50 39 720
50 41 820
50 42 750
50 43 699
50 44 101
50 45 399
50 46 222
50 47 903
51 52 846
51 53 668
51 54 570
51 55 976
51 56 782
51 57 338
51 58 41
51 59 184
51 60 801
51 61 380
51 62 573
51 63 134
51 64 763
51 65 92
51 66 80
51 67 71
51 68 421
51 69 81
51 71 475
51 72 680
51 73 33
51 75 851
51 76 840
51 77 857
51 78 456
51 79 112
51 81 406
51 82 560
51 83 653
51 84 48
51 85 991
51 87 621
51 88 55
51 89 205
51 90 545
51 91 59
51 92 197
51 93 68
51 94 658
51 95 377
51 96 407
51 98 502
51 99 487
51 0 302
51 4 34
51 5 192
51 7 938
51 8 750
51 10 196
51 11 740
51 12 456
51 13 530
51 14 178
51 16 411
51 18 150
51 19 603
51 20 564
51 21 642
51 23 546
51 25 847
51 26 20
51 27 24
51 28 642
51 29 749
51 30 4
51 31 535
51 32 63
51 33 483
51 35 319
51 36 558
51 37 34
51 38 457
51 39 488
51 40 790
51 42 981
51 43 602
51 44 118
51 45 297
51 46 905
51 47 683
51 48 271
51 50 254
51 74 49
52 53 493
52 54 591
52 55 179
52 56 613
52 57 754
52 58 303
52 60 238
52 61 181
52 62 450
52 63 727
52 64 710
52 65 432
52 66 960
52 67 923
52 68 123
52 69 856
52 70 951
52 72 102
52 73 102
52 74 30
52 75 748
52 77 763
52 79 435
52 81 556
52 82 338
52 83 588
52 84 865
52 87 143
52 88 495
52 89 37
52 90 221
52 91 137
52 93 698
52 94 863
52 95 118
52 97 100
52 98 399
52 99 613
52 0 665
52 1 835
52 2 214
52 3 457
52 7 329
52 8 936
52 9 685
52 10 887
52 11 423
52 12 362
52 13 718
52 14 401
52 15 599
52 16 503
52 18 300
52 19 851
52 20 122
52 22 980
52 23 186
52 24 975
52 25 546
52 27 358
52 28 495
52 29 103
52 30 768
52 31 376
52 32 363
52 33 17
52 34 605
52 35 534
52 36 724
52 39 948
52 40 809
52 41 77
52 42 439
52 43 542
52 44 900
52 45 20
52 46 20
52 47 295
52 48 767
52 49 847
52 50 339
53 55 14
53 56 857
53 57 856
53 58 248
53 60 637
53 61 172
53 62 258
53 64 211
53 65 711
53 66 350
53 67 31
53 68 898
53 70 298
53 72 318
53 73 904
53 74 767
53 75 744
53 76 191
53 77 766
53 78 746
53 79 336
53 81 494
53 82 371
53 83 911
53 84 984
53 85 492
53 86 150
53 87 525
53 88 844
53 89 518
53 90 807
53 92 74
53 96 822
53 97 363
53 98 195
53 99 352
53 0 136
53 1 180
53 2 674
53 3 798
53 4 414
53 5 778
53 6 262
53 7 75
53 9 473
53 10 425
53 13 118
53 15 52
53 16 967
53 17 629
53 19 982
53 20 154
53 22 326
53 23 51
53 24 252
53 25 934
53 26 710
53 27 698
53 31 888
53 32 659
53 33 516
53 34 236
53 35 438
53 37 980
53 38 802
53 39 687
53 41 615
53 42 762
53 43 82
53 44 653
53 46 8
53 47 762
53 49 33
53 50 89
53 51 985
53 52 153
54 55 78
54 56 597
54 57 976
54 58 519
54 59 805
54 60 44
54 61 12
54 62 49
54 63 198
54 64 297
54 66 232
54 67 143
54 68 952
54 70 171
54 71 787
54 72 521
54 73 810
54 74 824
54 76 484
54 78 438
54 79 349
54 80 543
54 81 233
54 84 942
54 85 71
54 87 468
54 88 882
54 89 104
54 90 562
54 91 278
54 92 936
54 95 233
54 97 919
54 98 919
54 99 246
54 0 123
54 1 986
54 2 304
54 3 818
54 4 848
54 5 168
54 6 457
54 8 574
54 9 780
54 10 542
54 12 127
54 14 371
54 15 310
54 16 345
54 17 664
54 18 47
54 20 694
54 21 652
54 22 169
54 23 685
54 25 69
54 26 705
54 27 904
54 28 778
54 29 974
54 30 115
54 32 360
54 33 920
54 34 977
54 35 353
54 36 399
54 38 517
54 39 743
54 41 430
54 43 989
54 44 671
54 45 111
54 46 942
54 48 663
54 49 14
54 52 160
54 53 262
55 56 457
55 58 821
55 59 851
55 60 260
55 61 809
55 62 556
55 63 773
55 65 870
55 66 771
55 67 977
55 68 890
55 69 505
55 70 266
55 71 632
55 72 618
55 73 812
55 74 992
55 75 324
55 77 194
55 78 748
55 80 549
55 81 740
55 82 846
55 83 879
55 84 342
55 85 324
55 86 388
55 87 147
55 88 641
55 89 416
55 90 122
55 91 287
55 93 906
55 95 725
55 96 152
55 97 694
55 99 305
55 0 278
55 1 857
55 2 981
55 3 370
55 4 325
55 5 856
55 6 506
55 7 324
55 8 760
55 9 230
55 10 875
55 11 475
55 12 420
55 13 519
55 15 741
55 16 398
55 17 944
55 18 946
55 21 982
55 23 728
55 24 220
55 25 602
55 26 155
55 27 148
55 28 629
55 29 387
55 31 393
55 32 525
55 33 660
55 34 219
55 36 744
55 37 724
55 38 805
55 40 614
55 41 290
55 42 81
55 43 908
55 44 863
55 45 963
55 47 457
55 49 487
55 50 669
55 51 879
55 52 979
55 53 444
56 57 651
56 58 564
56 59 69
56 60 702
56 62 660
56 63 85
56 64 685
56 65 172
56 67 254
56 68 481
56 69 886
56 70 517
56 72 23
56 73 285
56 74 448
56 75 508
56 77 154
56 78 330
56 79 751
56 80 397
56 81 827
56 83 993
56 85 284
56 86 962
56 87 83
56 88 931
56 89 416
56 90 389
56 92 445
56 93 118
56 97 447
56 98 973
56 0 969
56 1 874
56 2 999
56 3 810
56 4 288
56 6 82
56 7 333
56 8 821
56 9 987
56 10 818
56 12 593
56 15 394
56 16 73
56 18 880
56 19 380
56 20 606
56 21 513
56 22 157
56 23 740
56 24 101
56 25 124
56 26 804
56 27 731
56 28 615
56 29 635
56 30 435
56 31 582
56 32 823
56 33 153
56 34 77
56 35 888
56 36 661
56 37 343
56 38 682
56 40 343
56 41 491
56 43 417
56 44 71
56 45 406
56 46 913
56 47 985
56 48 942
56 49 164
56 50 938
56 51 283
56 52 685
56 53 904
56 54 935
56 55 405
57 58 128
57 59 540
57 60 371
57 61 798
57 62 236
57 63 157
57 66 10
57 67 213
57 68 823
57 69 512
57 70 857
57 71 773
57 74 62
57 75 823
57 76 717
57 77 435
57 78 934
57 79 96
57 80 885
57 81 218
57 82 51
57 83 49
57 84 125
57 85 617
57 86 116
57 87 320
57 88 561
57 89 598
57 90 624
57 91 330
57 93 734
57 94 709
57 95 316
57 96 692
57 97 309
57 98 540
57 99 82
57 0 777
57 1 254
57 3 34
57 4 219
57 5 572
57 6 185
57 7 22
57 8 926
57 9 241
57 10 504
57 11 196
57 13 996
57 16 898
57 17 211
57 18 256
57 19 592
57 20 334
57 21 477
57 22 379
57 24 375
57 25 273
57 26 780
57 28 376
57 30 324
57 31 734
57 32 641
57 33 911
57 35 83
57 36 954
57 37 764
57 38 466
57 39 291
57 40 36
57 41 484
57 42 550
57 44 228
57 47 337
57 48 401
57 51 78
57 53 290
57 55 970
57 56 389
58 59 303
58 60 452
58 61 504
58 64 882
58 65 30
58 66 531
58 69 154
58 71 226
58 72 472
58 73 719
58 74 63
58 75 778
58 76 991
58 77 670
58 78 809
58 80 863
58 81 794
58 83 756
58 84 586
58 85 586
58 86 568
58 88 997
58 90 733
58 93 589
58 94 205
58 95 671
58 96 314
58 97 739
58 98 338
58 99 547
58 0 703
58 2 463
58 3 928
58 4 103
58 5 75
58 7 50
58 8 392
58 9 560
58 10 199
58 11 508
58 12 593
58 13 630
58 14 28
58 15 827
58 17 145
58 19 688
58 21 776
58 22 433
58 23 609
58 24 76
58 25 307
58 26 885
58 27 739
58 28 271
58 29 207
58 30 337
58 32 229
58 33 163
58 34 363
58 35 177
58 36 752
58 37 458
58 39 119
58 40 452
58 43 655
58 45 922
58 46 328
58 47 163
58 48 488
58 49 197
58 50 631
58 52 149
58 53 416
58 54 941
58 55 638
58 57 5
59 60 74
59 62 78
59 63 965
59 64 575
59 65 38
59 66 899
59 67 779
59 68 769
59 69 39
59 70 747
59 71 140
59 72 112
59 73 972
59 76 835
59 77 816
59 78 33
59 79 652
59 80 14
59 81 282
59 82 348
59 83 654
59 85 801
59 86 259
59 87 617
59 88 354
59 90 644
59 92 472
59 93 482
59 95 807
59 96 515
59 97 917
59 98 990
59 99 27
59 0 66
59 2 427
59 3 607
59 4 564
59 5 602
59 6 158
59 7 157
59 8 432
59 9 808
59 10 713
59 11 397
59 12 161
59 13 160
59 14 798
59 15 131
59 16 750
59 17 178
59 18 90
59 20 103
59 21 846
59 22 234
59 23 949
59 24 927
59 25 771
59 27 549
59 28 278
59 29 70
59 30 671
59 32 21
59 33 919
59 34 807
59 35 282
59 36 536
59 37 562
59 39 150
59 40 37
59 41 34
59 42 81
59 43 555
59 44 597
59 46 967
59 47 837
59 48 449
59 49 869
59 51 677
59 52 940
59 53 454
59 54 173
59 55 129
59 56 748
59 57 657
59 58 61
60 61 643
60 62 734
60 63 775
60 65 804
60 66 546
60 67 809
60 68 263
60 69 906
60 70 267
60 71 6
60 72 15
60 73 196
60 74 400
60 75 631
60 76 52
60 78 460
60 79 786
60 80 206
60 81 712
60 82 146
60 83 704
60 84 776
60 85 803
60 86 879
60 87 151
60 88 350
60 90 999
60 91 146
60 92 931
60 93 8
60 94 837
60 95 322
60 96 66
60 97 769
60 98 967
60 0 411
60 1 325
60 2 339
60 4 994
60 5 591
60 6 193
60 7 605
60 8 638
60 9 189
60 10 425
60 13 778
60 15 298
60 16 131
60 18 763
60 20 134
60 21 520
60 22 721
60 23 759
60 25 955
60 27 295
60 28 826
60 29 643
60 30 671
60 31 939
60 32 835
60 35 771
60 36 952
60 37 912
60 38 331
60 39 723
60 40 102
60 42 736
60 43 320
60 44 54
60 47 924
60 49 24
60 50 833
60 51 135
60 52 71
60 53 511
60 54 194
60 55 96
60 56 276
60 57 260
60 59 758
61 62 790
61 63 303
61 64 661
61 67 602
61 68 90
61 69 179
61 70 421
61 72 754
61 73 760
61 75 556
61 76 877
61 79 868
61 80 174
61 82 666
61 83 72
61 84 496
61 85 794
61 87 445
61 89 139
61 91 590
61 92 653
61 93 27
61 94 391
61 95 190
61 96 379
61 97 548
61 0 203
61 1 820
61 2 710
61 3 315
61 4 447
61 5 652
61 6 590
61 7 379
61 8 537
61 9 726
61 10 386
61 12 813
61 14 863
61 15 406
61 16 392
61 17 23
61 18 400
61 19 293
61 20 152
61 21 718
61 23 762
61 24 295
61 25 104
61 27 296
61 28 353
61 30 725
61 31 271
61 32 973
61 33 780
61 35 938
61 36 163
61 37 753
61 38 465
61 39 612
61 40 513
61 41 517
61 42 279
61 43 77
61 44 666
61 45 331
61 46 256
61 48 824
61 49 784
61 50 98
61 51 804
61 52 756
61 54 179
61 55 952
61 56 961
61 58 586
61 59 727
61 60 52
62 63 718
62 64 825
62 65 14
62 66 943
62 67 203
62 68 183
62 69 67
62 70 1
62 72 310
62 73 571
62 74 536
62 75 572
62 76 17
62 77 919
62 79 189
62 80 812
62 81 272
62 83 725
62 84 413
62 85 160
62 86 716
62 87 748
62 88 454
62 89 613
62 90 706
62 93 884
62 95 435
62 96 442
62 97 58
62 98 72
62 99 695
62 0 236
62 2 656
62 3 305
62 4 249
62 6 703
62 7 612
62 8 382
62 9 687
62 10 623
62 11 867
62 12 259
62 13 307
62 14 642
62 15 327
62 16 116
62 18 836
62 19 311
62 20 132
62 21 400
62 22 4
62 24 892
62 25 721
62 26 572
62 27 378
62 28 869
62 29 682
62 31 426
62 32 629
62 33 998
62 34 635
62 35 877
62 36 387
62 38 656
62 39 546
62 40 112
62 41 430
62 42 582
62 43 718
62 44 818
62 45 496
62 46 390
62 47 78
62 48 893
62 49 987
62 50 424
62 51 169
62 52 723
62 53 307
62 55 207
62 56 53
62 57 727
62 58 400
62 59 443
62 61 805
63 64 345
63 65 879
63 66 504
63 69 523
63 70 684
63 71 86
63 73 388
63 74 601
63 75 585
63 76 578
63 77 734
63 78 557
63 79 965
63 80 30
63 81 520
63 82 29
63 83 460
63 84 830
63 85 916
63 88 292
63 90 517
63 91 706
63 92 472
63 94 20
63 95 204
63 96 495
63 97 355
63 98 374
63 99 58
63 2 386
63 4 165
63 5 875
63 6 44
63 7 299
63 8 26
63 10 729
63 11 74
63 12 761
63 13 339
63 15 876
63 16 627
63 18 81
63 19 276
63 20 787
63 21 679
63 23 840
63 24 843
63 25 123
63 26 644
63 27 830
63 28 91
63 29 326
63 30 719
63 31 377
63 32 870
63 33 979
63 34 875
63 35 137
63 36 423
63 37 261
63 38 605
63 39 892
63 41 435
63 42 624
63 43 853
63 44 476
63 45 856
63 46 347
63 47 704
63 48 40
63 50 621
63 51 465
63 52 234
63 53 638
63 54 116
63 55 595
63 56 469
63 57 222
63 58 140
63 59 169
63 60 678
63 61 189
63 62 512
64 65 813
64 66 532
64 67 339
64 68 235
64 69 550
64 70 861
64 71 362
64 73 329
64 74 23
64 75 282
64 76 527
64 77 133
64 78 151
64 79 557
64 80 147
64 81 409
64 82 301
64 83 17
64 84 930
64 85 20
64 86 408
64 87 461
64 88 461
64 89 79
64 90 550
64 91 941
64 92 445
64 94 260
64 95 945
64 96 976
64 97 595
64 98 73
64 0 904
64 2 183
64 3 111
64 4 635
64 6 637
64 7 170
64 8 407
64 9 110
64 10 868
64 12 284
64 13 52
64 14 878
64 16 123
64 17 452
64 18 900
64 19 769
64 20 764
64 21 941
64 23 967
64 24 786
64 25 630
64 27 241
64 30 977
64 31 612
64 32 553
64 34 177
64 35 276
64 37 119
64 38 921
64 39 570
64 40 677
64 41 781
64 42 377
64 43 856
64 45 77
64 46 652
64 47 983
64 49 706
64 51 649
64 53 280
64 55 338
64 56 683
64 59 20
64 60 375
64 62 144
64 63 883
65 66 283
65 67 437
65 69 473
65 70 813
65 73 195
65 74 220
65 75 486
65 77 727
65 78 682
65 79 218
65 80 633
65 81 91
65 82 958
65 83 360
65 84 893
65 85 576
65 86 706
65 87 776
65 88 845
65 92 525
65 93 717
65 95 269
65 96 80
65 97 287
65 98 409
65 1 229
65 2 166
65 3 207
65 5 748
65 6 231
65 8 451
65 9 258
65 10 454
65 13 249
65 14 707
65 15 96
65 16 375
65 17 919
65 18 175
65 19 657
65 20 836
65 21 805
65 22 317
65 23 458
65 24 932
65 25 494
65 28 120
65 30 385
65 31 115
65 32 234
65 34 702
65 36 733
65 38 740
65 39 911
65 40 327
65 42 294
65 43 74
65 45 470
65 47 231
65 49 122
65 50 162
65 53 89
65 54 876
65 55 805
65 57 990
65 58 643
65 59 969
65 60 70
65 61 949
65 62 603
65 63 900
65 64 163
66 67 153
66 68 839
66 69 40
66 70 328
66 71 665
66 72 393
66 74 369
66 75 389
66 76 872
66 77 9
66 78 927
66 79 224
66 80 285
66 81 491
66 82 645
66 84 824
66 85 953
66 86 403
66 87 128
66 88 320
66 90 940
66 91 576
66 92 85
66 93 308
66 94 491
66 95 766
66 96 902
66 97 301
66 98 383
66 0 977
66 1 134
66 2 760
66 4 33
66 5 953
66 6 928
66 7 132
66 8 274
66 9 129
66 10 302
66 11 247
66 13 64
66 14 152
66 15 116
66 16 478
66 17 831
66 18 543
66 19 186
66 20 617
66 21 992
66 22 553
66 24 723
66 25 702
66 26 238
66 27 745
66 31 707
66 32 61
66 34 432
66 36 303
66 37 589
66 38 326
66 39 9
66 40 196
66 42 857
66 43 546
66 44 795
66 45 515
66 46 572
66 47 911
66 48 874
66 49 811
66 50 709
66 51 175
66 52 816
66 53 183
66 54 251
66 55 661
66 56 163
66 57 829
66 58 996
66 60 595
66 62 563
66 63 355
66 64 89
66 65 472
67 68 713
67 70 692
67 72 48
67 73 934
67 74 257
67 75 383
67 76 25
67 78 34
67 79 145
67 80 826
67 81 839
67 82 456
67 83 687
67 84 198
67 85 938
67 86 189
67 87 106
67 88 319
67 90 274
67 91 353
67 93 25
67 95 100
67 96 870
67 97 567
67 98 298
67 0 584
67 1 734
67 2 281
67 3 406
67 4 813
67 5 694
67 7 95
67 8 78
67 9 362
67 10 222
67 11 930
67 13 754
67 14 238
67 15 166
67 16 503
67 17 293
67 19 270
67 20 678
67 21 331
67 22 410
67 24 960
67 25 418
67 26 546
67 27 257
67 28 287
67 29 303
67 30 637
67 31 541
67 32 658
67 33 863
67 34 132
67 35 856
67 36 926
67 37 870
67 38 79
67 39 490
67 41 792
67 42 36
67 43 28
67 44 31
67 45 860
67 47 594
67 48 3
67 49 532
67 50 635
67 51 65
67 52 692
67 53 87
67 54 702
67 55 915
67 56 406
67 57 703
67 58 813
67 59 47
67 61 865
67 63 161
67 64 224
67 66 95
68 69 563
68 71 870
68 72 3
68 73 291
68 75 11
68 76 921
68 77 259
68 80 82
68 81 238
68 82 350
68 84 818
68 85 987
68 86 516
68 87 909
68 88 386
68 89 262
68 90 428
68 91 242
68 92 249
68 93 524
68 94 271
68 96 689
68 97 50
68 98 788
68 99 979
68 2 22
68 4 53
68 5 739
68 6 561
68 7 228
68 9 263
68 10 684
68 11 728
68 12 410
68 15 541
68 17 929
68 18 815
68 19 352
68 20 738
68 21 930
68 23 564
68 24 646
68 25 285
68 26 970
68 27 291
68 28 534
68 29 951
68 30 396
68 31 155
68 33 194
68 34 744
68 35 404
68 36 686
68 37 700
68 38 708
68 40 269
68 41 469
68 42 317
68 44 906
68 45 699
68 46 160
68 47 52
68 48 551
68 50 957
68 52 648
68 54 44
68 55 737
68 56 918
68 58 15
68 59 411
68 60 198
68 62 131
68 63 959
68 65 605
68 66 982
68 67 574
69 70 806
69 71 552
69 73 629
69 74 14
69 75 629
69 76 480
69 77 82
69 78 481
69 79 37
69 80 967
69 81 291
69 82 247
69 83 722
69 84 649
69 85 771
69 86 201
69 89 846
69 90 305
69 91 981
69 92 970
69 93 890
69 94 92
69 95 727
69 96 580
69 97 516
69 98 569
69 0 477
69 1 26
69 2 615
69 3 643
69 4 124
69 5 478
69 6 776
69 7 316
69 8 284
69 11 667
69 12 897
69 13 771
69 14 999
69 15 463
69 17 238
69 18 814
69 19 166
69 20 554
69 21 268
69 22 568
69 23 542
69 24 322
69 25 579
69 26 253
69 27 792
69 28 674
69 29 603
69 30 195
69 31 576
69 32 848
69 33 630
69 34 131
69 35 66
69 37 556
69 38 994
69 39 853
69 40 892
69 41 795
69 42 721
69 43 169
69 44 535
69 45 255
69 46 449
69 47 519
69 48 106
69 53 785
69 54 772
69 55 250
69 57 330
69 58 551
69 59 639
69 60 91
69 61 37
69 62 233
69 65 795
69 66 455
69 67 743
70 71 710
70 72 573
70 73 772
70 74 916
70 75 55
70 77 934
70 78 454
70 79 372
70 80 673
70 81 166
70 82 247
70 84 318
70 85 145
70 86 699
70 87 146
70 88 717
70 89 572
70 90 20
70 91 729
70 92 489
70 93 0
70 94 649
70 95 793
70 96 122
70 97 167
70 98 115
70 99 559
70 0 148
70 1 906
70 2 184
70 3 96
70 4 122
70 5 1000
70 6 951
70 7 622
70 8 818
70 9 31
70 11 281
70 12 490
70 13 841
70 14 482
70 17 560
70 18 260
70 20 195
70 22 556
70 24 475
70 25 269
70 26 720
70 27 228
70 28 591
70 29 501
70 31 425
70 32 625
70 33 744
70 36 972
70 37 309
70 38 293
70 39 886
70 40 484
70 42 849
70 43 569
70 45 331
70 46 784
70 47 74
70 49 375
70 50 640
70 51 18
70 52 169
70 53 975
70 55 452
70 57 631
70 59 148
70 60 375
70 63 444
70 64 611
70 65 488
70 68 794
70 69 50
71 73 298
71 74 666
71 76 978
71 77 453
71 78 786
71 79 731
71 80 468
71 82 947
71 84 385
71 86 935
71 88 62
71 89 402
71 90 172
71 91 213
71 92 440
71 94 673
71 96 245
71 97 758
71 98 71
71 99 263
71 0 667
71 1 594
71 3 729
71 4 399
71 5 954
71 6 56
71 7 927
71 8 775
71 9 447
71 10 258
71 11 991
71 12 989
71 13 181
71 14 185
71 15 573
71 16 365
71 18 945
71 19 754
71 21 258
71 22 467
71 25 664
71 26 238
71 27 800
71 28 151
71 29 834
71 30 227
71 31 227
71 32 65
71 33 289
71 34 981
71 36 792
71 37 774
71 38 940
71 39 620
71 40 396
71 41 288
71 42 882
71 43 912
71 44 201
71 45 539
71 48 717
71 49 849
71 50 524
71 51 60
71 52 233
71 53 995
71 54 4
71 56 48
71 57 533
71 58 660
71 59 35
71 60 829
71 61 280
71 62 418
71 63 670
71 64 66
71 65 194
71 66 206
71 68 419
71 69 0
71 70 509
72 73 575
72 74 323
72 75 320
72 76 868
72 77 988
72 78 23
72 79 813
72 80 587
72 82 995
72 84 964
72 85 810
72 86 647
72 87 338
72 88 743
72 89 465
72 90 927
72 91 186
72 92 126
72 93 213
72 94 374
72 95 684
72 96 693
72 97 321
72 98 713
72 99 361
72 0 374
72 1 721
72 2 235
72 3 172
72 5 154
72 6 474
72 7 643
72 8 836
72 10 859
72 12 775
72 14 664
72 16 61
72 17 85
72 18 259
72 19 850
72 20 64
72 21 660
72 22 459
72 23 436
72 24 629
72 25 730
72 27 498
72 28 338
72 30 294
72 31 266
72 32 311
72 33 999
72 34 451
72 37 265
72 38 376
72 40 927
72 41 98
72 42 276
72 43 855
72 44 629
72 45 983
72 46 311
72 47 245
72 49 817
72 50 996
72 51 470
72 53 991
72 55 4
72 57 648
72 58 46
72 60 644
72 61 210
72 62 314
72 64 999
72 65 630
72 66 166
72 68 265
72 69 449
72 70 178
72 71 196
73 74 729
73 75 812
73 76 445
73 77 973
73 78 733
73 79 394
73 81 161
73 82 394
73 83 99
73 84 570
73 85 766
73 87 14
73 89 842
73 92 733
73 94 257
73 95 210
73 96 982
73 98 407
73 99 222
73 0 801
73 1 964
73 2 34
73 3 939
73 5 549
73 6 785
73 8 394
73 9 336
73 10 361
73 11 375
73 12 627
73 13 526
73 14 865
73 15 208
73 16 835
73 17 968
73 19 840
73 20 580
73 23 271
73 24 326
73 25 791
73 26 417
73 27 597
73 28 916
73 29 895
73 30 132
73 31 903
73 32 621
73 33 518
73 34 1
73 35 807
73 36 546
73 37 54
73 38 790
73 39 671
73 42 949
73 43 716
73 44 140
73 45 361
73 46 801
73 47 40
73 48 759
73 49 755
73 50 88
73 51 184
73 52 596
73 54 577
73 55 361
73 57 829
73 58 650
73 59 29
73 61 658
73 62 18
73 63 439
73 64 997
73 65 367
73 66 224
73 67 884
73 69 557
73 70 28
73 71 956
73 72 225
74 75 807
74 76 408
74 77 822
74 79 691
74 80 919
74 81 514
74 82 441
74 83 454
74 84 436
74 85 689
74 86 874
74 87 849
74 88 948
74 89 358
74 90 196
74 91 606
74 93 650
74 94 87
74 95 416
74 96 319
74 97 933
74 98 571
74 1 199
74 2 981
74 3 439
74 4 184
74 5 547
74 6 438
74 8 177
74 9 410
74 10 438
74 11 37
74 12 128
74 13 641
74 15 928
74 16 274
74 17 627
74 18 321
74 19 939
74 20 428
74 22 143
74 23 809
74 24 895
74 29 675
74 30 190
74 32 985
74 33 43
74 34 681
74 35 627
74 37 115
74 38 61
74 39 950
74 40 489
74 41 234
74 42 844
74 43 758
74 44 246
74 45 227
74 46 805
74 47 117
74 48 927
74 49 448
74 50 113
74 51 258
74 52 14
74 53 243
74 54 758
74 55 138
74 56 133
74 57 758
74 59 1000
74 60 986
74 61 396
74 62 866
74 64 108
74 65 14
74 67 540
74 68 852
74 69 328
74 71 227
74 72 702
74 73 723
75 76 927
75 77 13
75 78 699
75 79 440
75 80 853
75 82 911
75 84 658
75 85 327
75 87 987
75 88 185
75 89 421
75 90 572
75 91 179
75 92 978
75 93 596
75 94 463
75 95 159
75 96 996
75 97 291
75 98 429
75 99 634
75 1 774
75 2 376
75 3 938
75 4 520
75 5 916
75 6 996
75 7 867
75 8 458
75 9 967
75 10 89
75 11 704
75 12 941
75 14 983
75 16 533
75 17 796
75 19 372
75 20 980
75 21 556
75 22 399
75 23 578
75 24 174
75 25 999
75 26 298
75 27 439
75 28 719
75 29 456
75 30 282
75 31 502
75 32 725
75 33 424
75 34 844
75 35 446
75 36 248
75 37 930
75 38 80
75 39 884
75 40 716
75 41 994
75 42 401
75 43 444
75 44 521
75 45 113
75 46 152
75 47 121
75 48 485
75 49 659
75 50 185
75 51 221
75 52 615
75 53 858
75 54 195
75 55 348
75 56 528
75 57 1000
75 58 857
75 59 885
75 61 551
75 62 128
75 64 836
75 65 918
75 67 211
75 68 316
75 69 957
75 70 875
75 71 672
75 72 26
75 73 664
75 74 975
75 83 432
76 77 238
76 78 180
76 79 258
76 80 708
76 82 242
76 83 903
76 84 740
76 85 862
76 88 407
76 89 382
76 90 175
76 91 996
76 92 683
76 93 374
76 94 354
76 95 211
76 97 525
76 98 857
76 99 33
76 1 12
76 2 201
76 3 893
76 4 565
76 5 162
76 6 190
76 7 577
76 8 375
76 9 206
76 12 975
76 13 707
76 14 893
76 16 183
76 17 71
76 18 752
76 20 67
76 22 256
76 24 27
76 25 101
76 27 502
76 28 239
76 29 106
76 30 174
76 31 457
76 32 877
76 33 168
76 35 616
76 36 357
76 37 158
76 39 586
76 40 112
76 42 491
76 43 430
76 44 433
76 45 672
76 46 107
76 48 368
76 49 890
76 50 1
76 51 240
76 52 668
76 53 652
76 54 934
76 56 166
76 57 434
76 59 739
76 60 39
76 61 924
76 63 155
76 64 299
76 65 265
76 66 658
76 70 837
76 71 450
76 72 590
76 73 519
76 74 8
77 78 760
77 79 423
77 80 444
77 82 104
77 83 302
77 84 581
77 87 954
77 89 134
77 90 655
77 92 954
77 93 971
77 94 169
77 95 584
77 96 147
77 97 966
77 99 430
77 0 42
77 1 320
77 2 682
77 3 345
77 4 655
77 5 583
77 6 896
77 7 766
77 8 258
77 11 619
77 12 159
77 14 713
77 17 83
77 18 217
77 19 66
77 20 561
77 21 900
77 23 748
77 24 213
77 25 770
77 26 172
77 27 138
77 28 787
77 29 699
77 30 812
77 31 893
77 32 894
77 35 808
77 36 898
77 38 313
77 39 354
77 40 211
77 41 789
77 42 784
77 43 840
77 44 987
77 45 548
77 48 752
77 49 826
77 50 629
77 51 681
77 52 456
77 54 76
77 55 730
77 56 330
77 58 407
77 59 930
77 62 168
77 64 405
77 66 488
77 69 925
77 70 729
77 71 214
77 73 660
77 74 221
77 75 677
78 79 527
78 80 334
78 81 154
78 82 705
78 84 690
78 86 716
78 87 877
78 88 434
78 89 7
78 90 600
78 91 204
78 93 644
78 94 759
78 96 983
78 97 907
78 0 237
78 1 888
78 2 935
78 5 574
78 6 550
78 8 512
78 9 369
78 10 754
78 11 40
78 12 466
78 13 374
78 14 937
78 15 396
78 16 550
78 17 79
78 19 95
78 21 553
78 22 864
78 23 939
78 25 13
78 27 59
78 28 850
78 29 983
78 30 733
78 31 382
78 32 841
78 33 172
78 34 748
78 35 307
78 36 236
78 37 164
78 39 732
78 40 767
78 41 629
78 42 30
78 43 157
78 44 529
78 45 323
78 46 955
78 47 621
78 49 452
78 50 325
78 51 749
78 52 131
78 53 152
78 54 259
78 55 918
78 56 327
78 57 375
78 59 521
78 60 637
78 61 405
78 62 146
78 63 476
78 64 43
78 65 641
78 66 929
78 67 537
78 68 703
78 69 108
78 70 716
78 71 987
78 72 588
78 73 798
78 74 766
78 75 126
78 76 68
78 77 570
79 80 475
79 81 520
79 82 3
79 83 921
79 84 272
79 85 787
79 86 207
79 87 794
79 89 528
79 93 549
79 94 752
79 95 174
79 96 282
79 97 46
79 98 875
79 99 663
79 0 505
79 3 356
79 4 417
79 5 75
79 7 585
79 10 755
79 11 144
79 12 257
79 13 925
79 14 670
79 15 961
79 16 525
79 18 855
79 21 564
79 22 74
79 24 949
79 27 771
79 28 475
79 29 624
79 30 698
79 31 220
79 33 612
79 34 43
79 35 836
79 36 877
79 37 450
79 38 848
79 39 637
79 42 923
79 43 861
79 44 240
79 45 670
79 46 3
79 47 137
79 49 841
79 50 859
79 51 975
79 52 918
79 53 143
79 55 624
79 56 257
79 57 172
79 58 494
79 60 264
79 61 42
79 62 48
79 63 388
79 65 861
79 66 574
79 67 11
79 68 202
79 69 239
79 70 786
79 71 305
79 72 332
79 73 85
79 74 624
79 75 243
79 76 947
79 77 298
79 78 884
80 81 303
80 82 693
80 84 333
80 86 436
80 87 855
80 88 494
80 89 757
80 90 715
80 91 474
80 92 402
80 93 775
80 94 667
80 95 736
80 96 933
80 97 156
80 98 551
80 99 10
80 0 592
80 1 537
80 2 283
80 4 464
80 5 291
80 6 116
80 7 57
80 9 228
80 10 139
80 11 576
80 13 381
80 16 512
80 17 618
80 18 65
80 19 767
80 21 653
80 23 803
80 24 712
80 25 613
80 26 79
80 27 332
80 28 20
80 29 413
80 30 24
80 31 553
80 32 440
80 33 217
80 34 414
80 36 985
80 37 976
80 38 388
80 40 681
80 42 886
80 43 652
80 44 56
80 45 737
80 46 329
80 47 400
80 48 353
80 49 640
80 50 590
80 51 395
80 52 676
80 54 662
80 55 8
80 56 643
80 58 518
80 60 382
80 61 972
80 64 207
80 65 110
80 66 666
80 67 288
80 68 594
80 69 360
80 71 61
80 72 800
80 73 678
80 74 814
80 75 383
80 76 943
80 77 18
80 78 726
80 79 210
81 83 212
81 84 897
81 85 966
81 87 186
81 88 571
81 89 598
81 90 16
81 92 832
81 93 922
81 94 478
81 95 462
81 97 609
81 99 249
81 2 429
81 3 226
81 4 897
81 5 814
81 6 134
81 7 342
81 8 308
81 9 637
81 10 836
81 12 158
81 13 661
81 14 51
81 15 68
81 17 424
81 18 450
81 19 8
81 20 541
81 21 55
81 23 391
81 24 249
81 25 875
81 26 702
81 27 448
81 28 669
81 29 56
81 31 760
81 32 236
81 33 18
81 34 125
81 35 91
81 36 727
81 37 652
81 38 541
81 39 106
81 40 239
81 42 232
81 45 1
81 46 940
81 47 586
81 48 692
81 49 132
81 50 622
81 51 596
81 53 83
81 54 692
81 55 53
81 56 856
81 57 248
81 58 677
81 59 537
81 60 281
81 62 949
81 63 514
81 64 687
81 65 544
81 67 979
81 68 760
81 70 18
81 71 744
81 72 496
81 73 760
81 74 890
81 75 130
81 76 145
81 77 70
81 78 83
81 79 636
82 83 987
82 84 507
82 86 674
82 88 126
82 89 901
82 90 609
82 91 619
82 92 996
82 93 256
82 94 341
82 96 472
82 98 496
82 99 202
82 0 930
82 1 463
82 2 192
82 4 556
82 6 18
82 7 327
82 8 969
82 9 429
82 10 981
82 11 340
82 12 36
82 13 405
82 14 834
82 16 667
82 17 312
82 18 707
82 19 992
82 20 888
82 21 883
82 23 325
82 24 893
82 25 88
82 26 87
82 27 542
82 29 525
82 30 409
82 31 239
82 32 563
82 34 774
82 35 540
82 36 324
82 37 804
82 38 3
82 41 355
82 43 519
82 44 656
82 45 445
82 46 726
82 47 984
82 49 358
82 50 426
82 51 778
82 52 106
82 53 554
82 54 809
82 55 581
82 56 184
82 58 417
82 59 837
82 60 643
82 61 207
82 62 877
82 63 491
82 64 244
82 66 162
82 67 464
82 68 896
82 69 564
82 71 921
82 72 198
82 73 113
82 76 452
82 77 657
82 79 849
82 81 539
83 85 33
83 88 142
83 89 916
83 90 503
83 92 691
83 93 434
83 94 69
83 95 34
83 96 597
83 97 612
83 98 144
83 99 729
83 0 356
83 2 108
83 3 976
83 4 661
83 5 207
83 6 860
83 7 213
83 9 404
83 10 729
83 11 37
83 14 735
83 15 38
83 16 330
83 17 696
83 18 883
83 19 853
83 20 813
83 22 392
83 23 585
83 24 539
83 25 300
83 27 546
83 28 437
83 29 145
83 30 789
83 31 851
83 32 576
83 33 932
83 35 5
83 36 808
83 38 962
83 39 70
83 40 526
83 43 833
83 44 158
83 45 711
83 46 910
83 48 202
83 49 241
83 50 37
83 51 93
83 53 313
83 54 941
83 55 321
83 56 397
83 57 533
83 59 423
83 60 134
83 61 734
83 62 866
83 63 130
83 64 246
83 65 88
83 66 39
83 67 644
83 68 354
83 69 412
83 70 770
83 71 925
83 72 609
83 73 149
83 74 337
83 75 415
83 76 827
83 77 177
83 78 436
83 79 66
83 81 357
84 86 94
84 87 698
84 89 938
84 90 906
84 92 285
84 93 101
84 94 27
84 95 416
84 96 399
84 97 950
84 98 253
84 99 889
84 0 958
84 1 198
84 2 872
84 4 569
84 5 211
84 6 876
84 7 445
84 8 433
84 9 785
84 10 452
84 11 399
84 12 643
84 13 755
84 14 907
84 15 832
84 16 418
84 17 181
84 18 389
84 19 60
84 21 156
84 22 220
84 23 136
84 24 570
84 25 25
84 27 125
84 28 412
84 29 789
84 30 74
84 31 764
84 34 538
84 35 806
84 36 981
84 37 999
84 38 846
84 39 440
84 40 838
84 41 581
84 43 179
84 44 247
84 45 798
84 46 803
84 47 247
84 48 516
84 49 427
84 50 826
84 51 582
84 52 611
84 53 785
84 54 656
84 56 751
84 57 998
84 58 199
84 60 92
84 62 564
84 63 250
84 64 214
84 66 587
84 67 841
84 68 163
84 69 651
84 70 227
84 71 769
84 72 500
84 73 286
84 74 365
84 75 842
84 76 787
84 77 15
84 78 105
84 79 585
84 80 795
84 81 773
84 83 558
85 87 697
85 88 184
85 89 712
85 90 500
85 91 656
85 93 87
85 94 641
85 95 318
85 96 692
85 97 544
85 98 512
85 99 359
85 1 499
85 2 688
85 3 224
85 4 796
85 5 100
85 6 549
85 7 440
85 8 910
85 9 56
85 10 660
85 12 85
85 13 990
85 14 76
85 15 617
85 16 960
85 17 257
85 18 909
85 19 587
85 22 881
85 23 116
85 24 119
85 25 886
85 27 254
85 28 193
85 29 903
85 30 894
85 31 878
85 32 668
85 33 864
85 34 664
85 35 721
85 37 196
85 38 423
85 39 162
85 40 112
85 42 851
85 44 723
85 45 281
85 47 317
85 48 958
85 49 324
85 50 169
85 51 802
85 52 457
85 53 942
85 54 770
85 55 199
85 56 412
85 57 852
85 58 633
85 60 234
85 61 8
85 62 501
85 63 869
85 64 174
85 65 600
85 66 670
85 67 774
85 68 384
85 70 389
85 71 172
85 74 403
85 77 793
85 79 485
85 80 538
85 81 396
85 82 621
85 83 490
85 84 713
86 87 199
86 89 596
86 90 448
86 91 933
86 93 14
86 94 348
86 95 764
86 96 861
86 97 664
86 98 197
86 99 507
86 0 505
86 1 782
86 2 765
86 3 279
86 4 87
86 5 879
86 6 814
86 7 539
86 8 880
86 9 856
86 10 284
86 12 164
86 14 475
86 15 739
86 16 131
86 18 311
86 20 35
86 21 266
86 22 904
86 23 231
86 24 538
86 25 781
86 26 486
86 27 695
86 28 454
86 29 635
86 30 140
86 31 4
86 34 839
86 36 649
86 37 671
86 40 922
86 41 757
86 42 289
86 43 508
86 44 764
86 45 502
86 46 424
86 48 271
86 49 497
86 51 291
86 52 571
86 53 20
86 54 986
86 55 766
86 56 667
86 57 497
86 58 685
86 59 886
86 60 82
86 61 207
86 62 50
86 63 270
86 64 126
86 65 550
86 66 776
86 68 536
86 69 859
86 70 0
86 71 188
86 72 765
86 73 380
86 74 781
86 75 668
86 77 676
86 78 728
86 79 539
86 80 94
86 81 536
86 82 500
86 83 221
86 84 716
86 85 668
87 88 231
87 91 605
87 92 806
87 93 344
87 94 264
87 95 600
87 96 138
87 97 648
87 98 566
87 0 418
87 1 143
87 3 652
87 4 188
87 5 182
87 6 651
87 7 758
87 8 70
87 9 775
87 10 196
87 11 567
87 12 670
87 13 263
87 14 822
87 15 504
87 17 778
87 18 349
87 20 774
87 21 718
87 22 45
87 23 53
87 24 317
87 26 387
87 27 925
87 28 648
87 29 70
87 30 976
87 31 989
87 32 663
87 33 591
87 34 321
87 35 279
87 36 212
87 37 989
87 38 831
87 39 564
87 40 969
87 41 285
87 42 10
87 43 451
87 44 427
87 45 599
87 46 485
87 48 257
87 49 163
87 50 765
87 52 488
87 54 546
87 55 526
87 57 451
87 59 724
87 60 575
87 62 665
87 63 608
87 64 223
87 67 168
87 68 893
87 69 996
87 70 801
87 71 933
87 72 112
87 73 679
87 74 911
87 75 868
87 76 511
87 77 130
87 78 789
87 79 953
87 82 690
87 83 206
87 84 69
88 89 867
88 90 997
88 91 168
88 92 596
88 93 353
88 94 735
88 95 65
88 97 538
88 98 683
88 99 603
88 0 894
88 2 110
88 3 930
88 4 811
88 5 858
88 6 426
88 7 637
88 8 607
88 9 746
88 10 596
88 11 955
88 14 722
88 15 151
88 16 784
88 17 953
88 18 555
88 19 379
88 20 819
88 22 804
88 25 130
88 26 379
88 27 103
88 28 185
88 29 879
88 30 718
88 31 843
88 32 459
88 33 646
88 34 471
88 35 838
88 36 100
88 38 221
88 39 660
88 40 388
88 42 755
88 43 832
88 44 639
88 45 446
88 46 634
88 47 462
88 48 598
88 49 506
88 50 808
88 51 547
88 53 622
88 54 923
88 56 128
88 57 378
88 58 144
88 59 936
88 60 824
88 61 231
88 64 764
88 65 758
88 66 691
88 68 564
88 69 771
88 70 529
88 71 149
88 72 845
88 73 333
88 75 689
88 76 720
88 77 788
88 78 822
88 79 157
88 80 202
88 81 4
88 82 856
88 83 471
88 84 809
88 86 131
88 87 882
89 91 405
89 92 807
89 93 211
89 95 887
89 96 841
89 97 407
89 98 109
89 99 94
89 0 636
89 1 566
89 3 124
89 4 222
89 5 110
89 6 881
89 7 560
89 8 840
89 11 876
89 12 986
89 13 598
89 14 530
89 16 454
89 17 456
89 18 363
89 19 753
89 20 25
89 21 465
89 22 436
89 23 680
89 25 105
89 26 545
89 27 997
89 28 373
89 29 563
89 30 362
89 31 128
89 32 802
89 33 496
89 34 81
89 35 798
89 36 230
89 37 377
89 39 522
89 40 753
89 42 165
89 43 374
89 45 652
89 46 497
89 48 647
89 49 301
89 50 92
89 51 903
89 52 126
89 53 835
89 55 564
89 56 365
89 57 753
89 58 373
89 59 450
89 60 54
89 61 566
89 62 577
89 63 130
89 67 131
89 68 952
89 69 878
89 71 933
89 73 198
89 74 492
89 75 776
89 76 650
89 77 764
89 78 424
89 80 235
89 84 440
89 85 522
89 86 794
89 87 532
90 91 427
90 93 373
90 94 988
90 95 935
90 96 881
90 97 925
90 98 938
90 0 772
90 1 91
90 2 276
90 5 675
90 6 870
90 7 205
90 9 924
90 10 75
90 11 181
90 12 724
90 13 28
90 14 11
90 15 294
90 16 254
90 17 853
90 20 693
90 21 662
90 24 793
90 25 202
90 26 909
90 27 628
90 28 518
90 29 251
90 30 31
90 31 300
90 32 55
90 34 79
90 35 573
90 36 589
90 38 118
90 39 255
90 41 282
90 42 53
90 43 209
90 44 39
90 45 991
90 46 166
90 47 355
90 48 945
90 49 583
90 50 699
90 51 521
90 53 793
90 54 679
90 55 192
90 56 234
90 57 613
90 58 398
90 60 947
90 61 487
90 63 258
90 64 886
90 65 821
90 67 76
90 68 716
90 69 900
90 70 546
90 71 967
90 73 428
90 74 675
90 75 163
90 76 726
90 77 438
90 78 619
90 81 871
90 82 832
90 83 269
90 85 448
90 86 850
90 87 390
90 88 390
90 89 572
91 92 363
91 93 482
91 94 821
91 95 46
91 96 379
91 97 832
91 98 796
91 0 775
91 1 111
91 2 23
91 3 113
91 4 614
91 5 6
91 6 787
91 7 624
91 8 126
91 9 954
91 10 370
91 11 327
91 12 292
91 14 214
91 15 179
91 19 766
91 20 618
91 22 807
91 23 977
91 24 240
91 25 124
91 26 350
91 27 234
91 28 257
91 29 517
91 30 405
91 31 812
91 32 203
91 33 831
91 35 748
91 36 48
91 40 704
91 41 852
91 42 680
91 43 64
91 44 691
91 45 263
91 46 277
91 47 460
91 48 235
91 49 219
91 50 856
91 51 762
91 52 718
91 53 949
91 55 924
91 56 635
91 57 988
91 59 161
91 61 346
91 63 477
91 64 565
91 65 109
91 66 567
91 67 316
91 69 993
91 70 711
91 72 783
91 73 253
91 74 65
91 76 794
91 78 678
91 80 204
91 82 670
91 83 475
91 84 55
91 85 651
91 86 203
91 87 610
91 88 297
91 89 430
91 90 157
92 94 785
92 96 915
92 97 563
92 98 69
92 1 355
92 2 991
92 3 986
92 4 329
92 5 524
92 6 731
92 8 188
92 9 725
92 10 771
92 11 512
92 12 560
92 13 711
92 14 167
92 16 953
92 17 53
92 18 677
92 19 933
92 20 687
92 21 65
92 22 451
92 23 958
92 24 44
92 26 549
92 27 993
92 28 115
92 29 864
92 30 483
92 32 8
92 33 48
92 34 491
92 35 324
92 36 232
92 37 429
92 38 290
92 39 759
92 40 925
92 41 690
92 42 894
92 43 13
92 44 665
92 46 12
92 49 27
92 50 823
92 51 535
92 52 47
92 54 816
92 55 310
92 56 772
92 57 226
92 58 784
92 59 767
92 60 874
92 61 567
92 62 497
92 63 65
92 64 150
92 66 495
92 68 41
92 69 898
92 71 614
92 72 629
92 73 443
92 74 86
92 76 571
92 78 221
92 79 413
92 82 426
92 84 411
92 85 877
92 86 456
92 87 743
92 88 394
92 89 799
93 94 616
93 95 940
93 96 936
93 97 709
93 99 625
93 0 911
93 1 926
93 2 793
93 3 705
93 4 622
93 5 686
93 7 710
93 9 299
93 10 291
93 11 366
93 12 640
93 13 191
93 14 139
93 15 404
93 16 350
93 18 199
93 19 741
93 20 57
93 21 681
93 22 918
93 24 61
93 25 41
93 26 361
93 27 990
93 29 344
93 30 273
93 31 509
93 33 946
93 34 294
93 35 564
93 36 465
93 38 349
93 39 701
93 40 247
93 41 871
93 42 938
93 43 941
93 44 397
93 45 487
93 47 60
93 49 920
93 51 679
93 52 747
93 54 324
93 55 644
93 56 514
93 57 371
93 58 66
93 59 549
93 60 63
93 62 509
93 63 322
93 65 789
93 66 895
93 68 314
93 69 450
93 70 284
93 72 348
93 73 330
93 75 434
93 76 30
93 77 707
93 78 837
93 79 100
93 81 991
93 82 855
93 84 796
93 85 815
93 86 538
93 87 138
93 89 702
93 91 727
94 96 428
94 97 597
94 98 492
94 99 460
94 0 475
94 1 893
94 2 786
94 3 396
94 4 279
94 5 525
94 6 856
94 7 249
94 8 348
94 9 264
94 10 255
94 11 993
94 12 870
94 13 256
94 15 322
94 16 89
94 17 800
94 19 224
94 21 477
94 22 841
94 23 431
94 24 123
94 25 556
94 27 694
94 28 276
94 29 431
94 30 709
94 31 412
94 32 248
94 34 0
94 36 618
94 37 150
94 39 210
94 40 108
94 41 569
94 42 657
94 43 296
94 44 344
94 45 506
94 47 635
94 48 477
94 49 857
94 50 666
94 53 363
94 54 753
94 55 950
94 56 947
94 57 53
94 58 529
94 59 70
94 60 923
94 62 252
94 63 678
94 64 629
94 65 536
94 67 292
94 68 549
94 69 676
94 70 94
94 71 692
94 74 403
94 75 940
94 76 269
94 77 770
94 81 852
94 83 831
94 84 207
94 85 997
94 87 77
94 88 683
94 89 967
94 91 831
94 92 37
94 93 825
95 97 305
95 98 241
95 99 70
95 0 615
95 1 834
95 2 326
95 3 146
95 4 330
95 5 266
95 6 691
95 8 806
95 10 709
95 11 464
95 12 515
95 13 643
95 17 261
95 18 287
95 19 983
95 20 769
95 21 732
95 22 645
95 23 20
95 24 969
95 25 569
95 26 458
95 27 912
95 28 957
95 31 282
95 32 524
95 33 62
95 34 547
95 35 363
95 36 856
95 37 575
95 38 680
95 40 290
95 41 595
95 42 714
95 43 265
95 44 355
95 46 340
95 47 222
95 48 607
95 49 910
95 50 652
95 51 215
95 52 910
95 54 620
95 55 169
95 56 667
95 57 414
95 58 976
95 61 977
95 63 262
95 64 238
95 65 556
95 68 881
95 70 489
95 71 121
95 72 612
95 73 851
95 74 728
95 75 33
95 76 449
95 77 547
95 78 420
95 79 820
95 80 488
95 81 99
95 82 468
95 83 863
95 86 821
95 87 828
95 88 33
95 89 929
95 91 315
95 92 922
95 93 557
95 94 332
96 97 642
96 98 211
96 99 548
96 0 789
96 1 938
96 2 854
96 3 227
96 4 953
96 6 1
96 7 901
96 8 734
96 9 577
96 11 510
96 12 824
96 13 532
96 14 396
96 16 232
96 18 743
96 19 665
96 20 598
96 21 301
96 22 525
96 24 714
96 25 967
96 26 969
96 27 658
96 28 149
96 29 818
96 31 108
96 32 517
96 33 11
96 34 514
96 35 115
96 36 468
96 37 590
96 38 506
96 39 573
96 40 6
96 41 512
96 42 510
96 43 855
96 45 561
96 47 359
96 48 111
96 50 154
96 52 583
96 53 778
96 54 1000
96 55 535
96 56 298
96 59 548
96 60 929
96 62 152
96 63 276
96 64 573
96 65 203
96 66 538
96 68 250
96 69 82
96 71 20
96 72 922
96 73 819
96 74 222
96 75 303
96 76 115
96 77 675
96 78 348
96 80 615
96 81 268
96 83 987
96 85 802
96 87 17
96 88 895
96 89 131
96 90 563
96 91 894
96 92 144
96 94 404
96 95 626
97 98 263
97 99 540
97 0 187
97 1 703
97 2 555
97 3 522
97 4 989
97 5 203
97 6 309
97 7 512
97 8 445
97 9 388
97 10 99
97 11 537
97 12 225
97 13 180
97 14 259
97 16 221
97 17 365
97 18 333
97 19 277
97 20 335
97 21 863
97 22 633
97 24 710
97 25 889
97 26 648
97 27 30
97 28 93
97 29 9
97 30 944
97 31 65
97 33 447
97 34 198
97 35 65
97 36 294
97 37 102
97 38 422
97 40 171
97 41 990
97 42 706
97 43 592
97 44 169
97 46 648
97 47 38
97 48 503
97 50 145
97 51 568
97 52 401
97 53 341
97 54 53
97 55 299
97 56 43
97 57 471
97 58 630
97 59 894
97 61 242
97 62 304
97 63 446
97 64 286
97 65 908
97 66 823
97 67 4
97 68 132
97 69 862
97 70 199
97 71 992
97 72 498
97 73 146
97 74 675
97 76 26
97 77 230
97 78 38
97 79 135
97 80 610
97 81 229
97 82 297
97 83 352
97 84 877
97 85 243
97 86 803
97 89 86
97 90 345
97 91 12
97 92 938
97 93 486
97 94 851
97 95 889
98 99 70
98 0 323
98 1 746
98 2 417
98 3 991
98 6 307
98 7 552
98 9 751
98 10 123
98 11 927
98 12 789
98 13 275
98 14 28
98 16 266
98 17 763
98 18 131
98 19 723
98 21 768
98 22 340
98 24 644
98 25 867
98 26 848
98 27 760
98 29 811
98 30 571
98 31 234
98 32 317
98 33 475
98 34 431
98 36 210
98 38 201
98 39 569
98 40 326
98 41 401
98 42 483
98 43 742
98 44 602
98 45 182
98 46 47
98 48 294
98 49 379
98 50 340
98 52 617
98 54 6
98 55 356
98 56 962
98 57 683
98 58 838
98 59 10
98 60 790
98 62 787
98 64 878
98 65 565
98 66 391
98 67 193
98 68 859
98 69 259
98 70 514
98 71 295
98 72 780
98 73 755
98 74 371
98 75 507
98 77 450
98 80 102
98 81 46
98 82 874
98 83 878
98 84 187
98 86 477
98 88 562
98 89 175
98 90 18
98 91 616
98 92 894
98 93 93
98 94 858
98 95 829
98 96 554
98 97 932
99 0 523
99 1 608
99 2 332
99 3 10
99 4 391
99 5 738
99 6 123
99 7 212
99 8 653
99 9 761
99 11 144
99 12 809
99 13 460
99 15 402
99 16 972
99 17 249
99 18 166
99 19 76
99 20 714
99 21 906
99 23 753
99 24 852
99 25 270
99 26 164
99 27 643
99 28 413
99 29 841
99 31 462
99 32 280
99 33 976
99 34 563
99 38 276
99 39 682
99 41 147
99 42 336
99 43 563
99 45 270
99 46 306
99 48 142
99 49 681
99 51 934
99 52 405
99 53 971
99 55 457
99 56 915
99 57 367
99 58 13
99 59 514
99 62 191
99 63 924
99 64 689
99 65 835
99 66 740
99 68 230
99 71 81
99 72 656
99 75 928
99 76 684
99 77 181
99 79 903
99 81 613
99 82 494
99 83 460
99 84 170
99 87 190
99 88 954
99 90 103
99 91 763
99 92 952
99 93 563
99 94 788
99 95 521
99 96 396
99 97 616
