50 1950 0
0 1 211
0 2 657
0 3 162
0 5 401
0 6 435
0 9 453
0 10 898
0 11 657
0 12 906
0 13 813
0 14 661
0 15 484
0 16 669
0 17 570
0 20 373
0 21 463
0 22 334
0 27 314
0 28 359
0 29 747
0 30 824
0 31 207
0 32 893
0 33 905
0 34 808
0 35 527
0 37 398
0 38 38
0 39 504
0 40 583
0 41 199
0 42 960
0 45 568
0 46 510
0 47 822
0 48 308
0 49 526
1 2 408
1 3 125
1 4 926
1 5 454
1 7 28
1 8 12
1 9 985
1 10 224
1 11 851
1 13 763
1 14 915
1 15 251
1 17 374
1 19 547
1 20 791
1 21 805
1 22 223
1 23 663
1 24 850
1 25 520
1 26 1
1 27 811
1 28 13
1 29 229
1 30 258
1 31 376
1 32 274
1 33 538
1 34 491
1 36 458
1 37 565
1 38 177
1 39 220
1 41 594
1 42 277
1 43 338
1 46 681
1 48 872
1 49 938
1 0 309
2 3 176
2 4 228
2 5 842
2 6 136
2 8 253
2 9 267
2 11 847
2 12 933
2 13 127
2 14 948
2 15 696
2 16 157
2 17 68
2 19 42
2 20 301
2 21 767
2 23 765
2 25 545
2 26 652
2 27 924
2 28 386
2 29 232
2 30 491
2 31 94
2 32 33
2 33 329
2 35 313
2 36 813
2 37 162
2 38 402
2 39 385
2 41 715
2 42 33
2 44 672
2 45 274
2 46 612
2 47 437
2 48 377
2 49 38
2 0 185
2 1 597
3 4 559
3 5 619
3 7 762
3 9 653
3 10 261
3 11 525
3 12 154
3 13 787
3 15 986
3 16 146
3 17 1
3 18 355
3 19 362
3 20 487
3 21 211
3 23 608
3 24 441
3 25 220
3 26 837
3 27 90
3 28 216
3 29 365
3 30 64
3 33 886
3 34 73
3 35 333
3 37 463
3 38 727
3 39 324
3 41 35
3 42 908
3 43 631
3 44 355
3 45 118
3 46 48
3 47 606
3 48 312
3 49 314
3 0 745
3 1 587
3 2 480
3 14 202
4 6 218
4 7 930
4 8 634
4 9 866
4 10 494
4 11 978
4 12 738
4 13 124
4 14 893
4 15 645
4 18 723
4 19 837
4 20 947
4 23 499
4 24 457
4 25 285
4 26 917
4 27 469
4 28 279
4 29 757
4 30 588
4 32 667
4 33 297
4 34 752
4 35 194
4 36 633
4 37 89
4 39 112
4 41 439
4 43 507
4 45 459
4 46 727
4 47 659
4 48 784
4 49 855
4 1 625
4 2 965
4 5 386
5 6 712
5 7 200
5 8 136
5 10 12
5 11 608
5 12 126
5 14 827
5 15 85
5 16 686
5 17 430
5 18 896
5 19 213
5 21 997
5 23 994
5 24 663
5 25 267
5 26 793
5 27 547
5 28 872
5 29 101
5 30 221
5 31 450
5 32 554
5 34 471
5 36 881
5 37 534
5 39 530
5 40 939
5 41 659
5 43 321
5 44 500
5 45 177
5 46 93
5 47 796
5 48 689
5 49 527
5 0 708
5 1 35
5 3 109
5 4 105
6 8 641
6 9 597
6 10 285
6 11 102
6 12 465
6 13 238
6 14 7
6 15 333
6 16 450
6 17 916
6 18 850
6 19 98
6 20 903
6 21 355
6 22 427
6 23 53
6 24 942
6 26 872
6 27 205
6 29 245
6 31 98
6 32 19
6 34 991
6 35 875
6 36 729
6 38 926
6 39 761
6 40 455
6 41 93
6 42 730
6 43 755
6 44 534
6 46 236
6 47 309
6 48 155
6 49 401
6 0 961
6 1 162
6 2 270
6 3 734
6 4 967
6 5 843
7 9 990
7 10 717
7 11 805
7 12 754
7 14 574
7 15 585
7 16 263
7 18 533
7 19 991
7 20 811
7 22 748
7 23 335
7 24 59
7 25 784
7 26 938
7 28 48
7 30 533
7 31 498
7 32 339
7 33 603
7 34 751
7 35 144
7 36 195
7 38 734
7 40 15
7 42 872
7 43 122
7 44 509
7 45 61
7 46 612
7 48 795
7 49 764
7 0 291
7 2 579
7 4 698
7 5 797
7 6 365
8 9 97
8 12 274
8 13 30
8 14 317
8 15 10
8 17 817
8 18 66
8 19 874
8 20 213
8 22 229
8 23 675
8 24 699
8 25 763
8 26 870
8 27 513
8 28 420
8 29 69
8 31 987
8 32 76
8 33 608
8 34 420
8 35 954
8 37 16
8 38 975
8 39 205
8 40 721
8 41 382
8 42 552
8 43 277
8 44 528
8 45 801
8 46 954
8 47 728
8 48 83
8 49 597
8 1 39
8 2 116
8 3 108
8 4 148
9 10 926
9 11 401
9 12 252
9 13 818
9 15 360
9 16 382
9 17 158
9 18 941
9 20 491
9 21 893
9 22 682
9 23 888
9 25 324
9 26 479
9 29 923
9 30 843
9 32 570
9 33 212
9 34 298
9 35 91
9 36 147
9 37 939
9 38 485
9 39 650
9 40 214
9 41 513
9 43 674
9 44 449
9 45 929
9 46 862
9 48 250
9 49 825
9 0 768
9 1 506
9 2 874
9 3 394
9 4 309
9 5 97
9 6 779
9 8 388
10 11 621
10 12 975
10 13 866
10 14 449
10 15 583
10 16 682
10 17 749
10 19 34
10 20 774
10 22 216
10 23 871
10 24 942
10 27 815
10 28 904
10 29 482
10 30 901
10 32 182
10 33 732
10 34 968
10 35 108
10 36 91
10 38 644
10 39 789
10 40 550
10 41 770
10 42 793
10 43 336
10 45 574
10 46 923
10 47 420
10 49 830
10 1 972
10 3 663
10 4 337
10 6 679
10 7 672
10 8 871
10 9 410
11 12 468
11 13 946
11 16 855
11 17 565
11 18 956
11 19 139
11 20 858
11 21 250
11 24 642
11 25 69
11 26 717
11 27 150
11 28 942
11 29 494
11 30 46
11 31 259
11 32 366
11 33 164
11 35 820
11 36 424
11 37 718
11 40 639
11 42 127
11 43 921
11 44 151
11 45 448
11 46 970
11 47 857
11 48 406
11 0 792
11 1 875
11 2 214
11 3 933
11 4 104
11 5 404
11 6 923
11 7 671
11 9 274
11 10 569
12 13 294
12 14 176
12 15 61
12 17 608
12 19 163
12 20 887
12 22 644
12 24 632
12 25 860
12 26 588
12 27 845
12 28 926
12 29 428
12 30 485
12 31 619
12 33 970
12 35 702
12 37 41
12 38 909
12 39 90
12 42 2
12 43 867
12 44 348
12 45 237
12 47 363
12 49 899
12 0 667
12 1 968
12 2 810
12 3 410
12 4 199
12 5 156
12 6 888
12 7 485
12 8 730
12 9 887
12 10 413
12 16 932
12 32 116
13 14 846
13 15 813
13 18 615
13 19 767
13 20 951
13 21 176
13 22 412
13 23 787
13 24 984
13 25 816
13 28 491
13 29 785
13 30 617
13 31 982
13 33 947
13 35 878
13 36 831
13 37 283
13 38 505
13 39 981
13 41 907
13 42 293
13 43 139
13 44 662
13 45 726
13 46 710
13 47 754
13 48 792
13 0 636
13 1 29
13 2 321
13 3 36
13 4 641
13 5 69
13 6 94
13 7 839
13 9 217
13 10 177
13 11 590
13 12 433
14 15 135
14 16 530
14 17 548
14 19 56
14 20 68
14 21 418
14 22 62
14 23 629
14 24 673
14 25 454
14 26 65
14 28 862
14 30 379
14 31 678
14 32 876
14 33 287
14 35 565
14 36 419
14 37 54
14 38 647
14 39 193
14 40 409
14 41 611
14 42 592
14 43 742
14 44 989
14 45 955
14 46 348
14 47 910
14 0 961
14 2 65
14 3 916
14 4 245
14 5 964
14 6 217
14 7 196
14 8 613
14 9 940
14 10 161
14 11 89
14 12 859
14 13 878
15 16 852
15 17 303
15 18 938
15 20 978
15 21 129
15 23 788
15 24 350
15 25 398
15 26 8
15 27 733
15 28 980
15 30 0
15 31 613
15 32 116
15 33 922
15 34 323
15 35 543
15 36 633
15 37 734
15 38 14
15 39 173
15 40 328
15 41 619
15 42 360
15 43 489
15 44 208
15 46 769
15 49 395
15 1 896
15 2 285
15 4 957
15 6 56
15 7 881
15 8 707
15 9 186
15 10 862
15 11 358
15 12 216
15 13 525
15 14 484
15 19 175
16 17 241
16 18 806
16 19 962
16 20 801
16 21 485
16 22 183
16 23 420
16 24 732
16 25 421
16 26 602
16 28 369
16 29 138
16 30 280
16 33 194
16 34 941
16 35 35
16 36 210
16 37 530
16 39 59
16 40 206
16 41 984
16 42 836
16 43 980
16 44 80
16 45 20
16 46 269
16 47 68
16 49 423
16 0 643
16 1 456
16 3 535
16 4 840
16 7 139
16 8 560
16 9 648
16 10 9
16 12 434
16 13 791
16 14 671
17 18 850
17 19 939
17 20 267
17 21 205
17 23 274
17 24 126
17 25 336
17 27 807
17 28 551
17 30 139
17 31 114
17 32 578
17 33 395
17 34 123
17 35 32
17 36 382
17 37 979
17 38 678
17 39 997
17 42 698
17 43 990
17 45 514
17 46 329
17 47 333
17 48 879
17 0 768
17 1 835
17 2 581
17 3 4
17 4 110
17 5 516
17 6 18
17 7 48
17 8 171
17 9 381
17 10 329
17 11 757
17 12 651
17 13 66
17 14 404
17 15 971
17 16 487
17 41 128
18 20 636
18 21 142
18 23 412
18 25 466
18 26 291
18 27 592
18 29 682
18 30 342
18 33 50
18 35 503
18 36 776
18 37 790
18 38 586
18 40 846
18 41 124
18 42 734
18 43 260
18 44 136
18 46 277
18 48 237
18 49 714
18 0 339
18 1 799
18 2 728
18 3 438
18 4 840
18 5 28
18 6 43
18 8 336
18 9 354
18 10 125
18 11 835
18 12 367
18 13 574
18 15 101
18 17 584
19 20 96
19 22 526
19 23 375
19 24 666
19 25 54
19 26 810
19 27 432
19 30 437
19 31 530
19 33 297
19 34 118
19 36 214
19 38 844
19 40 202
19 41 416
19 42 248
19 43 540
19 44 88
19 45 483
19 46 701
19 47 742
19 49 133
19 0 360
19 1 585
19 2 897
19 3 578
19 4 357
19 5 264
19 6 946
19 7 618
19 8 479
19 9 953
19 10 192
19 11 191
19 12 819
19 13 215
19 14 238
19 15 614
19 16 590
19 17 461
19 18 580
20 23 637
20 24 673
20 25 336
20 26 66
20 27 795
20 28 80
20 29 251
20 31 808
20 32 407
20 33 804
20 34 163
20 35 53
20 36 770
20 37 54
20 38 730
20 39 591
20 41 915
20 42 723
20 48 335
20 0 11
20 2 994
20 5 368
20 6 672
20 7 508
20 8 198
20 9 569
20 10 574
20 11 930
20 13 759
20 14 495
20 15 945
20 16 809
20 17 446
20 18 800
20 19 688
21 22 385
21 23 317
21 25 825
21 26 486
21 27 775
21 28 840
21 29 919
21 30 498
21 31 432
21 32 609
21 34 106
21 36 370
21 37 27
21 39 965
21 40 561
21 41 990
21 42 556
21 43 293
21 44 281
21 45 104
21 46 41
21 47 523
21 48 176
21 0 10
21 1 714
21 2 588
21 3 318
21 4 733
21 5 229
21 6 725
21 7 929
21 8 254
21 9 14
21 10 854
21 13 448
21 14 181
21 15 168
21 16 662
21 17 756
21 18 814
21 19 856
21 20 895
22 23 394
22 24 946
22 25 678
22 26 805
22 27 404
22 29 34
22 30 728
22 31 627
22 32 777
22 33 520
22 35 855
22 36 296
22 38 339
22 39 66
22 40 229
22 41 930
22 44 833
22 45 403
22 46 381
22 47 782
22 48 754
22 0 948
22 1 938
22 2 21
22 4 541
22 5 548
22 7 635
22 9 814
22 10 499
22 11 355
22 13 80
22 15 403
22 16 861
22 17 472
22 18 169
22 19 56
22 20 258
22 21 949
23 25 952
23 26 783
23 29 33
23 30 775
23 31 306
23 34 682
23 36 743
23 38 713
23 39 813
23 40 871
23 41 483
23 42 561
23 43 519
23 44 745
23 45 650
23 47 375
23 0 859
23 1 192
23 2 168
23 3 708
23 4 847
23 5 869
23 6 226
23 7 806
23 8 909
23 10 876
23 11 893
23 12 260
23 13 320
23 14 717
23 16 745
23 17 704
23 18 328
23 19 873
23 20 258
23 21 480
23 22 956
23 27 879
24 25 950
24 26 778
24 28 622
24 29 312
24 30 887
24 31 963
24 32 197
24 33 607
24 34 297
24 35 279
24 36 638
24 37 158
24 38 386
24 40 441
24 41 652
24 44 175
24 45 153
24 47 966
24 49 242
24 0 922
24 2 286
24 3 470
24 4 400
24 5 761
24 7 859
24 8 72
24 9 860
24 10 44
24 11 176
24 12 118
24 13 874
24 15 680
24 16 157
24 17 719
24 20 773
24 21 362
24 23 439
24 42 543
25 26 866
25 27 572
25 29 717
25 30 402
25 31 42
25 32 854
25 33 791
25 35 380
25 36 6
25 37 876
25 38 354
25 39 440
25 40 441
25 41 689
25 44 75
25 45 241
25 46 793
25 47 255
25 49 233
25 2 474
25 3 662
25 4 476
25 5 908
25 7 18
25 8 200
25 11 173
25 13 1
25 14 607
25 15 147
25 18 54
25 19 653
25 23 145
25 24 6
26 27 246
26 28 128
26 29 644
26 30 33
26 31 89
26 33 555
26 34 758
26 35 766
26 36 962
26 37 780
26 38 489
26 42 258
26 43 195
26 44 277
26 45 301
26 46 244
26 47 22
26 48 38
26 49 655
26 0 360
26 1 807
26 2 817
26 3 4
26 4 978
26 5 1000
26 6 533
26 7 257
26 8 64
26 9 559
26 11 931
26 12 145
26 13 265
26 15 829
26 16 952
26 17 623
26 18 603
26 19 107
26 20 945
26 21 297
26 22 241
26 23 958
26 25 5
27 28 535
27 29 321
27 31 358
27 32 723
27 33 824
27 34 328
27 35 972
27 36 686
27 37 765
27 38 223
27 39 324
27 40 65
27 41 236
27 42 30
27 43 682
27 44 429
27 45 199
27 48 48
27 1 762
27 3 66
27 4 408
27 5 791
27 6 560
27 9 603
27 10 28
27 11 415
27 12 459
27 13 444
27 14 836
27 15 340
27 16 122
27 17 487
27 18 473
27 19 169
27 21 446
27 22 18
27 24 768
27 25 113
27 26 993
28 29 365
28 30 538
28 31 589
28 32 702
28 33 999
28 35 103
28 36 944
28 37 79
28 38 65
28 39 199
28 40 845
28 41 382
28 42 211
28 43 591
28 45 391
28 46 746
28 47 700
28 48 67
28 49 973
28 0 404
28 1 386
28 2 296
28 3 134
28 4 511
28 6 984
28 7 543
28 8 562
28 9 125
28 11 195
28 12 454
28 13 7
28 15 748
28 16 413
28 17 7
28 18 368
28 20 883
28 21 573
28 22 538
28 23 29
28 24 368
28 25 61
28 26 539
28 27 926
29 30 661
29 31 658
29 32 859
29 34 498
29 35 577
29 36 953
29 37 963
29 38 297
29 39 115
29 42 832
29 44 844
29 45 276
29 46 1000
29 47 912
29 49 825
29 0 504
29 1 611
29 2 186
29 3 674
29 4 122
29 5 778
29 9 232
29 10 309
29 11 468
29 12 644
29 13 428
29 14 650
29 15 63
29 16 458
29 17 788
29 18 204
29 20 798
29 21 980
29 22 933
29 23 416
29 24 370
29 25 399
29 27 250
29 28 33
30 31 461
30 32 77
30 33 502
30 34 486
30 35 60
30 36 139
30 37 917
30 38 813
30 39 998
30 42 67
30 44 866
30 45 400
30 46 194
30 47 765
30 48 611
30 49 861
30 0 511
30 1 65
30 2 787
30 3 113
30 4 407
30 6 588
30 7 945
30 8 938
30 9 995
30 10 339
30 11 763
30 12 572
30 13 844
30 14 759
30 15 753
30 17 42
30 18 599
30 19 382
30 23 849
30 24 54
30 27 473
30 28 383
30 29 25
31 33 521
31 34 674
31 35 324
31 37 80
31 38 386
31 39 134
31 40 982
31 41 343
31 43 6
31 44 313
31 45 545
31 46 659
31 47 703
31 48 605
31 0 907
31 1 635
31 2 319
31 3 902
31 4 504
31 5 687
31 6 937
31 7 150
31 8 906
31 9 742
31 10 864
31 11 259
31 12 81
31 13 966
31 14 894
31 15 552
31 16 511
31 17 373
31 20 886
31 21 69
31 23 242
31 24 29
31 25 449
31 26 529
31 28 399
31 29 680
32 33 294
32 34 663
32 35 598
32 37 78
32 39 498
32 41 74
32 42 207
32 44 874
32 45 843
32 46 528
32 47 631
32 48 598
32 49 613
32 0 25
32 1 646
32 2 214
32 3 972
32 4 368
32 5 240
32 6 987
32 7 90
32 8 644
32 9 496
32 11 325
32 12 981
32 13 484
32 14 454
32 15 939
32 17 291
32 18 364
32 19 496
32 20 315
32 21 342
32 22 251
32 23 79
32 24 571
32 25 55
32 26 675
32 27 607
32 28 493
32 29 66
32 30 70
32 31 600
32 40 994
33 35 186
33 37 604
33 38 668
33 39 945
33 40 826
33 42 189
33 43 583
33 44 358
33 45 900
33 46 404
33 47 845
33 48 114
33 49 573
33 0 310
33 1 788
33 2 376
33 3 420
33 4 607
33 5 623
33 7 626
33 8 646
33 11 667
33 12 999
33 14 937
33 15 715
33 16 380
33 17 906
33 19 553
33 20 310
33 21 468
33 22 590
33 23 68
33 25 649
33 26 731
33 27 888
33 28 969
33 29 391
33 31 44
33 32 806
34 35 938
34 36 697
34 39 650
34 40 697
34 41 84
34 43 947
34 44 22
34 45 649
34 46 830
34 47 199
34 48 139
34 49 419
34 0 796
34 2 634
34 3 839
34 4 974
34 5 922
34 6 862
34 7 197
34 8 460
34 11 379
34 12 376
34 14 730
34 15 28
34 16 807
34 18 783
34 19 695
34 20 656
34 22 747
34 23 269
34 25 592
34 27 282
34 28 65
34 29 199
34 30 583
34 32 172
34 33 613
34 37 359
35 36 641
35 37 582
35 40 860
35 42 297
35 43 863
35 44 89
35 45 160
35 46 352
35 48 142
35 49 291
35 1 728
35 2 50
35 3 144
35 5 418
35 6 746
35 7 901
35 9 133
35 10 596
35 11 818
35 14 519
35 15 641
35 16 809
35 17 674
35 20 610
35 21 307
35 22 787
35 23 648
35 24 391
35 25 103
35 26 237
35 27 600
35 29 820
35 30 240
35 31 416
35 33 372
35 34 218
36 37 312
36 38 334
36 41 708
36 42 661
36 43 902
36 44 404
36 45 959
36 46 52
36 0 434
36 1 160
36 2 156
36 3 172
36 5 866
36 6 250
36 7 403
36 8 746
36 9 401
36 11 650
36 12 279
36 13 341
36 14 971
36 15 991
36 16 103
36 17 50
36 19 550
36 21 733
36 22 643
36 23 44
36 26 488
36 27 370
36 28 738
36 29 112
36 30 283
36 31 744
36 32 248
36 33 154
36 34 826
36 35 947
37 39 145
37 41 702
37 42 149
37 43 827
37 44 342
37 45 851
37 46 42
37 47 224
37 48 627
37 49 638
37 1 704
37 2 960
37 3 255
37 4 434
37 6 432
37 7 918
37 8 693
37 9 809
37 10 776
37 11 830
37 12 580
37 13 569
37 15 774
37 16 9
37 17 250
37 20 98
37 21 80
37 22 879
37 23 421
37 24 668
37 25 607
37 26 375
37 27 271
37 28 654
37 29 811
37 30 493
37 31 626
37 32 420
37 33 218
37 34 369
37 35 812
37 36 918
38 39 76
38 41 307
38 42 495
38 43 819
38 44 36
38 45 156
38 46 191
38 47 835
38 48 614
38 49 658
38 0 752
38 2 20
38 3 541
38 5 227
38 6 97
38 7 936
38 8 706
38 9 62
38 10 992
38 12 278
38 13 644
38 14 281
38 15 392
38 16 416
38 17 95
38 19 950
38 20 979
38 21 813
38 22 196
38 23 441
38 24 76
38 26 226
38 27 180
38 29 185
38 30 49
38 31 23
38 32 759
38 34 66
38 35 681
39 40 728
39 41 933
39 42 484
39 43 532
39 44 931
39 45 565
39 46 636
39 47 632
39 0 916
39 1 12
39 2 936
39 3 483
39 4 538
39 5 246
39 6 647
39 7 679
39 8 930
39 9 547
39 11 396
39 12 287
39 13 897
39 14 324
39 17 313
39 18 964
39 19 766
39 20 53
39 21 462
39 23 146
39 24 27
39 25 19
39 26 892
39 27 344
39 30 129
39 31 430
39 32 274
39 33 780
39 34 702
39 35 771
39 38 193
40 41 408
40 42 376
40 43 483
40 44 545
40 45 14
40 47 540
40 48 188
40 49 950
40 2 9
40 3 412
40 4 794
40 6 455
40 7 580
40 8 146
40 9 897
40 10 853
40 11 786
40 12 134
40 13 119
40 14 620
40 16 674
40 17 603
40 20 951
40 22 956
40 25 768
40 26 461
40 29 9
40 30 768
40 31 736
40 32 367
40 37 972
41 42 972
41 43 994
41 44 262
41 45 141
41 47 86
41 48 903
41 49 513
41 0 293
41 2 528
41 3 40
41 4 679
41 5 810
41 6 27
41 9 208
41 10 65
41 12 44
41 13 456
41 15 443
41 16 577
41 17 408
41 18 975
41 19 997
41 20 416
41 21 786
41 22 46
41 25 810
41 26 998
41 28 401
41 29 114
41 30 203
41 31 492
41 33 790
41 34 337
41 35 928
41 36 339
41 37 658
41 39 920
42 43 353
42 45 514
42 46 11
42 47 318
42 48 686
42 49 316
42 0 514
42 2 232
42 4 931
42 5 728
42 6 80
42 7 95
42 8 165
42 9 114
42 10 827
42 11 854
42 12 95
42 13 490
42 15 419
42 16 235
42 17 445
42 18 594
42 22 476
42 23 64
42 24 806
42 25 940
42 27 871
42 28 645
42 29 807
42 30 282
42 31 819
42 32 254
42 33 790
42 34 61
42 36 656
42 37 617
42 38 680
42 39 646
42 40 753
42 41 191
43 44 56
43 45 793
43 46 699
43 47 977
43 49 59
43 0 983
43 2 519
43 3 760
43 4 926
43 5 824
43 6 719
43 9 380
43 11 829
43 12 498
43 13 595
43 14 784
43 15 87
43 18 400
43 19 319
43 20 518
43 23 874
43 26 574
43 27 295
43 28 961
43 29 416
43 30 24
43 31 647
43 32 523
43 33 852
43 34 180
43 35 425
43 36 888
43 37 296
43 38 973
43 39 519
43 40 359
44 45 513
44 46 309
44 47 959
44 48 775
44 49 97
44 0 606
44 1 941
44 2 26
44 4 550
44 5 974
44 6 230
44 7 642
44 9 314
44 10 395
44 11 951
44 12 79
44 13 68
44 15 897
44 16 465
44 17 97
44 18 589
44 19 518
44 20 657
44 21 525
44 22 380
44 23 155
44 26 859
44 27 222
44 28 761
44 30 34
44 31 444
44 32 314
44 33 223
44 34 935
44 35 306
44 37 401
44 38 859
44 40 342
44 41 28
44 42 544
44 43 432
45 46 788
45 48 28
45 49 840
45 3 704
45 4 32
45 5 999
45 6 460
45 7 566
45 8 68
45 9 898
45 11 229
45 12 620
45 13 212
45 14 66
45 16 82
45 17 373
45 18 946
45 19 670
45 20 169
45 21 538
45 22 540
45 24 860
45 25 992
45 26 543
45 27 405
45 28 53
45 29 152
45 30 137
45 31 457
45 32 973
45 33 235
45 34 62
45 35 961
45 39 879
45 40 740
45 41 993
46 47 322
46 48 434
46 49 793
46 0 828
46 2 809
46 4 580
46 6 425
46 7 156
46 8 278
46 10 583
46 11 517
46 12 683
46 13 234
46 14 965
46 15 441
46 16 111
46 17 716
46 18 153
46 20 559
46 21 418
46 22 297
46 23 211
46 24 234
46 25 371
46 26 522
46 27 219
46 28 639
46 29 748
46 30 967
46 31 423
46 32 184
46 33 218
46 34 635
46 36 831
46 37 880
46 39 130
46 41 7
46 42 297
46 43 616
46 44 475
46 45 556
47 48 760
47 49 633
47 0 214
47 1 403
47 2 826
47 3 274
47 4 398
47 5 905
47 6 459
47 7 300
47 8 229
47 9 546
47 10 338
47 11 408
47 12 252
47 13 910
47 14 724
47 17 552
47 18 983
47 20 471
47 21 743
47 23 641
47 24 374
47 25 787
47 26 326
47 27 200
47 29 890
47 30 632
47 31 320
47 32 294
47 34 922
47 35 226
47 36 367
47 37 820
47 38 476
47 40 902
47 41 632
47 42 60
47 43 128
47 44 157
47 45 629
47 46 626
48 0 580
48 1 699
48 2 298
48 4 581
48 5 584
48 6 83
48 7 882
48 10 320
48 11 146
48 12 589
48 13 22
48 16 520
48 17 692
48 18 482
48 19 296
48 20 359
48 22 487
48 24 428
48 25 778
48 26 506
48 27 498
48 28 990
48 29 62
48 32 921
48 33 379
48 34 858
48 35 926
48 36 974
48 38 441
48 39 292
48 40 974
48 41 369
48 43 20
48 45 107
48 47 824
49 0 663
49 1 578
49 4 169
49 5 234
49 6 331
49 7 842
49 8 821
49 12 739
49 13 593
49 14 860
49 15 1000
49 16 849
49 18 531
49 19 919
49 21 23
49 22 516
49 25 358
49 26 252
49 29 451
49 30 608
49 31 566
49 32 519
49 33 169
49 34 263
49 35 385
49 36 152
49 37 490
49 39 385
49 40 254
49 42 896
49 43 795
49 44 427
49 45 648
49 46 497
49 47 318
49 48 616
