100 4076 0
0 1 178
0 2 454
0 5 467
0 6 203
0 7 844
0 12 139
0 14 856
0 16 685
0 17 869
0 18 987
0 19 433
0 25 88
0 26 162
0 28 230
0 32 792
0 34 432
0 40 611
0 41 877
0 42 267
0 43 427
0 44 944
0 47 775
0 49 23
0 51 89
0 56 865
0 60 791
0 62 65
0 66 40
0 68 204
0 71 688
0 72 955
0 78 561
0 79 562
0 85 287
0 89 769
0 90 874
0 91 821
0 92 20
0 94 840
0 95 583
0 96 737
0 97 932
0 98 155
0 9 888
0 67 705
0 80 376
0 86 969
0 93 782
1 3 540
1 5 71
1 6 224
1 8 649
1 12 833
1 13 800
1 16 900
1 18 789
1 20 225
1 22 764
1 23 574
1 27 121
1 28 971
1 29 552
1 32 95
1 36 28
1 37 774
1 38 526
1 50 348
1 52 334
1 57 145
1 60 901
1 64 251
1 68 498
1 69 477
1 72 418
1 80 344
1 83 911
1 84 807
1 86 173
1 90 649
1 95 732
1 96 413
1 97 636
1 99 725
1 4 961
2 3 645
2 4 302
2 5 884
2 6 309
2 7 37
2 9 861
2 11 146
2 16 571
2 18 118
2 19 509
2 27 32
2 29 432
2 31 210
2 33 745
2 35 787
2 37 134
2 38 972
2 47 209
2 52 727
2 54 968
2 62 750
2 68 346
2 69 256
2 70 709
2 71 902
2 72 677
2 75 415
2 76 393
2 77 759
2 78 314
2 79 566
2 80 316
2 84 138
2 86 52
2 89 97
2 93 680
2 95 545
2 96 229
2 98 216
3 4 385
3 7 424
3 8 619
3 9 362
3 10 561
3 11 361
3 17 611
3 22 395
3 25 970
3 26 823
3 27 695
3 32 446
3 33 506
3 34 36
3 37 939
3 40 483
3 41 667
3 42 17
3 43 726
3 44 533
3 59 743
3 60 883
3 63 606
3 65 33
3 66 990
3 67 104
3 68 969
3 71 446
3 78 732
3 79 810
3 80 756
3 84 206
3 85 436
3 90 457
3 92 59
3 93 503
3 95 655
3 96 609
3 97 926
3 99 109
3 15 472
4 6 752
4 9 582
4 10 412
4 11 94
4 13 873
4 14 541
4 15 833
4 17 584
4 18 847
4 21 104
4 24 64
4 28 103
4 30 132
4 32 537
4 36 910
4 37 466
4 40 921
4 41 524
4 50 321
4 51 5
4 52 363
4 55 574
4 57 947
4 58 522
4 65 893
4 66 946
4 67 71
4 68 398
4 69 143
4 71 727
4 72 216
4 73 142
4 75 581
4 77 84
4 78 463
4 79 606
4 81 722
4 83 780
4 86 0
4 89 699
4 90 189
4 93 943
4 97 990
4 98 86
4 99 65
4 7 700
4 12 288
4 42 977
4 46 708
5 10 392
5 11 52
5 13 991
5 15 765
5 16 640
5 17 646
5 20 219
5 21 168
5 23 52
5 25 569
5 26 683
5 31 545
5 32 382
5 35 914
5 36 915
5 39 534
5 41 682
5 43 391
5 49 319
5 50 856
5 51 379
5 52 290
5 55 103
5 57 290
5 58 19
5 60 854
5 62 331
5 63 274
5 64 800
5 65 253
5 69 323
5 72 508
5 80 309
5 82 206
5 84 443
5 85 353
5 91 337
5 93 379
5 97 996
5 99 998
6 10 46
6 11 166
6 16 897
6 20 442
6 22 86
6 26 929
6 27 430
6 31 205
6 37 362
6 40 270
6 42 652
6 43 295
6 44 669
6 48 796
6 49 609
6 51 963
6 56 772
6 57 758
6 58 7
6 59 253
6 61 965
6 64 439
6 65 184
6 66 916
6 67 588
6 68 592
6 70 29
6 76 588
6 85 740
6 87 94
6 88 581
6 91 475
6 94 619
6 95 478
6 96 177
6 97 311
6 0 377
6 8 309
7 11 896
7 14 763
7 15 623
7 16 41
7 17 508
7 19 389
7 21 581
7 25 918
7 26 903
7 27 823
7 31 749
7 32 328
7 33 911
7 37 514
7 39 777
7 42 126
7 46 66
7 47 807
7 50 712
7 52 344
7 58 431
7 59 91
7 62 815
7 64 877
7 76 716
7 77 119
7 78 248
7 79 56
7 80 697
7 82 496
7 85 212
7 86 68
7 87 339
7 88 205
7 89 341
7 96 163
7 97 157
7 3 741
7 5 840
7 28 859
8 9 233
8 10 686
8 12 553
8 13 58
8 17 696
8 21 110
8 25 331
8 26 190
8 27 124
8 29 849
8 43 329
8 44 367
8 46 373
8 47 820
8 50 909
8 51 346
8 54 92
8 57 432
8 59 892
8 60 114
8 61 402
8 62 261
8 65 92
8 67 580
8 71 212
8 73 823
8 75 342
8 76 289
8 78 921
8 79 776
8 83 192
8 86 238
8 90 831
8 91 396
8 98 717
8 1 41
8 5 302
8 7 810
8 18 255
8 66 972
9 12 903
9 13 752
9 15 960
9 17 331
9 19 474
9 21 825
9 22 249
9 23 36
9 24 671
9 27 64
9 28 299
9 34 340
9 35 940
9 36 159
9 38 30
9 40 19
9 42 318
9 45 142
9 47 13
9 52 371
9 53 747
9 55 356
9 58 325
9 61 163
9 62 522
9 63 371
9 65 67
9 66 803
9 68 450
9 71 936
9 72 801
9 75 151
9 76 181
9 80 272
9 81 237
9 83 587
9 85 16
9 87 844
9 88 390
9 90 433
9 92 876
9 99 966
9 0 81
9 7 540
9 8 205
9 11 36
9 14 615
9 30 919
9 51 424
10 12 86
10 13 42
10 14 25
10 15 262
10 16 789
10 18 757
10 20 389
10 24 863
10 27 66
10 29 556
10 31 987
10 35 237
10 39 100
10 41 850
10 42 442
10 45 119
10 47 341
10 48 831
10 50 933
10 52 227
10 56 230
10 58 390
10 62 181
10 63 348
10 64 945
10 67 97
10 69 114
10 74 328
10 75 126
10 81 682
10 84 257
10 89 666
10 95 681
10 96 808
10 97 943
10 99 978
10 0 320
10 2 28
10 5 228
10 8 86
10 25 430
10 38 412
10 44 214
10 49 929
11 14 2
11 15 260
11 17 797
11 20 386
11 27 860
11 28 674
11 32 162
11 40 974
11 41 17
11 45 363
11 46 391
11 51 493
11 52 186
11 53 745
11 54 970
11 55 280
11 57 210
11 60 25
11 66 688
11 67 854
11 68 926
11 71 237
11 72 192
11 73 946
11 76 403
11 77 929
11 82 223
11 85 329
11 86 90
11 87 523
11 88 212
11 93 278
11 96 6
11 98 115
11 99 930
11 1 745
11 10 307
11 24 66
12 14 766
12 15 632
12 19 474
12 21 687
12 26 700
12 27 762
12 28 43
12 30 580
12 34 528
12 35 649
12 37 441
12 39 325
12 41 250
12 44 188
12 48 478
12 49 252
12 50 990
12 53 804
12 54 714
12 55 277
12 57 911
12 62 667
12 63 128
12 64 398
12 65 519
12 66 242
12 68 198
12 71 289
12 72 188
12 73 275
12 74 504
12 77 200
12 78 708
12 79 767
12 81 138
12 82 802
12 83 531
12 86 137
12 87 66
12 88 578
12 89 204
12 90 922
12 91 976
12 92 283
12 94 259
12 96 997
12 98 306
12 99 222
12 0 565
12 1 164
12 2 98
12 3 250
12 5 642
12 58 889
12 84 87
13 14 477
13 15 111
13 17 912
13 18 999
13 19 214
13 20 228
13 22 240
13 24 877
13 29 535
13 30 407
13 31 864
13 33 732
13 37 925
13 42 598
13 43 458
13 47 66
13 48 916
13 49 771
13 52 775
13 58 182
13 59 688
13 60 448
13 61 946
13 64 915
13 68 283
13 71 256
13 78 400
13 82 944
13 85 108
13 87 922
13 88 702
13 89 2
13 91 334
13 93 26
13 96 515
13 97 537
13 0 202
13 1 293
13 4 156
13 5 78
13 7 417
13 12 304
14 15 630
14 16 886
14 18 408
14 19 877
14 25 18
14 26 888
14 29 57
14 31 188
14 33 2
14 34 90
14 40 530
14 41 448
14 44 437
14 46 490
14 47 403
14 50 358
14 51 244
14 53 394
14 56 128
14 58 601
14 61 526
14 62 269
14 64 63
14 66 538
14 69 114
14 73 826
14 78 447
14 79 748
14 80 300
14 81 320
14 85 834
14 87 627
14 89 139
14 90 391
14 94 727
14 97 493
14 2 449
14 4 606
14 6 585
14 11 259
15 19 257
15 20 952
15 22 51
15 23 216
15 26 366
15 27 33
15 31 398
15 33 823
15 36 741
15 40 265
15 44 138
15 45 797
15 51 296
15 54 39
15 56 591
15 57 39
15 59 730
15 60 794
15 61 770
15 62 947
15 63 970
15 64 586
15 66 747
15 67 483
15 70 121
15 71 844
15 73 574
15 74 977
15 76 67
15 77 880
15 78 563
15 79 356
15 81 96
15 84 536
15 85 947
15 86 734
15 88 918
15 90 128
15 95 863
15 96 546
15 98 444
15 0 152
15 5 744
15 8 228
15 11 227
15 12 467
15 37 833
16 17 205
16 19 333
16 20 225
16 22 156
16 24 141
16 25 601
16 27 696
16 30 987
16 34 836
16 36 408
16 37 436
16 38 874
16 40 148
16 41 758
16 42 267
16 45 293
16 46 849
16 49 27
16 50 266
16 58 445
16 59 729
16 60 757
16 62 746
16 63 688
16 64 376
16 65 828
16 66 793
16 69 881
16 70 541
16 72 402
16 74 940
16 77 251
16 79 980
16 82 469
16 83 519
16 87 405
16 91 847
16 92 655
16 95 964
16 97 846
16 0 361
16 6 320
16 7 992
16 8 519
16 11 958
16 12 534
16 13 319
16 14 666
16 31 575
16 55 360
17 22 970
17 24 209
17 25 257
17 31 94
17 32 652
17 33 359
17 38 890
17 43 629
17 47 283
17 48 592
17 49 585
17 53 751
17 58 691
17 67 199
17 70 215
17 74 99
17 78 353
17 81 363
17 82 85
17 83 471
17 84 119
17 85 358
17 89 296
17 91 492
17 92 497
17 94 685
17 1 250
17 2 209
17 3 328
17 4 280
17 5 267
17 9 167
17 10 317
17 11 953
17 13 709
17 15 992
18 24 34
18 25 48
18 27 321
18 29 149
18 32 815
18 34 208
18 36 5
18 38 718
18 40 85
18 41 452
18 42 397
18 45 800
18 48 156
18 49 379
18 50 34
18 51 673
18 58 794
18 61 586
18 65 43
18 66 85
18 68 122
18 69 618
18 70 39
18 77 887
18 79 342
18 80 457
18 83 673
18 88 868
18 90 503
18 95 597
18 96 438
18 1 158
18 3 708
18 5 852
18 6 350
18 8 868
18 12 634
18 14 825
18 16 917
18 17 716
19 20 822
19 23 220
19 24 178
19 25 250
19 27 403
19 30 52
19 32 948
19 33 169
19 37 343
19 38 544
19 39 908
19 40 494
19 45 814
19 46 239
19 49 226
19 53 902
19 54 912
19 57 929
19 58 788
19 60 531
19 62 852
19 64 649
19 65 158
19 67 364
19 68 641
19 69 684
19 70 516
19 71 279
19 72 496
19 73 171
19 75 227
19 76 848
19 78 127
19 80 416
19 83 355
19 84 549
19 93 539
19 95 638
19 97 507
19 4 107
19 5 704
19 8 805
19 11 691
19 12 426
19 13 105
19 14 342
19 15 146
19 18 346
20 22 290
20 24 632
20 25 310
20 26 380
20 27 941
20 28 989
20 30 245
20 35 513
20 37 212
20 41 919
20 43 109
20 45 364
20 49 372
20 50 250
20 54 36
20 56 263
20 57 777
20 58 413
20 59 164
20 60 644
20 61 957
20 62 579
20 63 170
20 65 466
20 66 815
20 77 420
20 78 63
20 79 990
20 80 916
20 81 792
20 84 768
20 86 380
20 87 785
20 89 862
20 90 576
20 91 545
20 92 628
20 93 349
20 97 940
20 0 627
20 1 886
20 6 771
20 7 940
20 9 115
20 10 1000
20 11 754
20 19 648
21 24 571
21 27 527
21 30 46
21 31 142
21 32 454
21 35 944
21 39 288
21 40 225
21 42 413
21 48 835
21 56 688
21 57 386
21 59 793
21 60 651
21 61 473
21 64 95
21 69 317
21 75 49
21 79 172
21 82 238
21 83 531
21 84 127
21 86 200
21 92 906
21 93 445
21 97 481
21 99 597
21 1 48
21 7 348
21 8 786
21 11 419
21 13 772
21 15 585
21 17 274
21 18 387
21 22 11
22 23 753
22 26 124
22 30 485
22 32 8
22 35 510
22 36 754
22 40 299
22 43 409
22 46 994
22 48 393
22 49 493
22 53 979
22 55 3
22 57 176
22 59 756
22 60 550
22 61 145
22 63 576
22 67 754
22 68 111
22 70 913
22 74 369
22 76 825
22 77 165
22 78 585
22 80 893
22 81 281
22 83 113
22 86 940
22 88 818
22 91 961
22 94 302
22 95 136
22 96 406
22 1 785
22 2 500
22 5 296
22 7 357
22 10 499
22 11 826
22 12 331
22 14 359
22 17 378
22 21 390
22 64 603
23 28 55
23 31 566
23 37 971
23 38 896
23 40 336
23 42 315
23 43 234
23 46 894
23 47 584
23 48 801
23 51 351
23 55 393
23 58 137
23 60 547
23 61 877
23 63 877
23 65 350
23 66 353
23 67 791
23 73 961
23 74 642
23 75 965
23 76 961
23 77 641
23 78 898
23 79 237
23 80 983
23 83 105
23 85 467
23 86 726
23 93 210
23 95 721
23 96 586
23 97 927
23 4 889
23 5 389
23 9 130
23 11 769
23 15 700
23 16 348
23 18 527
23 19 750
23 20 138
23 22 525
24 25 884
24 28 258
24 29 65
24 30 601
24 31 461
24 32 929
24 33 882
24 35 291
24 38 884
24 39 244
24 42 645
24 44 281
24 47 794
24 48 452
24 50 531
24 52 29
24 53 497
24 54 784
24 55 58
24 56 210
24 61 731
24 62 178
24 63 769
24 65 999
24 73 989
24 74 191
24 75 933
24 80 685
24 81 777
24 84 539
24 87 579
24 88 823
24 90 256
24 93 175
24 96 453
24 97 413
24 3 206
24 9 954
24 10 761
24 11 433
24 12 805
24 19 707
24 22 268
24 23 954
25 27 990
25 31 278
25 38 63
25 47 632
25 48 736
25 49 972
25 50 242
25 52 281
25 53 683
25 56 756
25 60 644
25 63 814
25 64 963
25 70 308
25 71 999
25 72 333
25 74 258
25 76 763
25 77 60
25 80 884
25 84 298
25 85 62
25 86 821
25 87 795
25 91 819
25 92 775
25 96 443
25 99 500
25 1 738
25 2 106
25 3 883
25 5 662
25 9 358
25 10 209
25 11 971
25 12 13
25 15 406
25 17 623
25 18 823
25 19 32
25 20 653
25 22 423
25 41 725
26 28 628
26 31 355
26 33 281
26 34 547
26 38 355
26 45 391
26 46 437
26 47 311
26 48 770
26 50 154
26 51 64
26 58 258
26 72 487
26 74 925
26 77 553
26 78 124
26 79 486
26 81 730
26 83 908
26 86 234
26 87 151
26 90 921
26 94 848
26 95 854
26 96 235
26 0 158
26 1 541
26 2 441
26 3 480
26 5 469
26 8 175
26 10 910
26 11 277
26 16 657
26 19 156
26 20 736
26 21 991
26 22 848
26 23 269
27 28 194
27 30 998
27 31 751
27 34 681
27 35 657
27 38 446
27 39 479
27 42 643
27 45 635
27 49 808
27 50 772
27 51 56
27 56 817
27 57 773
27 58 536
27 61 420
27 63 964
27 66 827
27 67 808
27 71 886
27 74 401
27 78 556
27 79 837
27 83 482
27 86 947
27 91 442
27 2 718
27 3 830
27 4 790
27 12 85
27 13 250
27 16 438
27 17 854
27 22 657
27 26 270
28 30 69
28 33 959
28 34 403
28 35 715
28 38 309
28 41 631
28 45 872
28 47 60
28 48 390
28 51 657
28 55 707
28 57 205
28 61 147
28 64 161
28 66 721
28 67 344
28 71 815
28 76 801
28 77 808
28 78 551
28 79 333
28 83 590
28 85 408
28 87 505
28 89 213
28 90 925
28 94 138
28 3 604
28 4 703
28 7 56
28 11 763
28 14 919
28 15 220
28 16 657
28 17 486
28 18 304
28 22 610
28 24 634
29 32 397
29 36 577
29 37 463
29 38 829
29 40 773
29 41 669
29 42 749
29 44 3
29 46 260
29 47 220
29 50 657
29 51 129
29 54 30
29 57 218
29 62 498
29 66 144
29 68 81
29 69 75
29 72 524
29 73 312
29 74 339
29 76 767
29 78 659
29 79 480
29 82 975
29 84 676
29 85 41
29 87 903
29 90 651
29 93 512
29 94 883
29 95 680
29 97 233
29 98 442
29 99 412
29 5 907
29 13 268
29 15 908
29 17 105
29 20 386
29 23 145
29 25 599
29 26 462
29 27 866
30 31 106
30 35 393
30 37 356
30 41 900
30 47 713
30 48 87
30 52 953
30 59 288
30 66 551
30 73 557
30 74 370
30 80 199
30 86 725
30 87 243
30 88 713
30 93 244
30 97 529
30 3 269
30 4 487
30 5 530
30 7 425
30 8 424
30 11 224
30 13 977
30 14 367
30 15 219
30 16 495
30 17 45
30 18 751
30 23 887
30 24 992
30 43 727
31 37 679
31 49 891
31 53 983
31 55 128
31 58 432
31 60 917
31 61 672
31 63 893
31 66 358
31 68 814
31 71 69
31 72 488
31 73 163
31 79 788
31 80 493
31 83 814
31 86 927
31 87 730
31 88 697
31 92 531
31 93 132
31 95 326
31 97 432
31 4 113
31 5 515
31 6 320
31 11 244
31 13 661
31 15 873
31 17 416
31 18 759
31 20 102
31 21 684
31 26 922
31 29 870
31 69 945
32 34 363
32 37 567
32 40 541
32 43 612
32 44 55
32 48 167
32 49 61
32 55 952
32 56 137
32 58 177
32 62 836
32 71 920
32 76 670
32 77 526
32 79 638
32 82 48
32 84 543
32 88 886
32 91 214
32 93 572
32 94 139
32 96 181
32 97 933
32 1 947
32 4 969
32 7 57
32 10 996
32 15 883
32 17 132
32 18 48
32 24 317
32 25 950
32 28 455
32 31 932
32 57 940
33 35 676
33 36 127
33 38 392
33 40 546
33 42 346
33 45 916
33 46 390
33 49 668
33 50 175
33 53 652
33 55 519
33 57 889
33 62 947
33 67 921
33 69 827
33 70 978
33 72 914
33 73 743
33 75 952
33 79 103
33 82 47
33 84 0
33 85 761
33 90 473
33 98 239
33 1 378
33 2 501
33 4 210
33 7 124
33 9 100
33 10 485
33 12 985
33 13 550
33 14 293
33 17 832
33 20 916
33 27 618
33 56 541
33 60 855
33 97 896
34 36 104
34 38 327
34 39 356
34 43 644
34 44 6
34 46 919
34 53 527
34 54 100
34 57 148
34 59 328
34 60 431
34 63 671
34 65 241
34 66 953
34 67 188
34 70 363
34 71 410
34 72 125
34 73 215
34 74 45
34 75 501
34 78 152
34 79 361
34 81 33
34 87 18
34 90 232
34 94 868
34 95 634
34 99 897
34 0 292
34 4 626
34 7 267
34 8 345
34 9 131
34 10 646
34 14 409
34 16 60
34 19 602
34 20 403
34 23 305
34 25 738
34 35 992
34 82 579
34 85 941
35 39 95
35 41 141
35 42 371
35 44 828
35 45 980
35 46 908
35 50 756
35 51 603
35 52 892
35 56 92
35 58 442
35 59 74
35 62 635
35 64 3
35 65 572
35 68 386
35 69 607
35 73 300
35 78 946
35 81 750
35 82 418
35 94 310
35 96 130
35 98 944
35 99 727
35 0 420
35 2 662
35 3 382
35 5 873
35 8 560
35 9 197
35 13 53
35 16 810
35 24 891
35 26 876
35 27 228
35 28 82
35 29 156
35 31 415
35 34 305
36 37 602
36 39 494
36 43 674
36 45 869
36 52 395
36 53 963
36 59 919
36 60 786
36 61 746
36 63 992
36 64 212
36 68 33
36 73 749
36 74 271
36 75 869
36 76 637
36 81 319
36 83 325
36 86 0
36 88 139
36 90 607
36 91 665
36 92 703
36 93 1
36 95 320
36 97 295
36 3 547
36 5 347
36 7 701
36 8 363
36 9 381
36 11 237
36 12 871
36 13 593
36 14 218
36 15 306
36 18 634
36 21 16
36 25 58
36 26 919
36 27 976
36 29 725
36 32 949
36 33 442
37 39 916
37 40 785
37 43 578
37 44 876
37 45 488
37 46 626
37 47 322
37 49 564
37 50 324
37 51 631
37 52 64
37 53 238
37 54 876
37 59 166
37 61 770
37 66 475
37 69 317
37 72 259
37 73 252
37 74 285
37 75 92
37 79 201
37 82 756
37 84 190
37 86 776
37 87 415
37 90 59
37 91 982
37 92 892
37 93 695
37 94 293
37 96 62
37 97 637
37 98 153
37 2 950
37 6 252
37 7 992
37 10 127
37 16 209
37 19 139
37 21 459
37 24 309
37 25 700
37 26 232
37 29 172
37 71 646
37 81 411
38 44 90
38 45 543
38 47 272
38 48 891
38 49 520
38 52 41
38 55 38
38 57 717
38 59 290
38 60 578
38 63 286
38 67 758
38 68 233
38 70 409
38 71 251
38 72 452
38 74 546
38 76 473
38 78 47
38 81 589
38 82 330
38 85 493
38 90 111
38 92 16
38 93 968
38 97 373
38 98 638
38 99 209
38 2 803
38 7 909
38 9 486
38 11 514
38 12 373
38 16 104
38 17 127
38 18 990
38 23 557
38 25 861
38 27 47
38 28 696
38 29 258
38 30 141
38 31 539
38 32 497
38 35 534
39 41 698
39 43 49
39 45 271
39 46 400
39 50 749
39 51 464
39 57 721
39 58 100
39 60 963
39 62 512
39 63 700
39 65 771
39 72 773
39 79 807
39 82 387
39 83 380
39 90 760
39 91 896
39 92 263
39 4 366
39 8 140
39 9 973
39 10 679
39 14 309
39 21 947
39 23 999
39 24 37
39 25 970
39 27 704
39 28 347
39 34 774
39 36 765
39 38 124
39 48 313
40 41 565
40 42 528
40 44 225
40 45 313
40 48 974
40 49 19
40 55 778
40 60 244
40 62 887
40 63 654
40 65 811
40 67 678
40 69 462
40 70 517
40 72 659
40 73 432
40 78 843
40 83 49
40 84 129
40 89 850
40 90 872
40 93 637
40 95 460
40 97 765
40 99 177
40 1 113
40 2 67
40 10 616
40 16 774
40 20 187
40 22 407
40 24 242
40 25 31
40 27 399
40 28 786
40 29 817
40 30 424
40 31 429
40 36 505
40 37 855
40 38 234
41 43 514
41 44 274
41 46 287
41 50 990
41 51 406
41 54 532
41 55 315
41 56 677
41 57 571
41 60 297
41 64 901
41 65 977
41 70 618
41 71 985
41 72 432
41 73 732
41 75 150
41 80 826
41 82 886
41 83 498
41 85 941
41 86 478
41 87 495
41 88 310
41 89 493
41 96 266
41 97 64
41 98 839
41 99 98
41 0 519
41 3 284
41 4 33
41 6 553
41 7 368
41 9 649
41 10 681
41 14 118
41 15 883
41 16 521
41 17 29
41 18 948
41 19 989
41 20 696
41 21 185
41 27 760
41 29 701
41 32 554
41 34 566
41 36 770
41 52 610
42 43 943
42 45 915
42 47 548
42 49 524
42 51 821
42 52 103
42 53 348
42 59 442
42 61 185
42 62 318
42 67 894
42 70 262
42 74 197
42 75 317
42 76 584
42 77 465
42 78 8
42 79 745
42 81 175
42 86 506
42 87 25
42 88 967
42 89 534
42 90 659
42 93 334
42 98 972
42 99 381
42 0 638
42 2 819
42 4 508
42 5 16
42 6 194
42 17 788
42 20 930
42 21 150
42 22 100
42 23 531
42 25 101
42 32 756
42 33 482
42 40 762
42 41 736
43 46 819
43 52 786
43 58 396
43 59 875
43 65 7
43 66 765
43 67 439
43 68 336
43 74 86
43 76 453
43 78 880
43 79 986
43 80 54
43 81 885
43 82 92
43 84 29
43 86 973
43 89 144
43 93 462
43 94 836
43 96 615
43 97 110
43 98 286
43 1 539
43 2 473
43 6 420
43 9 462
43 13 609
43 14 482
43 15 159
43 16 544
43 17 451
43 18 604
43 20 773
43 22 635
43 23 581
43 27 175
43 32 168
43 37 331
43 62 800
43 75 721
44 45 984
44 46 41
44 49 179
44 51 332
44 53 531
44 61 389
44 62 416
44 73 649
44 75 227
44 76 28
44 77 204
44 82 341
44 86 799
44 95 874
44 96 745
44 98 870
44 0 67
44 3 409
44 4 764
44 6 606
44 10 78
44 11 29
44 12 100
44 13 511
44 14 358
44 15 877
44 16 912
44 17 990
44 24 415
44 26 378
44 27 38
44 30 45
44 33 287
44 34 739
44 38 71
44 39 218
44 41 276
44 42 215
44 78 607
45 49 503
45 50 700
45 53 596
45 54 892
45 57 835
45 58 462
45 59 50
45 62 704
45 63 175
45 64 425
45 65 904
45 67 280
45 68 900
45 69 855
45 72 192
45 80 510
45 82 379
45 85 611
45 86 901
45 89 956
45 92 471
45 97 551
45 98 414
45 0 104
45 1 972
45 2 405
45 7 213
45 9 877
45 13 27
45 20 484
45 25 498
45 26 709
45 30 185
45 31 295
45 35 1
45 36 92
45 39 45
45 40 473
45 42 69
45 95 613
46 48 394
46 52 82
46 55 554
46 56 53
46 60 421
46 65 977
46 67 702
46 68 511
46 71 859
46 72 609
46 73 522
46 74 853
46 78 774
46 79 364
46 83 15
46 86 200
46 87 21
46 88 484
46 89 65
46 90 650
46 91 740
46 92 427
46 94 743
46 0 975
46 1 23
46 11 441
46 14 243
46 15 710
46 16 326
46 18 878
46 23 503
46 24 353
46 25 988
46 26 280
46 27 379
46 29 928
46 30 932
46 31 412
46 32 659
46 33 240
46 35 644
46 36 105
46 37 879
46 42 247
47 48 951
47 50 863
47 53 864
47 58 323
47 60 896
47 62 535
47 67 122
47 69 6
47 75 436
47 76 546
47 79 202
47 82 114
47 84 600
47 90 273
47 92 852
47 94 626
47 96 310
47 1 543
47 3 534
47 9 741
47 10 938
47 18 437
47 20 508
47 22 911
47 23 718
47 24 493
47 25 273
47 26 188
47 29 549
47 30 441
47 34 630
47 35 578
47 37 709
47 38 836
47 39 589
47 40 774
47 44 607
47 45 908
47 46 497
48 49 459
48 50 338
48 51 514
48 54 859
48 56 325
48 61 161
48 63 740
48 64 7
48 67 434
48 68 416
48 69 547
48 70 349
48 72 323
48 74 184
48 75 416
48 78 763
48 79 461
48 81 11
48 88 907
48 93 31
48 95 52
48 99 931
48 0 450
48 2 310
48 3 565
48 4 355
48 5 974
48 6 900
48 7 513
48 8 883
48 9 654
48 16 868
48 19 978
48 20 340
48 22 919
48 26 26
48 27 12
48 39 385
48 40 612
48 44 119
48 45 852
48 47 117
49 50 791
49 52 701
49 54 697
49 60 651
49 64 876
49 67 854
49 68 925
49 69 924
49 70 638
49 74 669
49 76 400
49 77 291
49 79 695
49 84 563
49 88 354
49 89 968
49 91 435
49 95 274
49 96 789
49 99 235
49 12 75
49 14 481
49 18 533
49 23 92
49 26 916
49 27 950
49 31 78
49 46 347
49 48 658
50 52 636
50 53 892
50 54 684
50 56 566
50 57 268
50 58 410
50 60 18
50 62 763
50 67 808
50 71 80
50 72 404
50 74 838
50 80 70
50 81 402
50 90 861
50 94 604
50 98 326
50 99 61
50 2 171
50 8 458
50 10 311
50 14 183
50 16 380
50 18 459
50 19 389
50 20 977
50 21 858
50 28 244
50 29 600
50 34 403
50 37 411
50 38 546
50 39 622
50 40 591
50 42 46
50 43 699
50 44 210
50 45 563
50 48 657
51 52 964
51 55 887
51 57 614
51 61 22
51 63 869
51 65 71
51 70 336
51 71 736
51 76 601
51 77 514
51 80 125
51 83 527
51 88 587
51 90 783
51 91 258
51 93 730
51 94 669
51 96 468
51 98 770
51 0 585
51 2 354
51 5 3
51 7 238
51 8 734
51 12 517
51 15 891
51 18 792
51 19 121
51 20 346
51 22 148
51 24 617
51 25 79
51 26 392
51 27 375
51 28 19
51 29 137
51 31 933
51 33 327
51 42 812
51 46 651
52 56 285
52 58 610
52 65 908
52 67 478
52 69 607
52 70 225
52 74 971
52 75 876
52 76 243
52 80 875
52 81 694
52 82 436
52 84 544
52 85 891
52 89 686
52 90 629
52 92 261
52 94 902
52 96 262
52 0 131
52 2 698
52 4 756
52 9 994
52 10 183
52 13 38
52 14 80
52 16 544
52 18 855
52 20 42
52 22 497
52 24 316
52 25 197
52 26 254
52 27 147
52 28 391
52 29 557
52 31 891
52 38 103
52 39 257
52 40 124
52 41 43
52 42 187
52 44 603
52 45 506
52 49 231
52 50 574
53 54 679
53 55 737
53 58 609
53 60 582
53 61 890
53 67 866
53 69 433
53 72 755
53 78 899
53 82 371
53 84 736
53 85 287
53 86 570
53 89 481
53 90 8
53 95 930
53 98 512
53 0 722
53 3 227
53 5 975
53 8 343
53 9 580
53 11 855
53 12 325
53 21 182
53 23 694
53 24 11
53 27 872
53 31 884
53 33 41
53 34 547
53 36 27
53 39 310
53 43 673
53 44 607
53 45 800
53 47 513
53 48 908
53 50 717
54 57 572
54 59 701
54 63 495
54 66 632
54 67 229
54 70 540
54 72 684
54 73 340
54 74 685
54 75 896
54 76 228
54 79 568
54 80 81
54 85 899
54 86 108
54 89 954
54 91 855
54 96 701
54 1 460
54 2 732
54 5 429
54 9 565
54 10 714
54 11 324
54 12 721
54 13 513
54 14 86
54 15 962
54 18 703
54 22 661
54 27 328
54 28 386
54 32 529
54 33 590
54 34 227
54 35 427
54 36 169
54 38 14
54 44 351
54 47 918
54 48 412
54 51 839
54 53 23
55 56 920
55 57 531
55 58 852
55 59 332
55 61 30
55 63 199
55 65 144
55 69 848
55 75 979
55 77 567
55 78 493
55 82 327
55 84 236
55 86 582
55 87 417
55 88 636
55 90 188
55 92 30
55 93 22
55 95 158
55 97 430
55 98 249
55 0 774
55 2 595
55 3 674
55 6 47
55 9 45
55 11 58
55 13 636
55 15 870
55 16 367
55 17 612
55 19 894
55 20 40
55 21 339
55 23 784
55 25 744
55 26 65
55 28 194
55 30 297
55 32 570
55 34 462
55 36 170
55 38 196
55 40 465
55 41 75
55 42 839
55 46 487
55 48 189
55 50 658
55 51 698
55 52 108
55 53 998
56 58 888
56 59 534
56 60 716
56 63 938
56 66 86
56 67 968
56 68 967
56 69 277
56 70 638
56 74 443
56 75 795
56 77 647
56 79 244
56 81 80
56 85 284
56 87 948
56 88 577
56 89 382
56 91 543
56 94 837
56 98 58
56 99 177
56 1 853
56 2 980
56 7 483
56 8 901
56 9 61
56 14 813
56 15 792
56 17 273
56 19 528
56 23 681
56 24 437
56 25 126
56 26 910
56 33 170
56 35 966
56 36 431
56 37 342
56 39 665
56 40 417
56 46 591
56 47 491
56 48 436
56 49 473
56 55 463
56 65 837
57 60 460
57 64 306
57 65 729
57 68 909
57 69 552
57 76 721
57 81 73
57 86 544
57 88 514
57 91 894
57 93 879
57 96 233
57 3 636
57 6 311
57 7 233
57 9 119
57 11 437
57 12 666
57 14 98
57 18 58
57 21 151
57 24 520
57 25 191
57 29 972
57 31 535
57 35 246
57 36 824
57 40 975
57 44 776
57 45 911
57 46 642
57 48 268
57 50 890
57 51 691
57 53 144
57 54 978
58 59 345
58 60 571
58 63 56
58 66 718
58 67 844
58 68 473
58 69 600
58 71 838
58 72 671
58 73 500
58 74 461
58 76 368
58 78 674
58 81 498
58 84 727
58 86 429
58 88 984
58 95 291
58 6 118
58 10 529
58 14 449
58 17 270
58 20 586
58 22 211
58 29 687
58 30 21
58 32 925
58 36 327
58 38 708
58 39 963
58 42 672
58 44 42
58 48 600
58 50 690
58 52 413
58 56 159
59 60 739
59 62 130
59 63 222
59 65 558
59 69 985
59 70 817
59 72 42
59 74 228
59 75 274
59 77 594
59 80 304
59 82 358
59 86 162
59 87 190
59 88 49
59 93 265
59 94 619
59 95 52
59 97 768
59 98 621
59 99 165
59 0 725
59 1 401
59 4 815
59 5 753
59 8 922
59 9 253
59 10 488
59 11 634
59 13 816
59 15 254
59 17 583
59 19 271
59 20 571
59 34 751
59 36 740
59 37 963
59 38 684
59 42 630
59 43 599
59 46 251
59 48 10
59 49 357
59 52 493
59 54 553
59 55 715
59 56 130
59 58 349
60 65 372
60 66 657
60 67 687
60 69 519
60 70 897
60 73 575
60 74 823
60 75 638
60 76 199
60 79 99
60 80 729
60 81 209
60 85 221
60 87 37
60 88 372
60 93 276
60 97 574
60 0 617
60 2 724
60 3 809
60 4 77
60 6 674
60 8 585
60 13 138
60 17 450
60 18 418
60 22 584
60 23 699
60 26 47
60 27 546
60 29 786
60 30 457
60 37 843
60 38 846
60 40 384
60 41 70
60 43 400
60 48 825
60 49 1
60 58 392
61 64 72
61 65 56
61 67 772
61 68 754
61 69 980
61 78 401
61 81 741
61 82 307
61 83 801
61 84 541
61 85 798
61 91 662
61 92 214
61 94 168
61 95 529
61 97 800
61 0 298
61 1 76
61 2 895
61 3 730
61 4 519
61 5 684
61 7 257
61 11 859
61 14 27
61 22 847
61 23 985
61 35 226
61 36 674
61 38 65
61 39 91
61 41 640
61 42 306
61 43 762
61 44 909
61 45 64
61 46 508
61 48 241
61 50 200
61 51 22
61 52 59
61 56 856
61 58 485
61 59 905
61 60 588
62 66 214
62 68 435
62 69 199
62 70 775
62 73 25
62 74 202
62 76 436
62 82 151
62 83 554
62 85 0
62 89 102
62 97 326
62 98 904
62 99 166
62 0 7
62 1 748
62 4 548
62 7 388
62 10 500
62 11 312
62 13 316
62 16 954
62 18 699
62 20 170
62 21 679
62 24 691
62 25 637
62 27 67
62 28 321
62 29 571
62 36 863
62 39 188
62 40 110
62 43 453
62 46 28
62 47 562
62 48 266
62 49 834
62 51 83
62 53 677
62 54 235
62 56 487
62 59 671
63 69 168
63 70 70
63 73 910
63 76 383
63 80 614
63 81 201
63 83 467
63 87 387
63 88 935
63 92 331
63 93 742
63 95 642
63 0 299
63 1 840
63 2 146
63 4 74
63 5 122
63 9 968
63 10 108
63 12 372
63 14 649
63 19 76
63 20 66
63 25 396
63 26 297
63 28 926
63 30 945
63 35 300
63 39 574
63 44 480
63 45 242
63 47 52
63 48 573
63 49 292
63 52 78
63 53 487
64 66 451
64 67 380
64 68 117
64 69 324
64 71 994
64 73 558
64 74 562
64 76 687
64 78 886
64 80 726
64 87 726
64 96 787
64 7 16
64 10 663
64 14 570
64 16 918
64 19 622
64 24 87
64 27 834
64 31 980
64 34 953
64 37 760
64 38 978
64 40 591
64 41 541
64 42 404
64 45 605
64 53 999
64 57 738
64 58 711
64 60 324
65 66 379
65 68 203
65 71 882
65 75 963
65 76 791
65 80 85
65 82 587
65 88 783
65 89 452
65 91 356
65 93 30
65 94 652
65 95 948
65 96 215
65 98 405
65 99 241
65 3 467
65 4 711
65 11 569
65 12 882
65 15 749
65 19 854
65 20 695
65 23 876
65 24 873
65 25 540
65 26 464
65 27 626
65 28 370
65 30 426
65 33 72
65 34 877
65 35 266
65 37 921
65 40 973
65 41 535
65 43 385
65 44 901
65 52 385
65 58 472
65 59 147
65 63 684
66 67 749
66 68 907
66 69 954
66 71 477
66 73 217
66 74 778
66 78 452
66 80 252
66 81 502
66 83 842
66 88 332
66 90 97
66 93 432
66 94 249
66 95 393
66 96 689
66 98 122
66 99 606
66 4 431
66 7 307
66 12 278
66 13 597
66 14 316
66 15 355
66 17 21
66 18 162
66 19 175
66 20 330
66 23 284
66 24 439
66 30 940
66 33 657
66 37 174
66 40 320
66 41 879
66 46 377
66 47 836
66 48 778
66 51 543
66 55 365
66 56 80
66 57 503
66 58 248
66 59 2
66 62 248
66 63 916
66 65 821
67 68 947
67 72 593
67 74 526
67 75 275
67 76 668
67 80 744
67 84 485
67 85 412
67 86 89
67 87 411
67 88 583
67 89 278
67 90 675
67 92 475
67 1 921
67 2 311
67 7 749
67 8 983
67 9 121
67 10 907
67 11 740
67 12 993
67 13 966
67 16 352
67 17 334
67 18 496
67 19 778
67 21 373
67 22 140
67 26 659
67 27 613
67 30 997
67 32 357
67 33 296
67 35 261
67 37 956
67 38 465
67 40 126
67 41 762
67 43 739
67 46 555
67 47 94
67 50 812
67 51 861
67 52 144
67 55 596
67 56 368
67 57 78
67 59 313
67 60 291
67 66 712
68 70 170
68 72 875
68 73 707
68 77 551
68 79 96
68 88 230
68 95 750
68 99 34
68 1 981
68 3 703
68 8 792
68 9 681
68 11 34
68 13 143
68 16 304
68 17 229
68 18 588
68 19 544
68 21 843
68 24 214
68 25 706
68 32 720
68 33 148
68 35 165
68 37 698
68 40 748
68 43 836
68 45 696
68 46 973
68 48 75
68 50 849
68 52 833
68 54 866
68 60 133
68 63 742
68 64 15
69 70 829
69 71 822
69 73 710
69 74 641
69 77 617
69 85 866
69 86 882
69 91 600
69 93 520
69 95 661
69 96 125
69 97 941
69 98 192
69 0 554
69 1 852
69 4 922
69 7 227
69 11 939
69 13 500
69 14 636
69 17 702
69 18 493
69 20 97
69 26 580
69 27 304
69 29 765
69 30 368
69 40 693
69 41 657
69 47 165
69 49 880
69 51 928
69 54 220
69 55 16
69 56 688
69 57 95
69 58 184
69 61 654
69 62 539
69 63 277
69 68 93
70 71 957
70 73 132
70 77 775
70 83 405
70 87 675
70 91 737
70 93 120
70 96 457
70 0 665
70 1 607
70 3 921
70 7 574
70 14 233
70 15 75
70 17 160
70 20 109
70 22 387
70 24 551
70 26 236
70 28 493
70 31 388
70 32 181
70 37 6
70 41 88
70 43 434
70 44 843
70 45 871
70 46 815
70 49 542
70 55 971
70 57 562
70 63 481
70 65 461
70 66 692
70 67 85
71 75 730
71 76 660
71 77 454
71 78 163
71 81 903
71 83 793
71 85 335
71 89 821
71 92 681
71 93 863
71 94 29
71 99 296
71 8 841
71 10 97
71 13 856
71 15 257
71 17 729
71 20 42
71 22 324
71 24 620
71 25 745
71 27 176
71 29 967
71 32 472
71 33 715
71 40 755
71 42 355
71 43 979
71 44 263
71 45 383
71 50 383
71 53 399
71 56 425
71 57 831
71 61 102
71 62 138
71 65 579
71 66 837
71 67 106
71 72 226
71 90 599
72 75 478
72 77 743
72 83 777
72 84 472
72 86 486
72 90 682
72 92 440
72 93 382
72 94 857
72 95 508
72 97 88
72 98 387
72 3 507
72 5 917
72 6 820
72 7 43
72 9 945
72 13 601
72 16 15
72 17 235
72 22 183
72 24 374
72 28 490
72 30 93
72 41 642
72 43 144
72 48 385
72 50 414
72 55 923
72 58 39
72 59 745
72 61 43
72 62 498
72 63 128
72 68 251
72 69 978
72 71 532
73 75 421
73 76 171
73 77 353
73 82 659
73 84 783
73 89 948
73 93 706
73 96 538
73 98 25
73 99 675
73 0 786
73 6 851
73 10 924
73 11 638
73 12 546
73 14 769
73 16 499
73 21 517
73 22 65
73 23 823
73 24 388
73 25 730
73 26 152
73 42 880
73 47 933
73 49 585
73 52 629
73 54 841
73 55 83
73 56 521
73 62 80
73 65 657
73 66 214
74 75 373
74 77 259
74 78 927
74 81 225
74 83 840
74 84 69
74 85 892
74 91 169
74 92 242
74 94 948
74 95 600
74 98 785
74 1 452
74 2 262
74 3 673
74 4 644
74 8 148
74 9 648
74 10 837
74 11 389
74 15 578
74 16 310
74 22 687
74 24 245
74 26 989
74 27 289
74 28 951
74 29 908
74 30 992
74 37 907
74 38 401
74 40 433
74 43 122
74 44 127
74 45 367
74 46 781
74 47 264
74 48 972
74 50 534
74 52 68
74 57 327
74 58 962
74 61 288
74 63 877
74 67 618
74 71 306
74 73 50
75 80 273
75 81 486
75 89 289
75 90 770
75 91 897
75 95 558
75 96 865
75 99 336
75 2 604
75 5 546
75 7 814
75 10 473
75 11 640
75 14 495
75 16 682
75 17 781
75 22 770
75 27 8
75 28 958
75 31 505
75 33 868
75 35 73
75 36 682
75 39 298
75 46 879
75 50 104
75 51 526
75 52 731
75 55 407
75 56 720
75 57 360
75 60 751
75 62 590
75 64 321
75 69 545
75 70 932
75 71 790
76 78 742
76 81 455
76 86 229
76 87 775
76 91 395
76 92 672
76 93 351
76 95 540
76 96 510
76 3 191
76 7 560
76 8 277
76 9 686
76 10 932
76 15 208
76 16 726
76 20 681
76 23 522
76 27 895
76 28 622
76 29 300
76 30 557
76 31 911
76 40 254
76 43 498
76 45 433
76 47 287
76 48 716
76 54 342
76 55 308
76 59 914
76 63 993
76 65 776
76 67 668
76 69 659
76 72 596
76 74 363
77 82 535
77 86 110
77 93 896
77 96 740
77 4 835
77 5 779
77 9 912
77 11 23
77 13 27
77 17 385
77 18 236
77 19 389
77 20 627
77 27 502
77 28 354
77 32 674
77 38 904
77 39 854
77 46 76
77 47 561
77 51 100
77 53 703
77 58 789
77 61 751
77 66 161
77 67 253
77 68 15
77 70 286
77 72 542
77 75 361
77 76 502
77 89 876
78 80 283
78 83 755
78 84 164
78 88 821
78 91 170
78 93 264
78 95 492
78 97 706
78 99 222
78 1 668
78 3 996
78 4 793
78 6 589
78 8 524
78 10 681
78 11 651
78 15 29
78 22 190
78 23 554
78 24 135
78 28 967
78 31 707
78 37 564
78 40 228
78 47 41
78 49 131
78 54 638
78 56 782
78 57 667
78 61 711
78 64 310
78 65 522
78 66 699
78 67 131
78 68 530
78 69 83
78 70 343
78 72 740
78 73 51
78 74 260
78 77 799
79 82 653
79 83 62
79 85 347
79 89 841
79 91 604
79 96 17
79 98 3
79 0 560
79 4 552
79 5 886
79 10 281
79 12 403
79 13 884
79 14 480
79 16 433
79 18 715
79 19 638
79 21 291
79 22 355
79 23 123
79 25 683
79 27 978
79 28 772
79 29 224
79 30 667
79 32 276
79 35 360
79 38 180
79 40 191
79 42 834
79 43 907
79 44 422
79 48 256
79 50 346
79 51 785
79 52 404
79 53 266
79 56 150
79 63 857
79 67 241
79 72 123
79 74 453
79 75 451
79 77 175
79 78 851
79 88 905
80 81 275
80 83 254
80 84 553
80 87 261
80 92 798
80 95 205
80 1 896
80 2 482
80 3 265
80 4 207
80 5 244
80 6 20
80 8 876
80 13 865
80 16 25
80 17 778
80 18 590
80 20 623
80 21 489
80 27 880
80 33 535
80 37 322
80 39 433
80 42 530
80 47 853
80 48 916
80 49 150
80 52 378
80 53 210
80 58 319
80 62 553
80 68 794
80 69 140
80 78 570
81 83 404
81 84 298
81 85 216
81 88 557
81 89 834
81 92 223
81 93 450
81 95 940
81 96 167
81 97 251
81 0 247
81 1 111
81 2 131
81 4 291
81 8 334
81 11 614
81 12 968
81 18 76
81 20 479
81 22 316
81 23 524
81 24 566
81 26 852
81 34 507
81 35 875
81 36 360
81 38 768
81 42 935
81 46 585
81 48 690
81 49 599
81 50 142
81 53 145
81 56 607
81 60 112
81 62 924
81 63 440
81 64 127
81 67 213
81 68 250
81 70 869
81 72 663
81 74 922
81 75 142
81 76 322
81 78 792
82 83 499
82 84 914
82 85 723
82 88 581
82 94 593
82 0 150
82 3 426
82 4 265
82 7 410
82 8 370
82 10 86
82 12 522
82 14 742
82 15 428
82 16 675
82 17 265
82 20 729
82 22 869
82 25 513
82 33 425
82 34 210
82 35 66
82 36 680
82 39 338
82 42 545
82 45 369
82 46 534
82 49 274
82 50 356
82 51 78
82 53 70
82 59 770
82 60 389
82 63 364
82 64 254
82 66 627
82 67 54
82 68 263
82 69 74
82 74 560
82 77 550
82 78 861
82 81 983
83 84 312
83 86 321
83 87 250
83 91 993
83 92 366
83 95 477
83 96 862
83 97 340
83 98 251
83 2 845
83 4 973
83 8 382
83 9 456
83 11 86
83 16 667
83 18 667
83 21 201
83 23 447
83 28 539
83 31 730
83 32 833
83 49 344
83 56 897
83 57 415
83 58 209
83 60 636
83 67 375
83 70 610
83 72 227
83 73 844
84 90 507
84 91 140
84 94 713
84 2 852
84 5 157
84 6 798
84 9 805
84 10 511
84 17 373
84 19 587
84 22 692
84 25 158
84 26 18
84 28 260
84 36 550
84 38 886
84 44 841
84 47 9
84 54 826
84 56 693
84 58 854
84 59 284
84 60 352
84 61 530
84 63 658
84 67 206
84 71 824
84 75 958
84 77 5
84 82 397
85 86 655
85 89 309
85 91 514
85 93 840
85 94 136
85 95 520
85 97 969
85 98 571
85 99 455
85 0 702
85 1 718
85 2 404
85 3 939
85 4 601
85 5 968
85 12 750
85 14 153
85 15 194
85 21 202
85 23 602
85 24 237
85 26 393
85 29 744
85 31 918
85 33 445
85 34 450
85 35 575
85 37 657
85 39 968
85 40 567
85 41 359
85 43 123
85 46 365
85 47 423
85 50 269
85 52 966
85 55 915
85 56 210
85 57 428
85 59 911
85 60 884
85 64 993
85 65 103
85 66 545
85 68 562
85 70 138
85 73 376
85 74 563
85 83 215
86 87 304
86 88 324
86 91 478
86 92 0
86 94 924
86 95 194
86 98 760
86 0 812
86 2 901
86 7 738
86 9 544
86 10 330
86 20 879
86 21 397
86 23 78
86 24 529
86 26 952
86 27 153
86 28 304
86 31 250
86 36 228
86 37 104
86 39 383
86 43 453
86 45 804
86 50 280
86 51 792
86 53 519
86 56 593
86 62 415
86 63 593
86 65 661
86 74 898
86 78 396
86 79 241
86 80 831
86 84 519
86 85 514
87 89 686
87 92 949
87 93 488
87 96 523
87 98 23
87 5 598
87 7 568
87 8 775
87 10 496
87 14 719
87 16 373
87 18 287
87 20 732
87 26 173
87 27 860
87 31 856
87 33 757
87 35 206
87 38 611
87 39 785
87 43 516
87 45 972
87 46 96
87 48 308
87 54 336
87 57 837
87 60 114
87 61 855
87 63 399
87 64 366
87 65 746
87 66 781
87 69 515
87 71 331
87 72 839
87 74 941
87 76 667
87 80 404
87 83 277
88 89 328
88 91 372
88 92 959
88 93 624
88 1 674
88 2 758
88 3 533
88 5 269
88 6 280
88 12 640
88 13 80
88 17 210
88 21 748
88 23 11
88 24 400
88 25 227
88 27 976
88 28 211
88 29 406
88 31 418
88 33 683
88 34 107
88 39 761
88 40 98
88 41 802
88 42 25
88 43 760
88 47 814
88 50 243
88 51 370
88 54 946
88 60 821
88 63 88
88 66 250
88 73 9
88 74 411
88 77 528
88 79 721
88 82 339
88 83 373
88 84 364
88 86 626
89 99 853
89 9 459
89 10 727
89 15 538
89 17 616
89 20 253
89 23 63
89 27 769
89 28 627
89 31 694
89 32 111
89 35 122
89 36 363
89 39 774
89 42 619
89 44 292
89 45 902
89 52 496
89 53 148
89 55 101
89 60 57
89 61 393
89 65 19
89 66 289
89 67 143
89 68 987
89 69 769
89 70 163
89 71 211
89 73 789
89 75 206
89 80 900
89 85 222
89 88 410
90 92 683
90 96 929
90 0 477
90 1 664
90 2 427
90 3 964
90 6 236
90 8 749
90 11 424
90 13 606
90 14 31
90 16 41
90 19 717
90 23 422
90 25 50
90 30 433
90 31 197
90 35 205
90 36 221
90 37 995
90 38 237
90 42 37
90 43 153
90 44 254
90 47 998
90 48 861
90 50 479
90 51 277
90 55 97
90 57 855
90 58 766
90 59 67
90 60 108
90 62 555
90 63 175
90 67 327
90 68 885
90 69 515
90 72 23
90 74 633
90 77 236
90 79 474
90 81 577
90 88 526
91 93 767
91 96 70
91 1 370
91 11 228
91 20 946
91 25 465
91 27 557
91 30 15
91 33 757
91 38 223
91 42 505
91 43 513
91 46 863
91 47 544
91 48 601
91 53 178
91 54 621
91 56 45
91 57 44
91 58 81
91 60 845
91 64 449
91 67 671
91 68 785
91 72 338
91 74 356
91 76 341
91 82 562
91 87 341
91 89 144
92 94 796
92 98 281
92 99 742
92 0 889
92 1 11
92 2 308
92 5 836
92 8 899
92 11 271
92 14 834
92 15 75
92 16 123
92 18 310
92 28 792
92 33 364
92 34 162
92 38 998
92 41 126
92 42 606
92 47 450
92 49 913
92 53 370
92 55 208
92 56 500
92 62 461
92 71 214
92 72 681
92 73 176
92 74 816
92 76 427
92 78 481
92 80 978
92 84 600
92 88 196
92 89 378
92 90 925
93 99 223
93 0 810
93 5 615
93 7 597
93 9 349
93 11 63
93 13 317
93 14 260
93 17 816
93 21 291
93 25 711
93 29 794
93 30 629
93 32 839
93 36 792
93 41 305
93 42 487
93 46 883
93 48 608
93 49 940
93 52 103
93 54 444
93 57 858
93 59 991
93 60 949
93 62 247
93 63 576
93 64 640
93 66 678
93 73 256
93 74 118
93 75 331
93 80 979
93 82 894
93 83 920
93 86 85
93 88 635
93 90 136
93 91 665
93 92 13
94 95 913
94 98 947
94 99 799
94 5 703
94 6 102
94 7 702
94 8 576
94 9 23
94 12 572
94 16 417
94 19 41
94 21 415
94 22 757
94 24 253
94 25 389
94 28 171
94 30 111
94 35 67
94 38 293
94 39 929
94 40 147
94 41 31
94 42 929
94 44 641
94 45 480
94 47 285
94 49 6
94 50 301
94 51 614
94 55 652
94 56 50
94 57 682
94 60 628
94 65 127
94 66 569
94 67 43
94 75 759
94 76 509
94 77 886
94 78 458
94 79 786
94 89 356
94 90 177
94 93 120
95 96 407
95 0 276
95 1 676
95 3 521
95 8 141
95 9 99
95 12 221
95 13 205
95 14 845
95 15 538
95 19 927
95 25 882
95 28 759
95 30 420
95 33 550
95 34 625
95 36 447
95 39 912
95 46 873
95 48 355
95 50 153
95 51 335
95 52 301
95 60 523
95 61 492
95 63 74
95 66 664
95 68 951
95 70 852
95 71 387
95 72 681
95 73 60
95 74 153
95 75 461
95 80 186
95 87 593
95 92 455
96 97 270
96 99 892
96 2 571
96 4 535
96 6 475
96 8 522
96 9 868
96 13 842
96 14 752
96 17 952
96 21 480
96 22 713
96 26 14
96 27 946
96 29 229
96 35 659
96 37 966
96 41 628
96 45 749
96 46 533
96 49 516
96 52 768
96 53 584
96 54 183
96 56 946
96 59 563
96 60 638
96 62 488
96 64 628
96 66 340
96 67 486
96 68 554
96 69 953
96 71 976
96 77 702
96 78 478
96 81 31
96 83 332
96 84 449
96 85 361
96 86 877
96 87 610
96 90 756
96 91 743
96 92 600
96 94 69
96 95 76
97 0 590
97 1 304
97 2 902
97 3 851
97 5 749
97 6 284
97 7 445
97 9 48
97 11 132
97 12 605
97 14 910
97 16 158
97 18 276
97 27 522
97 32 275
97 33 748
97 37 109
97 40 218
97 42 60
97 46 88
97 49 647
97 51 148
97 52 261
97 53 413
97 57 792
97 59 601
97 60 172
97 63 578
97 69 493
97 74 822
97 76 512
97 77 444
97 83 375
97 85 301
97 87 526
97 88 878
97 95 631
97 96 491
98 99 912
98 11 377
98 13 925
98 14 301
98 22 870
98 28 435
98 30 689
98 34 12
98 35 12
98 36 506
98 37 181
98 38 971
98 42 444
98 43 323
98 47 30
98 48 870
98 50 820
98 53 410
98 59 219
98 60 778
98 62 660
98 64 838
98 68 172
98 70 255
98 71 714
98 72 709
98 73 885
98 76 602
98 77 496
98 80 29
98 81 421
98 84 97
98 85 948
98 89 656
98 92 30
98 96 956
98 97 785
99 2 709
99 4 408
99 8 545
99 11 939
99 13 561
99 14 544
99 18 681
99 21 590
99 22 136
99 23 88
99 31 802
99 33 975
99 35 69
99 36 679
99 37 289
99 39 922
99 42 287
99 44 740
99 52 945
99 55 761
99 56 264
99 58 294
99 63 300
99 64 975
99 69 555
99 72 775
99 73 528
99 74 619
99 77 819
99 81 790
99 82 505
99 89 716
99 95 530
99 97 337
