200 8057 0
0 7 759
0 9 184
0 10 623
0 16 875
0 22 659
0 25 960
0 35 653
0 39 824
0 41 155
0 43 38
0 45 857
0 49 417
0 50 408
0 55 854
0 62 653
0 67 207
0 72 174
0 91 180
0 92 852
0 95 325
0 100 46
0 101 23
0 113 165
0 136 158
0 140 98
0 141 736
0 142 215
0 155 580
0 156 507
0 158 410
0 161 608
0 163 797
0 167 926
0 173 686
0 180 529
0 191 659
0 1 600
0 2 437
0 70 588
0 74 431
0 82 510
1 4 576
1 5 710
1 9 317
1 11 951
1 14 368
1 17 606
1 36 824
1 37 802
1 39 145
1 46 511
1 50 319
1 58 237
1 63 953
1 66 525
1 69 591
1 72 747
1 84 696
1 85 265
1 87 267
1 88 749
1 89 908
1 98 738
1 105 227
1 111 338
1 113 216
1 115 21
1 116 364
1 118 250
1 133 577
1 138 294
1 139 495
1 142 977
1 144 7
1 146 792
1 150 307
1 152 0
1 159 207
1 162 432
1 167 366
1 173 831
1 182 454
1 185 142
1 186 186
1 196 483
1 199 682
1 3 131
1 107 371
1 158 36
2 6 184
2 13 64
2 14 114
2 20 876
2 25 193
2 34 777
2 38 742
2 42 290
2 46 135
2 48 538
2 53 447
2 59 691
2 61 587
2 63 161
2 64 181
2 77 848
2 79 695
2 108 16
2 110 127
2 112 449
2 115 983
2 123 139
2 126 510
2 128 649
2 130 804
2 135 964
2 146 94
2 148 589
2 149 363
2 152 627
2 157 819
2 163 294
2 176 197
2 178 645
2 191 538
2 194 639
2 197 954
2 198 171
2 199 441
2 4 423
2 10 219
2 72 150
2 173 605
3 4 192
3 12 470
3 21 53
3 24 321
3 29 814
3 34 183
3 35 435
3 39 828
3 42 761
3 44 353
3 47 809
3 49 869
3 54 646
3 56 430
3 65 713
3 77 403
3 80 409
3 81 938
3 89 801
3 91 789
3 93 941
3 100 261
3 104 457
3 115 696
3 121 62
3 126 455
3 129 925
3 137 77
3 139 990
3 142 605
3 151 247
3 158 793
3 187 102
3 1 85
3 5 539
3 64 184
3 84 381
4 9 202
4 15 97
4 23 580
4 31 369
4 33 680
4 37 299
4 41 38
4 48 593
4 50 857
4 59 58
4 62 804
4 70 716
4 76 908
4 79 718
4 80 630
4 82 305
4 85 105
4 90 83
4 91 588
4 100 478
4 111 999
4 116 672
4 118 594
4 121 387
4 123 752
4 125 939
4 126 211
4 139 793
4 141 394
4 147 173
4 152 651
4 154 22
4 161 88
4 162 10
4 169 864
4 170 33
4 172 42
4 186 297
4 6 552
4 22 111
4 131 915
5 7 206
5 17 741
5 20 557
5 25 967
5 37 838
5 41 200
5 42 265
5 47 229
5 56 152
5 61 221
5 64 588
5 77 635
5 86 681
5 93 908
5 97 292
5 108 79
5 113 280
5 126 439
5 131 392
5 135 699
5 140 740
5 148 675
5 149 985
5 157 929
5 159 18
5 161 498
5 163 331
5 173 479
5 176 921
5 178 624
5 180 519
5 183 407
5 186 511
5 16 727
5 39 915
5 51 357
5 71 970
6 14 995
6 37 518
6 41 176
6 49 175
6 57 741
6 58 800
6 68 678
6 71 624
6 72 644
6 86 102
6 92 595
6 95 308
6 104 656
6 122 506
6 126 812
6 132 361
6 133 199
6 136 476
6 141 237
6 145 426
6 147 911
6 148 179
6 150 437
6 151 667
6 152 590
6 165 698
6 174 101
6 184 454
6 193 347
6 5 275
6 7 843
6 8 186
7 20 841
7 27 396
7 30 638
7 31 674
7 36 880
7 37 787
7 38 382
7 41 147
7 44 838
7 52 513
7 54 704
7 61 828
7 62 738
7 65 202
7 78 103
7 84 651
7 86 907
7 106 457
7 107 475
7 110 516
7 114 739
7 116 45
7 129 4
7 134 230
7 138 778
7 144 240
7 145 35
7 157 21
7 160 611
7 182 228
7 184 517
7 194 27
7 1 384
7 2 639
7 13 495
7 23 218
7 189 538
8 11 839
8 18 657
8 21 210
8 27 460
8 28 771
8 38 891
8 43 388
8 58 158
8 71 803
8 73 68
8 82 929
8 83 271
8 84 383
8 87 539
8 88 334
8 93 322
8 94 740
8 97 487
8 113 820
8 115 959
8 125 776
8 126 879
8 127 371
8 128 214
8 129 302
8 134 428
8 140 976
8 141 214
8 143 897
8 151 95
8 161 247
8 164 567
8 166 344
8 168 20
8 169 724
8 171 99
8 172 430
8 173 468
8 186 989
8 197 649
8 31 217
8 37 203
8 40 440
8 61 570
8 138 416
8 183 120
9 12 604
9 25 210
9 27 684
9 41 813
9 42 614
9 46 993
9 51 591
9 55 36
9 81 997
9 88 698
9 92 78
9 105 730
9 106 784
9 107 142
9 115 171
9 118 798
9 125 899
9 131 744
9 132 678
9 142 1000
9 152 596
9 159 85
9 160 969
9 161 855
9 164 750
9 165 140
9 167 976
9 168 66
9 192 410
9 8 292
10 11 672
10 16 188
10 17 227
10 21 115
10 34 110
10 49 135
10 53 594
10 58 940
10 62 165
10 66 737
10 67 935
10 72 505
10 73 248
10 76 664
10 77 81
10 81 931
10 84 444
10 91 362
10 93 496
10 95 23
10 96 243
10 102 532
10 114 574
10 123 631
10 125 440
10 127 77
10 128 394
10 150 845
10 153 699
10 157 219
10 158 454
10 167 93
10 170 872
10 176 541
10 178 879
10 187 863
10 193 901
10 197 369
10 0 712
10 15 491
10 30 242
10 32 642
10 36 798
11 12 454
11 16 931
11 21 141
11 24 408
11 36 932
11 54 108
11 55 95
11 56 123
11 58 937
11 71 80
11 72 861
11 74 356
11 75 474
11 91 371
11 92 24
11 93 747
11 95 85
11 96 99
11 98 245
11 104 580
11 108 219
11 116 254
11 123 725
11 127 60
11 131 371
11 138 50
11 139 658
11 140 288
11 147 781
11 150 603
11 163 437
11 165 747
11 172 887
11 177 923
11 178 653
11 183 492
11 184 384
11 188 990
11 193 279
11 195 327
11 2 323
11 5 5
11 18 757
11 27 93
11 43 697
11 162 837
12 14 811
12 15 183
12 19 208
12 27 537
12 33 152
12 35 161
12 38 916
12 40 105
12 41 895
12 46 509
12 48 813
12 55 457
12 59 940
12 60 45
12 64 435
12 67 92
12 70 798
12 71 792
12 74 961
12 75 198
12 92 792
12 94 589
12 105 868
12 106 886
12 124 179
12 135 970
12 142 154
12 144 862
12 147 118
12 168 712
12 172 745
12 175 366
12 183 273
12 192 431
12 196 48
12 7 841
12 11 821
12 17 799
12 170 846
13 22 602
13 23 96
13 26 966
13 42 651
13 54 653
13 59 861
13 60 428
13 63 373
13 64 575
13 66 818
13 67 463
13 73 881
13 76 472
13 79 951
13 80 510
13 81 813
13 89 738
13 90 134
13 91 576
13 93 55
13 99 418
13 105 887
13 110 946
13 115 963
13 121 430
13 126 465
13 127 268
13 128 877
13 134 637
13 136 453
13 140 664
13 141 209
13 149 709
13 150 847
13 152 956
13 158 90
13 160 356
13 165 244
13 170 408
13 172 562
13 180 862
13 182 281
13 0 603
13 5 632
13 19 984
13 53 745
13 117 722
14 16 191
14 18 829
14 19 120
14 24 743
14 28 51
14 30 585
14 34 192
14 38 307
14 43 435
14 44 936
14 51 527
14 62 406
14 64 259
14 69 904
14 73 492
14 76 299
14 87 294
14 89 962
14 98 84
14 101 534
14 108 951
14 109 819
14 116 206
14 117 919
14 119 396
14 120 993
14 121 296
14 122 14
14 123 307
14 124 330
14 128 167
14 129 134
14 133 445
14 144 855
14 146 265
14 157 84
14 158 194
14 160 794
14 170 576
14 171 553
14 174 790
14 177 866
14 184 290
14 185 334
14 188 463
14 199 972
14 1 758
14 8 857
14 11 528
14 12 234
14 106 717
14 126 414
14 186 423
15 19 687
15 24 377
15 50 723
15 52 340
15 56 400
15 58 893
15 64 178
15 67 607
15 76 822
15 84 803
15 86 409
15 87 414
15 88 435
15 91 619
15 99 889
15 111 583
15 113 446
15 115 352
15 116 724
15 121 903
15 124 432
15 128 240
15 139 205
15 145 684
15 146 700
15 153 41
15 157 381
15 171 233
15 175 39
15 177 778
15 179 580
15 185 631
15 188 757
15 189 727
15 190 465
15 193 797
15 194 927
15 2 759
15 9 222
15 38 257
15 141 80
16 19 395
16 24 243
16 25 626
16 27 795
16 28 386
16 29 961
16 30 241
16 32 789
16 40 643
16 44 468
16 46 587
16 50 949
16 51 15
16 56 266
16 58 625
16 70 914
16 72 771
16 73 640
16 74 176
16 79 178
16 83 66
16 86 681
16 90 25
16 94 803
16 108 302
16 110 187
16 116 485
16 123 609
16 125 84
16 128 341
16 129 906
16 130 50
16 136 725
16 142 132
16 151 811
16 165 171
16 169 524
16 171 867
16 175 434
16 180 49
16 182 690
16 187 96
16 189 392
16 1 447
16 2 216
16 9 922
16 13 853
17 29 455
17 51 372
17 53 133
17 63 922
17 65 879
17 78 517
17 79 619
17 85 99
17 89 96
17 90 489
17 92 498
17 101 577
17 102 354
17 107 675
17 119 95
17 121 889
17 125 670
17 126 443
17 127 676
17 141 463
17 145 876
17 151 473
17 153 831
17 154 686
17 156 944
17 161 726
17 169 844
17 185 425
17 186 787
17 187 854
17 190 994
17 193 165
17 195 369
17 196 107
17 197 767
17 199 242
17 3 951
17 6 443
17 7 177
17 24 487
17 28 566
17 99 703
17 109 217
17 177 907
18 20 316
18 21 297
18 25 610
18 26 794
18 31 137
18 36 728
18 41 7
18 43 74
18 47 400
18 48 269
18 56 14
18 59 672
18 64 341
18 68 797
18 69 528
18 71 490
18 77 944
18 80 171
18 84 260
18 88 51
18 89 310
18 102 491
18 103 221
18 104 607
18 111 836
18 114 548
18 117 221
18 121 16
18 133 865
18 141 333
18 167 886
18 170 558
18 179 845
18 180 580
18 183 22
18 192 40
18 2 263
18 6 927
18 7 30
19 27 800
19 29 332
19 36 603
19 42 898
19 44 588
19 46 506
19 51 896
19 56 628
19 71 491
19 80 9
19 88 702
19 93 150
19 98 605
19 108 194
19 111 825
19 112 630
19 119 904
19 126 124
19 131 886
19 133 564
19 137 979
19 150 750
19 151 94
19 155 157
19 162 953
19 169 758
19 170 294
19 179 653
19 194 94
19 198 376
19 199 198
19 0 939
19 3 618
19 5 1000
19 11 100
19 13 651
19 20 260
20 22 148
20 26 778
20 27 279
20 30 197
20 38 893
20 42 206
20 43 394
20 50 123
20 54 202
20 58 432
20 71 732
20 72 547
20 82 625
20 83 399
20 86 623
20 87 107
20 91 656
20 96 508
20 100 212
20 102 288
20 103 571
20 112 123
20 121 806
20 125 866
20 137 270
20 144 391
20 147 588
20 162 223
20 165 693
20 170 183
20 173 123
20 174 392
20 185 738
20 186 697
20 190 547
20 193 935
20 196 920
20 0 401
20 4 629
20 7 742
20 19 117
20 59 107
20 62 17
21 25 718
21 30 36
21 32 412
21 35 964
21 37 621
21 43 395
21 53 125
21 61 958
21 62 139
21 69 12
21 72 984
21 74 523
21 77 482
21 81 424
21 82 226
21 91 754
21 95 386
21 103 337
21 113 507
21 120 805
21 121 589
21 128 211
21 129 392
21 133 816
21 135 865
21 138 658
21 140 699
21 149 670
21 151 83
21 152 694
21 154 85
21 156 644
21 172 577
21 176 303
21 184 888
21 197 629
21 199 749
21 5 926
21 6 482
21 16 933
21 26 486
21 48 404
21 116 400
22 25 82
22 26 244
22 28 858
22 44 906
22 47 117
22 51 565
22 54 236
22 59 599
22 60 990
22 75 53
22 76 572
22 78 328
22 82 259
22 91 951
22 95 973
22 97 79
22 111 256
22 114 666
22 119 734
22 133 741
22 140 244
22 143 562
22 157 704
22 160 916
22 164 942
22 166 241
22 169 471
22 171 692
22 172 611
22 179 697
22 182 655
22 184 149
22 187 51
22 196 880
22 11 444
22 12 24
22 13 414
22 15 954
22 20 856
22 21 29
22 92 657
23 27 458
23 37 51
23 38 578
23 39 325
23 50 599
23 55 485
23 62 365
23 68 303
23 84 525
23 108 761
23 111 161
23 114 186
23 116 9
23 118 997
23 123 695
23 124 190
23 131 534
23 137 398
23 146 398
23 148 730
23 151 724
23 157 246
23 162 127
23 170 432
23 171 879
23 185 466
23 188 926
23 191 205
23 193 234
23 195 255
23 199 115
23 14 588
24 34 298
24 48 52
24 50 847
24 55 155
24 59 72
24 66 500
24 71 488
24 72 30
24 83 57
24 84 748
24 86 642
24 87 545
24 93 701
24 95 371
24 97 714
24 105 256
24 109 354
24 116 750
24 117 258
24 118 904
24 122 155
24 126 844
24 137 340
24 143 667
24 144 887
24 151 334
24 170 453
24 175 411
24 179 530
24 183 685
24 187 298
24 2 964
24 13 308
24 15 640
24 19 968
24 21 446
24 23 828
24 46 717
24 57 742
24 78 40
24 148 770
25 27 412
25 28 33
25 38 268
25 48 953
25 50 696
25 56 125
25 59 881
25 67 963
25 76 602
25 86 962
25 90 625
25 92 795
25 93 220
25 117 19
25 122 182
25 125 924
25 131 955
25 133 966
25 140 416
25 143 601
25 144 66
25 148 661
25 149 41
25 151 577
25 154 667
25 161 159
25 164 594
25 167 472
25 168 881
25 169 108
25 171 906
25 173 272
25 175 752
25 180 762
25 189 719
25 190 227
25 193 660
25 195 307
25 1 825
25 2 652
25 4 95
25 12 892
25 14 462
25 23 998
25 34 718
25 94 329
26 29 293
26 30 369
26 35 841
26 38 255
26 39 982
26 43 689
26 45 783
26 46 196
26 48 572
26 50 816
26 59 97
26 60 547
26 63 443
26 64 685
26 69 211
26 74 849
26 77 880
26 79 619
26 82 231
26 90 444
26 93 626
26 97 31
26 98 13
26 101 47
26 116 763
26 118 670
26 120 665
26 138 399
26 150 118
26 155 481
26 157 710
26 161 817
26 163 916
26 166 934
26 169 887
26 173 886
26 177 649
26 178 269
26 180 832
26 11 996
26 13 776
26 14 250
26 20 9
26 22 564
26 87 253
27 32 603
27 40 264
27 46 360
27 52 110
27 53 927
27 58 184
27 59 235
27 66 207
27 67 816
27 69 660
27 70 478
27 95 495
27 97 933
27 101 467
27 109 756
27 112 481
27 113 72
27 116 576
27 118 570
27 122 285
27 125 370
27 126 227
27 142 914
27 146 910
27 169 142
27 173 605
27 175 631
27 177 847
27 178 375
27 181 327
27 185 202
27 2 994
27 3 261
27 10 231
27 12 431
27 16 737
27 17 364
27 21 82
27 23 128
27 56 390
27 65 174
28 32 37
28 34 994
28 40 842
28 47 897
28 52 521
28 68 187
28 73 573
28 76 413
28 77 743
28 82 950
28 86 845
28 111 506
28 119 154
28 136 760
28 138 157
28 140 104
28 157 866
28 160 280
28 166 816
28 167 178
28 184 527
28 190 22
28 7 513
28 17 643
28 19 705
28 20 846
28 21 874
28 27 170
28 144 810
29 30 91
29 32 25
29 38 227
29 40 529
29 43 667
29 47 233
29 54 749
29 77 998
29 82 405
29 86 68
29 87 690
29 94 673
29 98 883
29 99 193
29 101 546
29 110 343
29 116 877
29 118 573
29 119 734
29 124 3
29 128 341
29 132 565
29 134 2
29 140 962
29 147 624
29 152 8
29 154 455
29 162 863
29 169 321
29 170 732
29 181 120
29 182 468
29 183 582
29 184 769
29 187 374
29 190 975
29 191 720
29 193 523
29 197 762
29 3 260
29 5 998
29 10 702
29 12 278
29 14 423
29 112 745
29 146 922
30 32 752
30 34 577
30 36 377
30 38 626
30 39 858
30 41 316
30 43 421
30 45 970
30 51 488
30 67 589
30 68 829
30 71 502
30 91 713
30 99 727
30 106 388
30 109 793
30 124 73
30 131 832
30 134 473
30 136 383
30 138 356
30 140 679
30 151 749
30 153 929
30 157 654
30 159 332
30 161 264
30 175 734
30 178 226
30 185 469
30 190 994
30 195 742
30 196 54
30 197 2
30 198 860
30 4 742
30 15 596
30 18 297
30 22 659
30 23 739
30 26 603
30 35 311
30 63 861
31 36 884
31 38 897
31 41 605
31 44 352
31 45 275
31 54 258
31 55 584
31 56 325
31 60 321
31 62 807
31 70 676
31 80 540
31 82 288
31 84 962
31 93 830
31 94 741
31 96 547
31 97 618
31 104 181
31 117 977
31 126 27
31 128 867
31 130 120
31 145 615
31 154 776
31 169 449
31 171 295
31 180 45
31 191 319
31 192 755
31 196 358
31 8 705
31 15 422
31 20 719
31 22 617
32 34 437
32 36 456
32 45 257
32 46 331
32 52 275
32 53 394
32 63 91
32 66 101
32 69 743
32 70 145
32 76 253
32 85 793
32 93 779
32 95 646
32 105 431
32 110 650
32 115 227
32 123 289
32 127 362
32 133 292
32 140 591
32 141 148
32 144 569
32 146 102
32 154 216
32 158 283
32 161 513
32 162 916
32 163 765
32 165 281
32 169 679
32 175 896
32 187 594
32 190 91
32 198 894
32 0 401
32 3 669
32 4 520
32 11 941
32 13 546
32 15 0
32 20 282
32 24 425
32 25 75
32 27 64
33 35 594
33 37 790
33 40 712
33 46 434
33 50 750
33 52 89
33 53 816
33 54 72
33 59 449
33 62 601
33 65 904
33 70 280
33 74 185
33 77 648
33 78 569
33 87 500
33 97 496
33 113 977
33 114 239
33 116 419
33 133 516
33 142 708
33 143 313
33 147 406
33 152 477
33 153 337
33 157 945
33 158 932
33 162 816
33 175 559
33 177 623
33 179 710
33 183 633
33 184 801
33 186 344
33 189 23
33 2 209
33 3 223
33 4 797
33 7 549
33 9 342
33 19 893
33 20 920
33 23 993
33 25 151
33 26 904
33 27 724
33 31 732
34 41 118
34 44 102
34 48 906
34 50 443
34 53 814
34 58 561
34 62 370
34 73 655
34 80 139
34 86 868
34 99 582
34 103 538
34 107 728
34 109 845
34 111 326
34 112 390
34 116 123
34 119 909
34 123 213
34 124 924
34 132 489
34 139 990
34 145 802
34 150 468
34 151 513
34 154 508
34 161 29
34 162 123
34 163 815
34 168 181
34 185 656
34 186 588
34 192 892
34 193 957
34 195 721
34 198 352
34 199 93
34 1 808
34 12 361
34 102 118
35 57 612
35 64 786
35 66 553
35 68 887
35 74 264
35 84 816
35 94 989
35 111 833
35 115 519
35 116 364
35 120 402
35 128 905
35 131 127
35 133 457
35 142 392
35 147 816
35 152 834
35 153 771
35 155 427
35 159 436
35 160 0
35 172 831
35 175 746
35 176 350
35 180 478
35 182 358
35 187 508
35 188 563
35 196 197
35 199 779
35 0 249
35 1 435
35 5 727
35 9 679
35 11 968
35 22 378
35 24 98
35 50 3
35 73 97
35 80 180
35 85 109
36 53 60
36 56 637
36 65 298
36 71 578
36 72 946
36 79 955
36 81 814
36 89 450
36 96 812
36 101 265
36 102 792
36 105 796
36 110 957
36 127 766
36 135 559
36 150 896
36 153 175
36 156 17
36 159 23
36 163 705
36 169 771
36 174 754
36 177 695
36 183 830
36 186 308
36 189 840
36 193 754
36 199 52
36 0 479
36 1 960
36 2 312
36 8 727
36 10 44
36 12 817
36 16 61
36 21 487
36 26 222
36 33 379
36 83 295
36 149 106
37 39 854
37 43 455
37 48 307
37 50 778
37 52 257
37 54 360
37 67 511
37 72 27
37 81 11
37 84 133
37 85 417
37 86 417
37 87 453
37 88 805
37 89 733
37 96 892
37 100 228
37 101 373
37 105 11
37 108 751
37 123 36
37 128 606
37 129 716
37 136 232
37 139 665
37 151 726
37 155 711
37 157 850
37 158 288
37 160 706
37 164 747
37 167 853
37 177 402
37 189 312
37 194 725
37 0 4
37 5 825
37 13 980
37 24 614
37 25 336
37 27 994
37 29 962
37 44 879
37 49 743
38 46 448
38 59 124
38 63 693
38 66 59
38 69 268
38 71 720
38 72 25
38 73 520
38 77 568
38 85 718
38 97 703
38 98 859
38 109 428
38 111 268
38 113 563
38 114 379
38 120 331
38 123 914
38 125 218
38 128 283
38 132 922
38 134 658
38 137 725
38 139 697
38 142 946
38 144 965
38 149 312
38 159 425
38 162 408
38 163 173
38 168 942
38 176 136
38 177 261
38 180 353
38 186 268
38 7 916
38 9 261
38 10 823
38 16 598
38 17 920
38 19 983
38 22 575
38 25 742
38 36 3
38 37 419
39 46 355
39 48 343
39 49 187
39 56 398
39 72 488
39 81 687
39 89 17
39 93 89
39 94 487
39 95 783
39 102 982
39 107 625
39 110 132
39 112 437
39 114 318
39 120 437
39 121 707
39 127 861
39 129 604
39 133 181
39 134 451
39 135 534
39 137 378
39 139 951
39 148 221
39 151 577
39 153 212
39 157 622
39 158 648
39 162 529
39 165 362
39 176 394
39 177 433
39 179 612
39 195 524
39 196 648
39 198 949
39 10 262
39 18 810
39 20 299
39 23 333
39 30 142
39 38 577
39 67 601
39 75 199
40 46 61
40 47 593
40 48 398
40 49 681
40 59 962
40 62 916
40 73 519
40 76 13
40 77 640
40 81 903
40 84 850
40 85 661
40 88 348
40 94 163
40 97 867
40 98 953
40 109 183
40 110 660
40 128 731
40 132 453
40 136 530
40 137 625
40 142 359
40 144 881
40 145 350
40 153 851
40 155 440
40 156 508
40 158 922
40 159 25
40 160 145
40 164 340
40 170 548
40 175 910
40 180 106
40 185 298
40 187 716
40 188 803
40 195 689
40 198 94
40 199 757
40 2 178
40 9 348
40 10 726
40 16 608
40 20 656
40 21 955
40 25 444
40 34 248
40 35 829
40 36 977
40 38 403
41 48 232
41 51 145
41 62 820
41 69 101
41 70 409
41 71 460
41 77 17
41 78 117
41 81 576
41 90 816
41 98 241
41 103 346
41 115 719
41 121 52
41 123 298
41 124 939
41 127 919
41 129 256
41 131 801
41 133 505
41 136 103
41 138 300
41 139 653
41 142 606
41 149 217
41 150 262
41 152 754
41 157 381
41 161 243
41 167 92
41 169 676
41 172 804
41 173 693
41 174 140
41 193 621
41 195 396
41 198 752
41 199 254
41 4 459
41 9 960
41 14 150
41 16 77
41 18 329
41 27 798
41 32 199
42 44 129
42 48 702
42 49 286
42 50 838
42 85 873
42 86 186
42 97 490
42 104 217
42 112 740
42 114 496
42 116 987
42 117 980
42 128 277
42 130 289
42 133 468
42 148 827
42 154 3
42 160 486
42 162 961
42 164 596
42 165 631
42 175 132
42 177 450
42 180 270
42 187 785
42 189 187
42 192 267
42 5 324
42 17 545
42 30 822
42 35 560
42 41 249
42 45 921
42 47 882
42 55 614
43 50 968
43 57 764
43 67 605
43 70 171
43 79 61
43 84 926
43 89 602
43 90 494
43 93 370
43 94 281
43 96 661
43 97 506
43 103 795
43 104 758
43 108 218
43 113 244
43 118 443
43 125 186
43 129 693
43 133 47
43 136 281
43 138 217
43 141 476
43 144 637
43 148 596
43 152 993
43 164 401
43 170 699
43 171 33
43 184 565
43 193 57
43 199 869
43 3 465
43 7 628
43 11 683
43 13 49
43 19 699
43 22 837
43 23 189
43 157 95
44 45 581
44 53 626
44 55 413
44 82 728
44 88 21
44 94 265
44 101 318
44 102 218
44 110 917
44 118 929
44 121 829
44 124 41
44 125 816
44 130 536
44 132 98
44 133 863
44 142 53
44 150 492
44 153 519
44 159 248
44 169 971
44 171 576
44 172 802
44 177 868
44 178 632
44 182 25
44 188 178
44 189 2
44 190 416
44 195 855
44 198 147
44 1 690
44 6 880
44 10 151
44 17 721
44 18 400
44 26 620
44 33 776
44 34 572
44 43 158
44 66 818
45 50 407
45 51 370
45 60 560
45 69 756
45 70 419
45 72 390
45 73 88
45 76 451
45 78 582
45 79 328
45 86 856
45 87 922
45 102 526
45 104 261
45 107 928
45 121 661
45 122 873
45 127 517
45 129 611
45 139 509
45 150 399
45 154 801
45 155 799
45 156 670
45 160 737
45 165 631
45 166 869
45 169 938
45 170 799
45 188 990
45 189 521
45 17 3
45 24 50
45 33 330
45 35 361
45 38 182
45 41 635
46 60 779
46 61 533
46 66 92
46 70 586
46 75 784
46 85 963
46 90 411
46 94 22
46 100 980
46 103 558
46 106 156
46 111 971
46 114 891
46 115 75
46 120 494
46 126 325
46 131 937
46 134 516
46 136 909
46 137 135
46 138 597
46 140 963
46 141 865
46 144 207
46 146 244
46 153 916
46 155 218
46 164 747
46 168 603
46 180 889
46 183 124
46 184 704
46 188 607
46 192 193
46 197 496
46 199 941
46 0 66
46 3 297
46 5 557
46 13 48
46 17 259
46 34 979
46 35 105
46 37 204
46 45 157
46 135 628
47 58 366
47 59 633
47 63 849
47 64 813
47 66 361
47 67 585
47 73 954
47 79 374
47 84 593
47 85 770
47 86 504
47 105 250
47 109 354
47 113 273
47 134 220
47 149 511
47 153 465
47 164 50
47 166 480
47 168 627
47 170 323
47 174 523
47 179 284
47 186 142
47 190 392
47 192 434
47 197 478
47 0 876
47 1 223
47 3 978
47 5 605
47 9 960
47 10 434
47 14 84
47 20 706
47 22 721
47 28 489
47 29 270
47 31 748
47 32 725
47 37 988
47 38 23
47 40 487
47 41 706
47 43 771
47 44 467
47 45 411
48 58 140
48 59 997
48 66 751
48 69 3
48 74 400
48 78 948
48 79 703
48 91 292
48 96 396
48 104 854
48 105 536
48 107 326
48 111 530
48 115 223
48 116 672
48 117 567
48 139 630
48 145 820
48 156 575
48 157 159
48 158 81
48 162 687
48 165 3
48 166 46
48 180 683
48 181 392
48 185 547
48 187 894
48 188 229
48 190 930
48 194 301
48 14 839
48 18 301
48 28 13
48 32 425
48 39 856
48 41 747
49 51 398
49 53 753
49 55 992
49 58 438
49 65 742
49 72 313
49 81 739
49 83 88
49 85 824
49 88 733
49 96 749
49 98 623
49 100 118
49 102 902
49 110 906
49 115 598
49 116 545
49 117 433
49 119 833
49 121 239
49 122 532
49 125 777
49 126 788
49 135 977
49 136 575
49 138 319
49 149 529
49 157 190
49 167 451
49 172 171
49 173 302
49 176 571
49 180 203
49 189 217
49 197 716
49 3 205
49 9 668
49 23 488
49 32 122
49 38 297
49 44 190
49 156 831
49 190 625
50 52 958
50 58 761
50 59 597
50 62 371
50 63 84
50 71 27
50 72 736
50 74 176
50 76 793
50 78 154
50 82 647
50 90 992
50 95 824
50 102 192
50 103 117
50 123 589
50 132 573
50 148 298
50 150 850
50 158 840
50 161 454
50 163 607
50 165 717
50 167 181
50 168 260
50 175 206
50 176 359
50 181 153
50 184 971
50 186 586
50 189 736
50 190 926
50 196 10
50 23 420
50 25 688
50 29 808
50 33 430
50 36 475
50 37 994
50 38 341
50 140 938
51 58 810
51 60 700
51 64 593
51 66 946
51 71 458
51 80 348
51 81 759
51 87 785
51 94 283
51 95 538
51 98 735
51 102 220
51 114 273
51 135 347
51 142 49
51 144 523
51 147 493
51 153 738
51 155 419
51 156 176
51 168 437
51 172 641
51 173 353
51 174 406
51 176 188
51 179 801
51 183 889
51 194 12
51 195 462
51 198 224
51 199 144
51 2 692
51 8 157
51 20 879
51 29 681
51 41 977
51 43 380
51 77 121
52 61 360
52 63 235
52 65 933
52 70 109
52 72 595
52 76 762
52 85 425
52 86 704
52 97 379
52 101 727
52 107 399
52 109 796
52 111 924
52 119 38
52 125 988
52 133 723
52 135 922
52 136 986
52 137 137
52 139 597
52 146 731
52 150 628
52 151 267
52 161 351
52 166 103
52 175 537
52 180 846
52 185 88
52 192 540
52 196 167
52 1 252
52 3 732
52 14 430
52 22 434
52 23 482
52 29 875
52 32 332
52 35 531
52 39 264
52 42 300
52 43 903
52 48 430
53 54 941
53 60 667
53 72 736
53 83 651
53 87 418
53 91 820
53 95 140
53 96 184
53 99 412
53 112 340
53 119 494
53 120 186
53 123 264
53 139 838
53 143 598
53 145 373
53 146 216
53 155 438
53 166 37
53 167 730
53 169 167
53 171 132
53 183 303
53 185 595
53 190 274
53 196 960
53 3 868
53 9 494
53 12 434
53 15 940
53 17 922
53 24 708
53 26 885
53 29 678
53 31 923
53 49 540
53 88 729
53 114 504
54 57 76
54 60 750
54 66 435
54 79 79
54 82 541
54 87 241
54 90 629
54 94 452
54 103 45
54 108 375
54 110 942
54 111 136
54 112 148
54 116 549
54 118 516
54 120 795
54 141 125
54 157 58
54 158 380
54 164 232
54 170 259
54 173 895
54 174 881
54 197 454
54 198 50
54 6 7
54 11 719
54 17 598
54 18 94
54 24 353
54 43 621
54 47 596
54 49 990
54 121 15
54 137 754
54 196 50
55 56 150
55 57 323
55 58 822
55 60 687
55 65 678
55 67 922
55 73 45
55 75 401
55 84 610
55 85 166
55 87 171
55 89 124
55 90 429
55 91 827
55 98 498
55 99 393
55 115 100
55 132 27
55 136 234
55 145 474
55 153 606
55 158 369
55 166 777
55 169 441
55 177 763
55 178 919
55 0 473
55 16 496
55 21 56
55 23 59
55 28 33
55 31 38
55 34 857
55 41 471
55 43 799
55 47 39
56 57 977
56 58 137
56 64 996
56 70 159
56 78 762
56 81 197
56 82 869
56 83 676
56 84 393
56 93 256
56 100 164
56 105 76
56 115 83
56 119 101
56 120 618
56 129 416
56 132 446
56 145 497
56 152 408
56 157 675
56 160 550
56 162 715
56 164 772
56 165 31
56 181 900
56 183 426
56 186 853
56 192 244
56 3 647
56 5 575
56 11 760
56 12 922
56 18 33
56 20 850
56 24 825
56 28 210
56 35 997
56 36 665
56 44 931
56 46 101
56 47 244
56 50 299
56 51 924
56 52 73
56 53 751
56 136 912
57 61 736
57 62 101
57 65 919
57 68 38
57 79 135
57 86 514
57 93 282
57 95 343
57 96 50
57 97 619
57 110 130
57 116 3
57 117 375
57 118 664
57 126 992
57 131 160
57 136 552
57 140 352
57 152 195
57 157 804
57 160 282
57 167 312
57 175 508
57 177 407
57 182 502
57 185 768
57 186 680
57 192 613
57 199 888
57 3 615
57 13 114
57 17 98
57 18 731
57 25 357
57 26 635
57 27 0
57 28 252
57 32 710
57 39 424
57 47 799
57 48 280
57 134 757
57 150 14
58 61 379
58 63 402
58 65 216
58 67 399
58 68 923
58 80 815
58 83 238
58 86 756
58 101 520
58 103 908
58 108 102
58 110 570
58 113 871
58 124 729
58 130 574
58 149 608
58 158 203
58 159 808
58 162 729
58 175 856
58 176 151
58 181 444
58 183 123
58 196 547
58 198 898
58 4 309
58 13 529
58 14 293
58 17 330
58 18 203
58 23 888
58 25 365
58 31 76
58 41 584
58 52 779
58 57 263
58 120 91
58 161 165
59 61 940
59 67 200
59 75 565
59 85 3
59 91 783
59 92 48
59 100 80
59 102 537
59 110 572
59 111 897
59 114 149
59 116 40
59 122 998
59 125 382
59 136 448
59 143 96
59 152 608
59 157 872
59 160 990
59 163 274
59 164 819
59 177 70
59 178 225
59 186 245
59 189 90
59 190 414
59 0 727
59 1 316
59 2 251
59 8 570
59 22 779
59 26 560
59 27 995
59 32 70
59 42 600
59 45 317
59 46 259
59 50 699
59 51 360
59 55 584
59 56 719
59 96 323
59 124 243
59 142 439
60 65 325
60 68 132
60 71 204
60 72 383
60 78 635
60 83 136
60 94 393
60 98 661
60 112 853
60 114 532
60 116 123
60 120 124
60 125 925
60 127 745
60 152 271
60 165 656
60 168 136
60 170 293
60 172 950
60 179 774
60 180 866
60 184 699
60 188 101
60 189 104
60 3 140
60 5 253
60 19 35
60 39 832
60 51 788
60 52 10
60 53 948
60 56 988
61 62 868
61 69 259
61 74 708
61 80 113
61 84 271
61 95 283
61 97 181
61 105 837
61 112 343
61 113 871
61 117 648
61 121 725
61 124 655
61 133 909
61 148 362
61 149 962
61 162 534
61 163 191
61 167 716
61 171 129
61 173 874
61 185 607
61 190 490
61 191 541
61 3 720
61 5 734
61 13 110
61 15 167
61 18 106
61 22 957
61 25 508
61 39 992
61 41 727
61 54 336
61 58 120
61 115 360
62 64 329
62 68 27
62 70 606
62 74 236
62 77 22
62 80 971
62 89 989
62 93 232
62 105 608
62 115 353
62 117 786
62 122 303
62 124 803
62 140 133
62 150 819
62 151 230
62 152 197
62 155 90
62 160 393
62 161 598
62 166 470
62 171 180
62 178 174
62 181 831
62 183 85
62 190 205
62 195 775
62 1 268
62 8 899
62 9 352
62 23 32
62 24 337
62 36 791
62 50 170
62 55 455
62 61 879
62 69 475
62 125 520
63 67 370
63 85 718
63 86 407
63 92 329
63 96 467
63 99 992
63 101 3
63 111 972
63 117 917
63 125 428
63 126 669
63 134 114
63 137 599
63 149 833
63 150 133
63 151 855
63 156 110
63 160 9
63 163 547
63 179 462
63 181 570
63 182 56
63 24 176
63 28 941
63 29 174
63 37 321
63 38 720
63 41 16
63 44 392
63 49 953
63 52 403
63 68 79
64 67 332
64 69 414
64 71 182
64 74 802
64 77 121
64 80 792
64 85 955
64 101 680
64 107 151
64 108 451
64 109 20
64 110 495
64 129 529
64 130 595
64 132 857
64 136 361
64 141 986
64 144 286
64 147 715
64 151 680
64 159 40
64 160 928
64 168 60
64 185 540
64 0 889
64 10 307
64 14 445
64 17 533
64 26 250
64 37 940
64 41 780
64 45 619
64 46 560
64 52 43
64 55 220
65 75 980
65 82 885
65 83 211
65 88 39
65 89 165
65 91 383
65 96 117
65 101 454
65 102 447
65 108 188
65 120 766
65 121 81
65 126 263
65 132 541
65 141 799
65 144 500
65 166 297
65 169 944
65 171 752
65 174 548
65 184 547
65 194 829
65 196 294
65 199 519
65 5 834
65 22 87
65 23 717
65 42 793
65 104 645
66 73 655
66 80 579
66 90 602
66 91 940
66 92 198
66 97 984
66 103 343
66 114 966
66 118 328
66 120 990
66 121 684
66 125 192
66 128 855
66 131 823
66 133 102
66 140 33
66 142 390
66 143 641
66 144 498
66 145 213
66 149 20
66 150 36
66 153 519
66 154 648
66 160 718
66 163 299
66 164 999
66 168 102
66 172 370
66 185 158
66 186 848
66 194 343
66 198 855
66 1 887
66 3 88
66 4 356
66 14 348
66 26 443
66 28 21
66 32 635
66 35 132
66 42 52
66 45 664
66 46 789
66 49 740
66 55 588
66 62 631
67 72 149
67 76 269
67 78 905
67 81 825
67 89 305
67 95 337
67 103 862
67 104 84
67 105 690
67 119 276
67 125 727
67 126 247
67 134 667
67 135 156
67 137 954
67 147 530
67 152 400
67 168 165
67 170 962
67 171 878
67 175 909
67 176 775
67 187 612
67 191 182
67 192 499
67 199 138
67 12 634
67 16 768
67 23 190
67 31 654
67 41 364
67 43 863
67 44 460
67 46 843
67 47 65
67 48 59
67 49 170
67 51 60
68 71 29
68 84 466
68 95 673
68 97 399
68 105 760
68 108 448
68 109 656
68 112 958
68 113 918
68 115 645
68 117 691
68 119 565
68 121 587
68 125 627
68 129 181
68 131 797
68 133 394
68 140 936
68 150 813
68 156 495
68 157 167
68 173 507
68 175 685
68 186 839
68 193 343
68 196 844
68 199 807
68 0 598
68 4 922
68 6 143
68 9 325
68 12 512
68 18 3
68 38 147
68 43 414
68 45 772
68 59 29
68 62 828
68 64 607
69 70 984
69 73 321
69 75 39
69 81 696
69 87 648
69 92 264
69 101 456
69 110 779
69 114 74
69 126 753
69 127 904
69 130 255
69 131 381
69 136 111
69 139 420
69 149 567
69 155 759
69 172 38
69 174 395
69 178 674
69 182 318
69 187 296
69 191 388
69 197 32
69 0 507
69 4 80
69 8 944
69 9 252
69 11 654
69 12 761
69 13 269
69 14 382
69 17 103
69 20 596
69 27 85
69 42 905
69 52 479
69 61 807
69 63 106
69 66 590
69 67 114
70 72 724
70 77 506
70 81 24
70 85 845
70 95 393
70 96 160
70 98 994
70 103 4
70 105 110
70 106 205
70 109 960
70 111 229
70 118 88
70 120 688
70 123 418
70 128 8
70 131 837
70 142 34
70 147 582
70 154 11
70 159 865
70 178 713
70 180 771
70 181 557
70 184 192
70 188 391
70 189 439
70 194 430
70 197 706
70 199 576
70 1 937
70 5 342
70 7 128
70 10 615
70 12 439
70 26 820
70 31 599
70 33 762
70 39 433
70 43 303
70 44 807
70 45 839
70 47 221
70 64 94
71 74 667
71 91 178
71 98 339
71 101 687
71 104 92
71 114 998
71 115 903
71 128 236
71 132 982
71 134 440
71 139 627
71 141 980
71 142 122
71 149 231
71 157 345
71 159 494
71 162 265
71 165 877
71 171 11
71 189 236
71 194 164
71 199 349
71 2 139
71 6 825
71 13 859
71 17 482
71 23 246
71 39 31
71 41 800
71 42 700
71 45 991
71 47 951
71 48 307
71 51 863
71 55 404
71 58 307
71 61 939
71 67 637
71 168 192
72 78 586
72 80 972
72 81 978
72 82 150
72 96 210
72 97 224
72 106 305
72 107 460
72 111 413
72 112 723
72 114 533
72 121 414
72 137 774
72 152 773
72 161 657
72 165 532
72 166 734
72 169 411
72 171 180
72 174 960
72 179 970
72 188 246
72 189 94
72 196 117
72 0 565
72 4 992
72 9 714
72 10 943
72 23 83
72 25 794
72 26 337
72 28 844
72 39 284
72 40 454
72 47 325
72 50 573
72 61 905
72 86 811
72 195 732
73 79 676
73 81 884
73 86 20
73 87 442
73 88 41
73 90 142
73 91 579
73 100 348
73 101 228
73 102 223
73 104 875
73 107 505
73 113 369
73 115 811
73 117 4
73 118 661
73 120 712
73 121 549
73 127 514
73 130 384
73 131 303
73 141 597
73 144 975
73 152 631
73 163 723
73 164 366
73 172 832
73 175 433
73 179 420
73 193 782
73 199 556
73 6 686
73 7 400
73 9 781
73 13 926
73 20 272
73 22 895
73 23 752
73 25 650
73 28 870
73 32 626
73 43 101
73 48 596
73 51 72
73 55 64
73 58 337
73 59 935
73 65 266
73 69 44
73 71 253
73 72 375
74 77 708
74 79 534
74 88 675
74 92 948
74 102 529
74 103 329
74 123 71
74 125 506
74 130 804
74 139 637
74 140 696
74 144 864
74 148 827
74 157 418
74 162 329
74 167 128
74 168 942
74 169 62
74 176 545
74 180 397
74 185 819
74 186 42
74 197 2
74 199 453
74 2 30
74 4 631
74 5 763
74 7 940
74 10 205
74 22 241
74 29 159
74 32 867
74 38 839
74 48 309
74 54 474
74 64 969
75 76 77
75 86 630
75 89 642
75 91 455
75 94 790
75 95 862
75 102 356
75 104 512
75 111 128
75 112 447
75 115 902
75 124 901
75 127 166
75 131 757
75 147 869
75 148 612
75 156 836
75 162 247
75 164 270
75 165 680
75 174 660
75 178 674
75 184 71
75 0 17
75 1 965
75 9 505
75 22 317
75 29 804
75 30 431
75 32 682
75 34 232
75 37 233
75 39 293
75 40 28
75 46 737
75 47 780
75 49 139
75 55 755
75 67 543
75 68 378
75 72 16
75 90 475
76 78 320
76 80 966
76 82 144
76 86 589
76 90 661
76 92 126
76 93 782
76 96 853
76 97 70
76 103 964
76 107 959
76 108 338
76 113 138
76 115 855
76 116 552
76 121 724
76 124 354
76 128 323
76 131 924
76 139 791
76 140 829
76 141 982
76 144 626
76 149 250
76 152 586
76 156 612
76 157 569
76 163 475
76 169 80
76 171 683
76 174 452
76 178 438
76 182 606
76 190 261
76 191 341
76 5 357
76 9 572
76 11 629
76 20 636
76 26 670
76 27 953
76 31 494
76 35 397
76 42 196
76 53 643
76 66 12
76 70 0
76 74 312
77 79 162
77 82 295
77 88 320
77 91 507
77 95 134
77 104 932
77 110 460
77 113 918
77 121 746
77 122 747
77 127 269
77 130 788
77 131 156
77 135 346
77 136 429
77 137 891
77 139 82
77 163 12
77 166 411
77 170 358
77 177 0
77 179 873
77 185 128
77 188 935
77 199 930
77 4 642
77 5 9
77 11 541
77 12 266
77 15 333
77 36 860
77 38 688
77 40 842
77 45 698
77 46 768
77 47 220
77 52 582
77 53 954
77 58 133
77 65 879
77 66 76
77 73 995
77 75 490
78 83 997
78 99 137
78 102 931
78 103 710
78 106 318
78 109 746
78 110 903
78 129 966
78 137 444
78 140 661
78 142 950
78 144 342
78 145 675
78 170 599
78 172 498
78 174 146
78 183 216
78 22 14
78 26 626
78 29 665
78 34 98
78 38 720
78 44 968
78 46 948
78 48 577
78 50 115
78 52 840
78 72 555
79 80 598
79 85 404
79 91 484
79 92 136
79 96 733
79 100 806
79 103 524
79 105 922
79 111 438
79 113 906
79 114 507
79 127 724
79 128 366
79 129 175
79 131 251
79 133 926
79 137 402
79 143 749
79 144 492
79 147 143
79 151 110
79 156 597
79 157 368
79 164 662
79 180 162
79 2 235
79 3 306
79 4 435
79 7 419
79 10 1000
79 13 25
79 18 664
79 19 306
79 39 840
79 47 26
79 48 172
79 76 685
80 90 694
80 93 271
80 98 651
80 100 80
80 105 317
80 106 689
80 118 902
80 123 295
80 141 387
80 146 159
80 151 703
80 154 926
80 158 845
80 159 415
80 163 596
80 167 587
80 171 817
80 175 273
80 177 15
80 181 92
80 190 605
80 198 73
80 7 559
80 12 471
80 23 634
80 27 898
80 29 534
80 31 535
80 34 146
80 36 0
80 37 691
80 54 707
80 58 183
80 65 695
80 67 315
80 73 491
80 77 898
81 83 78
81 86 496
81 88 374
81 90 629
81 99 424
81 105 693
81 110 293
81 111 313
81 112 732
81 134 17
81 135 948
81 143 433
81 145 909
81 146 914
81 168 226
81 177 10
81 189 171
81 199 534
81 1 891
81 15 308
81 20 966
81 21 607
81 23 264
81 25 613
81 30 708
81 31 554
81 34 866
81 37 312
81 39 326
81 40 657
81 43 671
81 48 25
81 49 718
81 55 535
81 122 955
81 181 558
82 86 16
82 89 319
82 91 323
82 95 684
82 98 703
82 100 147
82 104 144
82 113 976
82 115 23
82 123 953
82 130 618
82 148 882
82 150 331
82 157 92
82 161 529
82 166 814
82 170 841
82 175 619
82 186 518
82 187 718
82 196 156
82 197 526
82 4 634
82 5 701
82 14 277
82 16 414
82 20 634
82 24 399
82 30 909
82 43 406
82 46 443
82 53 528
82 57 327
82 59 195
82 62 465
82 63 264
82 75 80
82 76 428
82 81 399
82 185 647
83 96 132
83 106 304
83 114 617
83 124 868
83 132 424
83 139 852
83 140 731
83 142 810
83 144 250
83 145 119
83 147 499
83 152 444
83 157 259
83 161 652
83 162 426
83 177 694
83 178 187
83 183 680
83 193 433
83 196 3
83 8 427
83 9 609
83 14 720
83 15 545
83 20 96
83 37 144
83 49 715
83 64 612
83 65 924
83 66 652
83 81 193
83 82 658
83 101 293
83 119 20
84 88 116
84 89 809
84 93 996
84 95 290
84 108 788
84 109 51
84 117 658
84 119 185
84 120 841
84 122 911
84 135 70
84 143 37
84 145 917
84 149 177
84 151 31
84 156 900
84 159 929
84 163 906
84 170 546
84 175 764
84 177 199
84 181 827
84 182 88
84 185 740
84 190 41
84 191 871
84 0 981
84 13 124
84 17 811
84 21 114
84 30 388
84 31 313
84 37 355
84 38 908
84 44 136
84 45 567
84 47 968
84 58 617
84 65 248
84 74 249
84 82 857
84 83 391
84 97 442
84 169 972
85 87 966
85 91 609
85 98 577
85 106 117
85 109 77
85 118 132
85 119 325
85 127 789
85 135 656
85 142 460
85 155 981
85 157 900
85 166 303
85 170 670
85 171 291
85 173 7
85 176 790
85 183 931
85 185 456
85 190 176
85 191 238
85 193 756
85 5 161
85 8 428
85 21 277
85 30 968
85 32 646
85 40 175
85 41 145
85 42 551
85 43 107
85 50 488
85 51 288
85 56 852
85 60 281
85 83 196
85 84 523
86 111 33
86 113 790
86 118 104
86 132 400
86 136 832
86 137 461
86 140 383
86 153 576
86 167 614
86 170 173
86 174 904
86 177 253
86 181 382
86 192 252
86 194 823
86 195 932
86 0 913
86 10 173
86 12 965
86 22 48
86 25 442
86 27 302
86 28 624
86 30 154
86 31 891
86 40 286
86 42 512
86 47 995
86 54 958
86 58 389
86 68 200
86 73 691
86 74 277
86 82 445
86 89 539
86 164 15
87 101 444
87 102 872
87 103 25
87 104 483
87 110 773
87 111 263
87 119 798
87 139 626
87 142 318
87 148 735
87 162 829
87 177 316
87 181 537
87 193 599
87 195 676
87 196 726
87 198 803
87 1 111
87 10 55
87 12 290
87 15 798
87 30 628
87 42 96
87 54 648
87 63 615
87 67 328
87 70 583
87 74 836
87 77 904
87 80 426
87 83 901
87 85 922
87 98 408
88 93 25
88 94 202
88 100 122
88 102 47
88 105 199
88 109 321
88 122 557
88 123 310
88 126 316
88 128 200
88 132 112
88 135 508
88 138 23
88 139 216
88 140 133
88 141 481
88 143 360
88 144 754
88 153 92
88 157 670
88 171 231
88 190 373
88 193 537
88 195 149
88 199 361
88 6 145
88 18 938
88 25 328
88 29 244
88 33 854
88 36 924
88 41 615
88 42 119
88 46 277
88 49 761
88 51 763
88 52 428
88 57 653
88 66 866
88 110 292
88 111 834
89 96 56
89 98 978
89 102 772
89 103 894
89 105 744
89 107 531
89 113 499
89 139 599
89 140 755
89 142 100
89 162 70
89 169 300
89 171 531
89 174 419
89 180 745
89 181 902
89 182 73
89 185 581
89 190 64
89 196 409
89 197 752
89 199 793
89 6 36
89 8 743
89 15 769
89 17 618
89 23 394
89 26 826
89 34 789
89 35 415
89 39 679
89 41 22
89 45 242
89 51 585
89 56 468
89 61 58
89 68 113
89 75 166
89 77 212
89 79 196
89 81 52
89 82 80
90 97 836
90 101 971
90 102 125
90 105 407
90 109 508
90 111 49
90 112 797
90 115 923
90 116 593
90 117 680
90 122 900
90 129 964
90 131 792
90 139 850
90 149 780
90 150 809
90 152 358
90 154 309
90 157 15
90 162 884
90 163 144
90 170 429
90 178 147
90 191 962
90 194 270
90 197 568
90 198 640
90 3 739
90 12 467
90 16 660
90 27 512
90 28 0
90 33 568
90 35 27
90 42 348
90 44 899
90 48 127
90 52 307
90 55 718
90 62 210
90 66 850
90 80 159
90 87 343
91 92 241
91 93 419
91 94 987
91 95 70
91 99 59
91 105 688
91 108 519
91 112 2
91 117 409
91 118 394
91 138 441
91 139 634
91 141 857
91 146 107
91 148 273
91 159 342
91 162 906
91 165 574
91 172 921
91 176 612
91 179 616
91 182 113
91 183 724
91 184 40
91 16 81
91 19 992
91 21 50
91 29 909
91 36 182
91 42 204
91 58 532
91 64 961
91 65 352
91 66 700
91 68 288
91 72 370
91 73 304
91 87 853
91 88 281
91 90 418
92 94 997
92 98 231
92 108 617
92 135 567
92 139 52
92 141 589
92 143 104
92 145 599
92 148 604
92 149 927
92 165 906
92 170 512
92 177 6
92 188 103
92 190 925
92 192 912
92 194 40
92 1 284
92 8 837
92 17 693
92 20 220
92 31 914
92 37 227
92 43 923
92 49 326
92 52 748
92 53 109
92 58 523
92 59 903
92 61 219
92 62 835
92 70 361
92 72 286
92 76 469
92 79 35
92 83 26
92 84 343
92 85 184
92 87 228
93 95 556
93 100 301
93 101 829
93 105 157
93 119 209
93 123 710
93 133 625
93 134 715
93 138 295
93 143 32
93 145 727
93 149 497
93 159 579
93 162 783
93 167 103
93 171 189
93 180 202
93 187 117
93 196 882
93 197 518
93 198 274
93 0 275
93 4 933
93 6 199
93 8 689
93 12 744
93 15 697
93 17 982
93 18 386
93 21 254
93 25 902
93 29 841
93 30 116
93 33 436
93 35 827
93 47 982
93 52 979
93 59 529
93 69 979
93 71 141
93 72 296
93 77 765
93 79 155
93 130 842
94 105 445
94 111 365
94 114 618
94 115 932
94 116 255
94 120 643
94 121 939
94 123 72
94 126 212
94 129 238
94 141 112
94 142 430
94 144 446
94 151 23
94 152 532
94 155 645
94 161 523
94 164 622
94 181 449
94 185 282
94 194 81
94 199 595
94 1 597
94 3 936
94 7 699
94 16 258
94 19 668
94 33 472
94 34 203
94 59 850
94 62 62
94 65 653
94 77 984
94 81 374
94 89 289
95 97 17
95 99 753
95 101 249
95 105 702
95 107 514
95 108 895
95 112 266
95 115 495
95 129 255
95 133 801
95 134 604
95 135 852
95 137 813
95 138 900
95 139 652
95 157 305
95 162 176
95 163 181
95 164 710
95 165 256
95 166 12
95 169 643
95 179 60
95 181 646
95 190 386
95 194 334
95 0 404
95 5 465
95 9 19
95 12 35
95 14 959
95 15 526
95 32 283
95 40 502
95 46 376
95 47 6
95 51 861
95 55 130
95 71 530
95 72 767
95 73 564
95 74 582
95 87 743
95 94 885
95 143 197
95 155 621
96 97 879
96 99 280
96 101 159
96 113 906
96 115 773
96 119 685
96 120 323
96 125 430
96 127 890
96 137 908
96 138 998
96 142 718
96 151 840
96 165 457
96 167 567
96 176 845
96 177 828
96 179 82
96 186 669
96 191 340
96 4 289
96 14 542
96 17 571
96 22 647
96 31 853
96 33 138
96 37 412
96 38 533
96 39 846
96 43 185
96 50 856
96 56 295
96 65 690
96 69 543
96 79 424
96 80 40
97 101 505
97 108 705
97 120 160
97 123 593
97 126 861
97 129 868
97 131 593
97 133 644
97 136 502
97 144 901
97 149 448
97 156 469
97 157 909
97 159 697
97 164 3
97 165 992
97 170 100
97 176 840
97 179 635
97 180 663
97 184 279
97 188 411
97 195 297
97 199 1000
97 2 384
97 4 129
97 12 130
97 16 960
97 17 253
97 19 202
97 27 221
97 34 377
97 37 256
97 39 367
97 44 367
97 46 736
97 48 330
97 49 471
97 50 273
97 52 481
97 53 207
97 71 434
97 74 804
97 75 818
97 79 168
97 84 701
97 89 548
97 91 410
97 92 587
97 95 623
98 115 528
98 117 841
98 119 311
98 123 453
98 126 74
98 129 303
98 143 560
98 148 627
98 153 735
98 154 365
98 156 307
98 163 116
98 170 648
98 174 935
98 189 231
98 194 406
98 195 223
98 196 682
98 0 718
98 5 792
98 7 418
98 8 725
98 11 233
98 13 807
98 21 873
98 22 930
98 32 369
98 34 530
98 42 118
98 43 857
98 45 160
98 62 973
98 65 856
98 68 815
98 75 756
98 77 532
98 79 650
98 92 626
98 93 460
98 96 874
98 97 344
98 139 965
99 101 656
99 112 35
99 114 781
99 115 225
99 116 378
99 118 317
99 121 155
99 122 874
99 124 121
99 133 193
99 135 944
99 140 238
99 144 3
99 148 293
99 159 730
99 160 687
99 161 892
99 162 917
99 194 908
99 198 61
99 199 807
99 6 842
99 8 143
99 9 688
99 17 463
99 22 242
99 31 951
99 47 989
99 53 557
99 54 776
99 63 404
99 69 368
99 70 462
99 73 589
99 76 931
99 81 80
99 86 848
99 105 140
100 105 175
100 107 483
100 111 211
100 115 549
100 117 905
100 123 74
100 128 448
100 136 734
100 140 677
100 143 622
100 144 961
100 163 892
100 168 893
100 172 342
100 175 582
100 176 400
100 184 100
100 185 493
100 188 537
100 0 774
100 3 236
100 6 390
100 16 944
100 25 110
100 27 598
100 30 296
100 31 981
100 39 658
100 50 308
100 51 308
100 55 894
100 57 971
100 58 299
100 63 507
100 74 582
100 80 560
100 88 310
100 96 956
100 98 771
100 132 290
100 171 392
101 110 914
101 113 807
101 118 966
101 120 292
101 122 613
101 123 118
101 127 338
101 129 652
101 131 88
101 135 100
101 139 571
101 145 42
101 146 631
101 151 13
101 170 224
101 175 657
101 176 432
101 178 848
101 179 639
101 181 96
101 191 411
101 192 781
101 193 475
101 0 52
101 2 77
101 4 880
101 8 625
101 12 309
101 13 888
101 17 975
101 23 857
101 35 144
101 37 726
101 38 47
101 52 257
101 54 428
101 57 555
101 59 918
101 61 709
101 69 883
101 74 851
101 80 624
101 91 277
101 94 452
101 96 279
101 97 462
101 100 152
101 198 943
102 105 440
102 111 86
102 114 267
102 119 784
102 120 38
102 122 973
102 123 798
102 130 193
102 139 198
102 142 607
102 146 273
102 156 971
102 163 890
102 188 987
102 3 959
102 4 964
102 6 815
102 13 957
102 14 895
102 16 531
102 18 426
102 24 78
102 35 106
102 51 718
102 55 303
102 56 415
102 65 466
102 67 908
102 77 662
102 81 680
102 82 463
102 87 376
102 91 978
102 97 145
102 99 487
103 104 817
103 114 176
103 123 172
103 126 246
103 127 142
103 128 890
103 131 711
103 140 59
103 142 272
103 143 321
103 152 662
103 155 479
103 165 611
103 179 768
103 194 741
103 7 654
103 17 721
103 20 804
103 26 662
103 28 50
103 37 616
103 41 256
103 42 392
103 45 990
103 64 132
103 71 190
103 77 766
103 80 967
103 85 138
103 91 591
103 96 411
103 98 409
103 100 53
103 101 672
104 106 780
104 126 913
104 127 629
104 135 942
104 137 904
104 139 49
104 144 977
104 145 764
104 146 400
104 153 341
104 158 465
104 164 705
104 165 131
104 167 419
104 177 914
104 179 27
104 186 593
104 191 952
104 193 684
104 0 650
104 1 500
104 2 324
104 4 256
104 8 15
104 9 633
104 18 734
104 20 555
104 22 891
104 25 760
104 30 945
104 32 809
104 34 140
104 55 127
104 60 136
104 61 737
104 65 538
104 76 868
104 86 414
104 92 550
104 97 806
104 98 34
104 102 180
104 103 44
105 108 921
105 112 99
105 118 921
105 122 486
105 127 916
105 130 923
105 132 611
105 138 21
105 141 911
105 145 239
105 160 264
105 163 187
105 177 113
105 180 378
105 189 538
105 196 849
105 9 235
105 11 505
105 24 39
105 25 972
105 26 235
105 34 68
105 46 696
105 47 940
105 81 897
105 87 15
105 93 593
105 99 936
105 100 245
106 112 306
106 117 743
106 128 205
106 131 307
106 136 454
106 137 616
106 140 84
106 142 760
106 147 569
106 149 291
106 154 258
106 157 1000
106 160 38
106 162 939
106 170 422
106 171 987
106 175 810
106 182 866
106 184 657
106 188 547
106 190 911
106 192 80
106 193 764
106 0 802
106 1 487
106 4 426
106 6 534
106 8 95
106 9 176
106 11 618
106 24 243
106 30 449
106 32 918
106 35 538
106 36 651
106 40 790
106 46 974
106 47 522
106 49 824
106 51 259
106 53 122
106 64 910
106 66 434
106 71 822
106 86 880
106 97 681
106 99 265
107 108 948
107 113 482
107 120 323
107 124 43
107 127 634
107 128 794
107 129 997
107 131 668
107 134 202
107 143 252
107 149 660
107 153 632
107 172 100
107 173 104
107 174 499
107 186 110
107 198 139
107 1 173
107 3 545
107 13 115
107 15 917
107 26 276
107 28 451
107 37 108
107 43 858
107 44 493
107 45 884
107 47 946
107 49 477
107 54 835
107 55 414
107 57 376
107 73 879
107 74 684
107 79 130
107 82 50
107 90 25
107 105 481
108 110 481
108 113 578
108 121 972
108 125 416
108 129 411
108 131 280
108 136 296
108 147 288
108 152 230
108 155 101
108 163 719
108 164 109
108 165 287
108 168 662
108 179 9
108 180 144
108 2 530
108 9 217
108 16 795
108 23 281
108 28 40
108 33 338
108 38 247
108 42 925
108 43 43
108 45 464
108 46 634
108 49 593
108 50 608
108 55 616
108 56 867
108 57 821
108 66 262
108 72 777
108 73 526
108 74 902
108 85 582
108 88 716
108 90 650
108 91 916
108 97 511
108 100 101
108 101 357
108 103 789
109 111 755
109 120 100
109 128 455
109 129 107
109 131 459
109 133 186
109 151 65
109 156 665
109 158 640
109 164 874
109 173 668
109 176 952
109 185 395
109 186 36
109 188 615
109 190 220
109 191 172
109 196 439
109 197 920
109 1 473
109 5 408
109 15 278
109 16 214
109 17 736
109 18 395
109 30 351
109 32 430
109 37 418
109 39 871
109 43 158
109 44 955
109 46 251
109 51 210
109 61 117
109 63 307
109 64 704
109 74 888
109 78 469
109 87 75
109 88 103
109 98 220
109 101 705
109 108 888
109 118 836
110 114 671
110 115 329
110 122 22
110 140 302
110 148 116
110 150 269
110 155 197
110 162 396
110 165 608
110 175 493
110 178 403
110 180 827
110 182 224
110 183 531
110 186 389
110 190 257
110 194 187
110 197 271
110 2 699
110 3 354
110 13 960
110 15 580
110 19 479
110 34 684
110 43 596
110 56 945
110 61 733
110 67 635
110 73 147
110 74 136
110 79 95
110 82 352
110 84 971
110 91 218
110 99 810
110 100 319
110 103 202
111 115 725
111 118 663
111 120 281
111 122 66
111 125 726
111 139 414
111 145 575
111 147 19
111 149 450
111 155 0
111 165 572
111 167 164
111 169 991
111 172 506
111 187 515
111 192 294
111 195 776
111 197 856
111 15 237
111 22 296
111 24 294
111 32 356
111 34 199
111 46 388
111 53 679
111 54 267
111 56 952
111 58 148
111 68 514
111 69 526
111 70 899
111 71 550
111 75 255
111 99 122
111 102 96
111 104 70
111 108 107
111 176 638
112 117 339
112 119 919
112 121 414
112 139 737
112 144 183
112 148 109
112 154 222
112 157 508
112 160 680
112 165 87
112 167 354
112 168 325
112 169 927
112 176 899
112 185 475
112 188 620
112 191 251
112 193 467
112 198 730
112 6 37
112 12 699
112 18 828
112 22 953
112 24 952
112 26 244
112 28 780
112 33 100
112 35 64
112 36 485
112 39 642
112 45 415
112 53 771
112 58 699
112 60 714
112 64 612
112 65 302
112 67 362
112 70 794
112 75 950
112 79 374
112 86 457
112 89 579
112 90 935
112 93 457
112 95 994
112 98 954
112 103 407
112 108 643
112 110 928
113 115 158
113 120 470
113 126 564
113 130 197
113 134 252
113 136 594
113 140 366
113 144 394
113 163 378
113 167 557
113 170 976
113 172 340
113 176 610
113 178 31
113 188 178
113 191 849
113 192 277
113 193 766
113 12 967
113 14 435
113 16 279
113 20 849
113 21 274
113 22 360
113 30 694
113 31 636
113 36 271
113 37 239
113 41 766
113 48 923
113 49 45
113 52 300
113 63 352
113 65 162
113 73 356
113 74 474
113 78 867
113 79 646
113 81 838
113 84 771
113 85 629
113 88 245
113 91 850
113 92 711
113 96 136
113 103 803
113 111 719
114 118 752
114 120 428
114 124 168
114 137 706
114 138 616
114 140 271
114 146 438
114 155 189
114 157 585
114 166 323
114 180 687
114 194 107
114 5 164
114 6 207
114 8 446
114 13 63
114 15 593
114 24 738
114 26 596
114 27 258
114 32 993
114 38 542
114 39 451
114 44 954
114 45 590
114 57 241
114 59 393
114 61 351
114 64 957
114 75 977
114 80 982
114 84 767
114 96 441
114 99 275
114 100 35
114 103 385
114 113 455
114 179 765
115 117 464
115 122 597
115 124 393
115 133 52
115 140 750
115 142 592
115 151 756
115 168 650
115 175 714
115 181 282
115 186 478
115 190 28
115 192 485
115 1 890
115 7 681
115 13 217
115 14 225
115 17 609
115 21 447
115 23 687
115 28 433
115 32 966
115 35 983
115 38 882
115 43 512
115 44 79
115 48 304
115 55 721
115 58 484
115 67 647
115 68 466
115 74 640
115 81 768
115 88 483
115 92 808
115 93 317
115 101 484
115 104 964
115 109 877
115 110 925
115 112 330
115 113 550
116 128 12
116 131 553
116 134 311
116 140 906
116 141 556
116 149 87
116 159 494
116 167 26
116 171 376
116 175 207
116 177 109
116 180 532
116 187 672
116 195 251
116 196 765
116 8 667
116 11 876
116 12 252
116 14 404
116 21 733
116 25 852
116 27 695
116 29 722
116 30 330
116 32 920
116 33 780
116 37 834
116 41 364
116 54 439
116 57 826
116 60 397
116 64 391
116 68 870
116 73 168
116 76 184
116 78 261
116 81 349
116 95 346
116 97 563
116 100 574
116 112 576
116 114 651
116 115 286
117 120 913
117 128 629
117 144 951
117 145 268
117 149 200
117 150 433
117 155 275
117 156 195
117 164 602
117 165 354
117 167 158
117 194 13
117 198 895
117 9 462
117 11 104
117 19 981
117 22 521
117 24 705
117 29 471
117 31 496
117 33 820
117 43 282
117 55 448
117 56 461
117 62 776
117 68 509
117 76 443
117 79 499
117 83 663
117 87 378
117 88 176
117 94 944
117 98 543
117 100 921
117 105 341
117 107 131
117 111 108
117 112 79
118 119 107
118 122 967
118 124 678
118 129 940
118 134 10
118 136 7
118 143 693
118 146 629
118 155 523
118 160 466
118 165 721
118 169 889
118 172 139
118 183 199
118 194 216
118 195 329
118 196 94
118 198 87
118 8 434
118 12 673
118 17 13
118 31 753
118 36 285
118 37 83
118 46 280
118 54 673
118 76 559
118 80 552
118 86 259
118 90 261
118 97 975
118 102 289
118 106 28
118 109 101
118 110 494
118 116 97
118 128 146
118 153 392
119 126 741
119 129 967
119 134 240
119 138 323
119 139 932
119 143 721
119 148 933
119 151 410
119 154 241
119 168 702
119 172 491
119 173 961
119 179 767
119 180 158
119 197 770
119 6 20
119 10 97
119 11 743
119 15 610
119 22 359
119 26 950
119 27 464
119 28 889
119 47 593
119 53 288
119 59 587
119 62 904
119 67 860
119 73 566
119 88 906
119 89 170
119 95 236
119 96 145
119 101 872
119 105 599
119 109 587
119 111 339
119 113 915
119 116 87
120 124 347
120 140 301
120 148 842
120 153 781
120 158 961
120 161 972
120 167 804
120 173 815
120 174 50
120 176 957
120 177 23
120 179 510
120 181 420
120 184 359
120 185 755
120 0 120
120 4 232
120 12 325
120 15 925
120 18 675
120 24 449
120 26 30
120 30 915
120 31 6
120 33 534
120 35 881
120 37 478
120 41 300
120 55 300
120 56 256
120 60 826
120 63 727
120 64 422
120 68 423
120 78 266
120 81 171
120 89 407
120 106 458
120 112 368
120 114 979
121 122 19
121 133 793
121 134 611
121 135 6
121 138 754
121 139 911
121 143 508
121 145 480
121 148 885
121 149 586
121 150 461
121 158 24
121 161 790
121 162 748
121 174 210
121 180 458
121 181 78
121 191 584
121 193 358
121 7 55
121 9 693
121 11 90
121 12 850
121 23 836
121 25 702
121 30 600
121 36 72
121 46 800
121 51 945
121 53 288
121 54 857
121 65 997
121 68 460
121 84 32
121 89 871
121 97 618
121 100 178
121 103 895
121 104 171
121 113 183
121 114 162
121 116 885
121 118 293
121 119 331
122 123 752
122 128 651
122 131 524
122 137 893
122 144 120
122 154 902
122 168 804
122 172 496
122 174 870
122 177 393
122 186 663
122 189 134
122 194 90
122 2 125
122 3 713
122 5 672
122 7 417
122 25 309
122 34 535
122 35 324
122 38 689
122 40 463
122 41 204
122 56 637
122 73 902
122 78 797
122 85 844
122 91 458
122 93 998
122 101 904
122 106 390
122 107 630
122 108 912
122 114 943
123 134 806
123 143 50
123 148 771
123 158 779
123 159 777
123 160 890
123 165 223
123 175 67
123 177 119
123 182 512
123 183 136
123 186 303
123 189 429
123 190 250
123 191 168
123 195 123
123 199 487
123 0 697
123 4 247
123 5 269
123 7 179
123 8 365
123 11 626
123 22 260
123 23 209
123 28 26
123 33 818
123 38 377
123 41 430
123 44 112
123 50 267
123 51 411
123 61 547
123 65 919
123 68 325
123 98 608
123 105 129
123 106 482
123 112 660
123 114 794
123 122 386
124 127 704
124 129 973
124 131 325
124 135 481
124 136 272
124 137 250
124 146 12
124 157 656
124 165 624
124 169 205
124 183 274
124 185 261
124 8 682
124 10 949
124 15 429
124 17 682
124 30 191
124 31 511
124 33 783
124 34 142
124 35 970
124 45 356
124 50 499
124 54 963
124 55 434
124 66 443
124 67 242
124 70 915
124 71 286
124 73 865
124 80 227
124 86 963
124 98 781
124 106 369
124 112 382
124 122 815
124 160 475
124 172 450
124 194 513
125 128 972
125 129 877
125 135 750
125 144 592
125 159 316
125 168 79
125 173 679
125 174 774
125 180 52
125 183 756
125 186 403
125 188 419
125 197 320
125 2 220
125 12 201
125 21 821
125 22 625
125 23 783
125 26 26
125 32 431
125 35 77
125 39 573
125 44 807
125 45 427
125 46 7
125 47 191
125 55 199
125 58 796
125 59 386
125 60 224
125 61 102
125 69 913
125 73 544
125 76 768
125 81 253
125 86 207
125 97 80
125 114 678
125 118 597
125 122 391
125 124 567
126 127 156
126 129 171
126 133 807
126 138 994
126 146 806
126 153 465
126 156 808
126 170 875
126 187 934
126 188 67
126 16 442
126 17 254
126 23 549
126 30 395
126 38 262
126 47 906
126 48 640
126 59 455
126 61 820
126 68 875
126 72 578
126 82 161
126 83 201
126 88 949
126 99 442
126 103 856
126 105 14
126 106 401
126 107 319
126 108 618
126 114 84
126 119 827
126 120 265
127 146 202
127 158 123
127 164 74
127 172 558
127 176 1
127 177 721
127 180 29
127 184 894
127 188 581
127 189 113
127 190 47
127 199 535
127 2 974
127 6 432
127 10 795
127 16 113
127 19 691
127 20 116
127 37 300
127 41 985
127 45 14
127 55 366
127 60 714
127 61 814
127 62 274
127 67 466
127 75 406
127 76 760
127 82 172
127 104 678
127 108 141
127 122 136
127 124 475
128 130 735
128 131 444
128 134 589
128 136 290
128 144 772
128 147 697
128 150 464
128 157 729
128 158 802
128 161 166
128 164 797
128 179 107
128 184 728
128 188 230
128 195 243
128 199 436
128 8 166
128 16 298
128 32 890
128 35 168
128 40 389
128 43 204
128 48 703
128 54 240
128 62 380
128 63 244
128 68 649
128 70 216
128 75 900
128 76 506
128 84 505
128 89 152
128 92 331
128 94 58
128 98 708
128 109 513
128 110 702
128 112 732
128 116 948
128 117 988
128 122 122
128 127 758
129 136 905
129 143 65
129 148 630
129 155 677
129 163 285
129 166 845
129 184 435
129 190 34
129 192 279
129 15 547
129 16 763
129 24 805
129 29 640
129 33 243
129 36 328
129 59 70
129 63 101
129 67 161
129 70 967
129 74 247
129 81 304
129 85 822
129 88 898
129 93 794
129 112 843
129 121 490
129 124 673
130 138 45
130 153 175
130 154 603
130 163 127
130 164 875
130 170 592
130 179 406
130 184 373
130 193 345
130 197 744
130 198 323
130 15 718
130 22 780
130 26 61
130 30 550
130 36 648
130 53 757
130 55 718
130 60 43
130 61 128
130 63 409
130 70 687
130 76 3
130 77 9
130 78 554
130 81 472
130 94 746
130 95 383
130 99 631
130 100 329
130 101 679
130 108 452
130 112 352
130 118 72
130 123 496
131 133 2
131 134 54
131 141 508
131 144 730
131 146 344
131 151 98
131 153 82
131 159 250
131 162 713
131 164 381
131 168 589
131 170 251
131 182 939
131 186 574
131 188 796
131 194 34
131 197 619
131 4 378
131 14 978
131 22 95
131 26 489
131 27 411
131 29 475
131 30 386
131 32 676
131 37 921
131 40 319
131 52 386
131 54 254
131 55 562
131 62 804
131 63 104
131 73 396
131 86 151
131 93 866
131 94 564
131 98 829
131 117 705
131 120 511
131 123 512
131 124 918
131 127 245
131 128 341
132 138 256
132 142 300
132 147 397
132 153 196
132 159 900
132 162 123
132 171 644
132 175 907
132 185 608
132 186 244
132 196 653
132 0 151
132 2 693
132 3 998
132 20 190
132 28 787
132 31 187
132 40 833
132 55 778
132 58 942
132 60 370
132 64 959
132 69 56
132 75 632
132 76 557
132 80 517
132 85 472
132 90 357
132 93 711
132 94 256
132 97 368
132 99 855
132 102 866
132 110 698
132 114 739
132 115 655
132 130 66
133 134 961
133 140 435
133 153 960
133 169 384
133 172 252
133 177 932
133 191 113
133 3 713
133 18 790
133 23 89
133 28 221
133 34 606
133 36 417
133 39 887
133 43 813
133 49 285
133 55 321
133 66 356
133 75 743
133 84 748
133 85 511
133 86 231
133 90 491
133 91 752
133 97 10
133 99 300
133 100 896
133 108 441
133 109 300
133 110 514
133 112 120
133 113 75
133 114 610
133 118 297
133 127 572
133 128 761
133 132 347
134 138 272
134 139 378
134 152 98
134 154 139
134 156 49
134 162 659
134 166 564
134 169 763
134 178 106
134 182 509
134 184 376
134 188 409
134 192 503
134 196 121
134 199 909
134 3 470
134 4 888
134 5 212
134 10 908
134 11 224
134 16 101
134 22 131
134 27 568
134 31 153
134 35 104
134 39 922
134 43 66
134 49 937
134 57 798
134 61 498
134 71 638
134 75 786
134 76 196
134 81 627
134 82 679
134 86 33
134 89 234
134 92 687
134 104 745
134 105 433
134 109 372
134 122 277
134 126 236
134 127 572
135 147 649
135 154 358
135 158 632
135 162 456
135 164 100
135 172 175
135 174 570
135 177 576
135 179 484
135 184 484
135 189 880
135 191 198
135 194 685
135 195 226
135 196 692
135 198 505
135 0 723
135 3 958
135 11 361
135 17 781
135 19 553
135 20 530
135 24 109
135 30 206
135 31 779
135 38 132
135 50 332
135 54 812
135 62 610
135 66 526
135 69 207
135 74 441
135 78 404
135 82 844
135 85 319
135 86 727
135 90 41
135 92 463
135 102 907
135 112 447
135 117 187
135 119 65
135 120 729
135 123 796
135 129 57
135 166 192
136 138 185
136 139 552
136 148 279
136 155 445
136 156 500
136 158 286
136 159 650
136 174 894
136 181 334
136 196 386
136 199 809
136 0 2
136 15 171
136 17 724
136 21 58
136 25 469
136 26 839
136 29 238
136 31 725
136 39 642
136 47 732
136 59 56
136 60 79
136 62 70
136 64 733
136 68 392
136 72 330
136 73 614
136 75 138
136 83 903
136 90 953
136 91 578
136 92 738
136 93 776
136 98 361
136 100 989
136 111 173
136 120 813
136 123 68
136 124 220
136 130 781
137 138 144
137 140 167
137 150 861
137 156 911
137 160 494
137 165 176
137 172 392
137 180 978
137 186 956
137 196 972
137 1 842
137 2 252
137 5 885
137 7 801
137 14 14
137 15 984
137 19 725
137 21 148
137 23 609
137 50 777
137 52 382
137 54 506
137 60 936
137 65 876
137 67 268
137 71 674
137 88 177
137 90 277
137 91 354
137 106 507
137 113 75
137 116 81
137 119 50
137 123 784
137 128 6
137 135 185
137 136 75
138 140 197
138 151 589
138 153 405
138 154 83
138 159 634
138 160 667
138 168 203
138 175 723
138 176 93
138 181 931
138 184 878
138 186 774
138 196 487
138 6 244
138 8 861
138 20 428
138 23 443
138 30 313
138 32 509
138 35 687
138 37 240
138 39 650
138 43 367
138 52 378
138 55 382
138 56 453
138 62 46
138 73 611
138 88 51
138 96 610
138 97 675
138 101 486
138 103 320
138 105 437
138 109 201
138 110 756
138 114 432
138 118 267
138 126 42
138 127 96
138 133 938
138 134 343
138 180 371
139 141 250
139 150 898
139 154 811
139 155 77
139 157 294
139 159 794
139 163 921
139 164 344
139 167 526
139 176 524
139 184 251
139 185 774
139 186 365
139 189 456
139 6 41
139 10 804
139 18 852
139 21 119
139 23 465
139 32 192
139 34 543
139 39 836
139 46 416
139 51 137
139 53 360
139 54 520
139 56 716
139 58 779
139 60 964
139 61 328
139 63 239
139 72 625
139 74 811
139 76 85
139 86 60
139 92 155
139 93 26
139 97 122
139 99 293
139 101 821
139 105 53
139 109 511
139 115 847
139 117 138
139 119 616
139 123 701
139 133 276
139 138 254
140 143 662
140 144 591
140 148 288
140 151 268
140 163 976
140 172 99
140 173 927
140 176 131
140 186 299
140 3 374
140 8 980
140 17 807
140 20 551
140 23 13
140 27 839
140 28 94
140 30 907
140 35 404
140 42 106
140 44 236
140 52 256
140 57 676
140 61 640
140 72 132
140 79 418
140 80 74
140 83 531
140 84 307
140 85 825
140 93 435
140 114 97
140 118 598
140 125 846
140 127 553
140 130 507
140 134 183
140 167 837
141 151 713
141 158 841
141 164 467
141 178 852
141 183 108
141 189 686
141 199 970
141 2 577
141 3 522
141 5 275
141 10 617
141 15 395
141 21 252
141 41 583
141 55 208
141 57 559
141 59 939
141 61 611
141 63 741
141 68 594
141 72 409
141 81 412
141 96 527
141 105 402
141 111 846
141 127 720
141 137 494
142 143 174
142 154 898
142 155 943
142 161 177
142 164 536
142 170 139
142 173 582
142 175 139
142 176 754
142 183 830
142 184 386
142 194 52
142 8 469
142 9 94
142 10 420
142 14 336
142 19 811
142 20 134
142 23 279
142 24 25
142 25 689
142 36 489
142 41 678
142 70 462
142 73 579
142 82 403
142 83 891
142 97 602
142 105 127
142 109 338
142 111 44
142 118 917
142 121 780
142 122 960
142 124 200
142 125 414
142 126 253
142 133 607
142 136 548
143 151 622
143 154 24
143 157 876
143 159 491
143 160 70
143 170 570
143 175 394
143 178 720
143 179 127
143 185 65
143 187 111
143 190 172
143 191 754
143 192 526
143 194 218
143 197 543
143 198 723
143 199 95
143 3 225
143 7 109
143 8 945
143 13 72
143 14 469
143 21 724
143 32 77
143 37 452
143 41 910
143 45 448
143 46 519
143 49 752
143 53 936
143 55 867
143 60 424
143 62 295
143 64 190
143 68 739
143 76 859
143 77 948
143 78 149
143 85 362
143 91 892
143 94 320
143 98 903
143 102 310
143 106 469
143 109 735
143 110 219
143 115 302
143 116 581
143 120 354
143 123 986
143 124 974
143 125 162
143 128 829
143 134 742
144 149 875
144 154 753
144 159 138
144 168 930
144 170 102
144 173 347
144 175 222
144 178 421
144 180 40
144 192 187
144 4 143
144 6 640
144 10 892
144 15 928
144 21 741
144 22 196
144 32 620
144 40 368
144 41 505
144 45 291
144 55 243
144 57 934
144 59 403
144 61 906
144 71 713
144 77 976
144 79 889
144 86 743
144 94 338
144 96 747
144 110 320
144 116 149
144 126 611
144 129 941
144 133 15
144 134 269
144 137 938
144 143 742
145 154 467
145 158 97
145 162 546
145 164 146
145 169 273
145 172 248
145 178 121
145 187 681
145 189 568
145 196 857
145 0 749
145 1 312
145 6 720
145 8 431
145 9 873
145 15 651
145 19 224
145 21 626
145 22 399
145 27 563
145 32 112
145 35 194
145 37 980
145 41 154
145 43 586
145 44 623
145 50 530
145 63 198
145 83 139
145 89 765
145 90 200
145 95 319
145 96 199
145 100 297
145 102 464
145 105 643
145 115 317
145 118 141
145 121 283
145 122 925
145 135 657
145 139 199
145 140 875
145 141 547
146 151 157
146 156 374
146 159 92
146 162 585
146 164 682
146 168 543
146 169 926
146 175 878
146 179 268
146 185 664
146 188 230
146 192 659
146 3 421
146 7 964
146 22 527
146 29 810
146 32 967
146 53 862
146 54 582
146 61 151
146 70 426
146 77 726
146 80 423
146 84 686
146 86 958
146 93 80
146 95 222
146 99 618
146 102 183
146 103 355
146 114 126
146 120 24
146 121 143
146 125 778
146 129 674
146 140 124
147 161 287
147 170 370
147 172 777
147 176 288
147 178 753
147 179 958
147 182 679
147 183 549
147 191 799
147 4 879
147 7 58
147 20 353
147 22 539
147 23 298
147 24 780
147 38 657
147 41 152
147 42 518
147 43 747
147 46 963
147 49 934
147 51 771
147 54 825
147 55 83
147 77 537
147 80 969
147 84 719
147 91 118
147 97 852
147 98 492
147 112 27
147 114 478
147 116 63
147 118 153
147 134 307
147 136 483
147 140 108
147 144 392
147 145 839
148 157 385
148 158 358
148 160 702
148 162 182
148 170 29
148 175 356
148 176 953
148 182 769
148 183 189
148 186 777
148 188 44
148 191 750
148 194 595
148 195 203
148 197 668
148 198 55
148 0 486
148 6 580
148 20 733
148 29 299
148 30 508
148 34 108
148 36 992
148 44 28
148 48 495
148 50 194
148 60 12
148 68 381
148 70 28
148 75 901
148 76 861
148 77 594
148 80 86
148 90 895
148 93 370
148 98 444
148 109 581
148 114 334
148 130 699
148 132 773
148 133 21
148 142 394
148 146 607
149 150 369
149 151 531
149 152 750
149 154 473
149 159 834
149 160 265
149 171 317
149 173 404
149 174 156
149 176 964
149 183 432
149 193 925
149 8 700
149 16 329
149 17 255
149 18 235
149 19 99
149 20 950
149 22 415
149 25 234
149 26 437
149 35 0
149 36 413
149 37 795
149 41 44
149 44 442
149 45 770
149 46 969
149 48 270
149 49 740
149 53 270
149 60 597
149 68 295
149 78 689
149 87 442
149 88 495
149 93 649
149 97 6
149 100 135
149 110 882
149 113 897
149 114 526
149 116 498
149 122 353
149 123 677
150 151 812
150 153 453
150 156 676
150 162 613
150 163 216
150 164 185
150 166 182
150 169 640
150 172 913
150 173 432
150 176 673
150 179 629
150 180 912
150 182 986
150 189 937
150 191 931
150 196 671
150 197 394
150 1 812
150 3 332
150 9 928
150 16 702
150 34 354
150 36 445
150 48 549
150 55 416
150 59 808
150 61 648
150 67 92
150 70 345
150 76 432
150 78 68
150 81 106
150 82 413
150 83 249
150 97 810
150 104 176
150 126 407
150 134 70
150 135 659
150 138 801
150 145 354
151 159 103
151 164 440
151 170 303
151 179 577
151 180 171
151 186 441
151 1 565
151 11 823
151 12 411
151 18 312
151 19 677
151 21 86
151 29 526
151 31 965
151 32 624
151 44 187
151 59 821
151 60 872
151 61 942
151 65 781
151 69 884
151 73 572
151 79 957
151 80 223
151 83 909
151 88 79
151 90 513
151 96 76
151 100 458
151 103 383
151 106 508
151 110 918
151 122 91
151 127 23
151 130 786
151 134 69
151 137 732
151 138 641
151 141 797
151 149 943
152 153 807
152 160 777
152 182 983
152 188 77
152 189 184
152 3 624
152 6 115
152 8 99
152 12 904
152 14 463
152 17 547
152 19 151
152 41 116
152 42 606
152 48 835
152 49 485
152 50 167
152 51 761
152 53 282
152 61 325
152 66 882
152 67 240
152 85 18
152 86 303
152 98 612
152 100 753
152 103 256
152 105 535
152 110 382
152 112 713
152 114 404
152 117 988
152 119 548
152 120 419
152 122 191
152 126 191
152 127 18
152 131 515
152 133 976
152 135 8
152 141 371
152 151 758
153 166 424
153 167 817
153 171 492
153 176 213
153 181 357
153 183 227
153 185 645
153 191 522
153 195 628
153 199 569
153 2 158
153 10 722
153 19 1
153 36 212
153 42 766
153 46 804
153 59 448
153 66 112
153 69 885
153 71 423
153 73 830
153 75 812
153 80 371
153 89 878
153 96 839
153 107 545
153 118 425
153 123 806
153 126 360
153 129 657
153 142 951
153 143 586
153 149 840
153 152 189
154 156 613
154 157 474
154 158 469
154 159 962
154 163 319
154 165 886
154 168 21
154 177 724
154 181 130
154 183 493
154 187 626
154 196 829
154 1 632
154 2 604
154 7 674
154 12 8
154 13 180
154 14 492
154 19 162
154 23 379
154 25 503
154 42 850
154 43 982
154 57 434
154 58 103
154 63 384
154 66 645
154 69 25
154 70 910
154 75 548
154 89 515
154 107 99
154 108 877
154 110 295
154 112 90
154 113 225
154 118 869
154 119 254
154 124 958
154 132 400
154 134 297
154 135 962
154 136 998
154 141 246
154 142 632
154 145 93
154 148 537
154 150 625
155 156 12
155 160 635
155 171 959
155 172 236
155 177 507
155 178 502
155 179 634
155 183 764
155 186 895
155 188 416
155 195 35
155 198 820
155 2 22
155 5 312
155 12 156
155 16 302
155 17 129
155 18 944
155 22 932
155 25 513
155 26 805
155 34 679
155 35 293
155 45 431
155 46 710
155 56 643
155 62 930
155 69 982
155 79 124
155 87 598
155 90 122
155 91 190
155 93 91
155 102 512
155 104 114
155 105 399
155 106 134
155 107 901
155 108 759
155 114 24
155 125 825
155 126 17
155 127 815
155 128 764
155 144 988
155 146 386
155 153 193
156 157 232
156 162 389
156 164 581
156 169 863
156 173 213
156 174 764
156 178 839
156 181 764
156 191 865
156 0 220
156 3 622
156 7 500
156 11 255
156 16 698
156 18 583
156 25 725
156 29 647
156 32 634
156 40 950
156 44 220
156 53 341
156 55 724
156 63 291
156 66 858
156 76 992
156 97 418
156 101 93
156 102 371
156 103 386
156 106 946
156 113 157
156 123 303
156 132 364
156 138 451
156 144 781
156 146 793
156 149 373
156 151 317
156 153 947
156 165 669
157 162 678
157 175 90
157 178 423
157 180 493
157 186 676
157 189 236
157 190 318
157 198 339
157 199 698
157 14 262
157 21 54
157 24 159
157 26 203
157 29 923
157 31 867
157 34 392
157 41 951
157 46 288
157 51 65
157 53 167
157 55 580
157 56 175
157 58 164
157 59 869
157 61 622
157 73 143
157 76 0
157 82 621
157 85 234
157 86 148
157 87 21
157 98 949
157 100 199
157 105 293
157 109 382
157 114 431
157 127 187
157 130 969
157 138 179
157 149 167
157 153 690
158 164 533
158 169 71
158 174 881
158 177 692
158 178 438
158 182 105
158 189 832
158 191 668
158 192 232
158 193 359
158 0 975
158 1 13
158 3 273
158 9 93
158 10 832
158 17 403
158 28 664
158 29 252
158 35 870
158 36 410
158 45 992
158 57 528
158 62 859
158 63 866
158 67 403
158 71 722
158 81 893
158 82 611
158 86 148
158 89 599
158 92 396
158 95 197
158 102 892
158 103 287
158 123 247
158 126 354
158 130 741
158 133 398
158 146 885
158 153 309
158 156 144
159 165 639
159 173 242
159 177 430
159 187 153
159 0 949
159 7 867
159 8 959
159 21 199
159 22 814
159 25 435
159 45 902
159 49 201
159 51 630
159 52 997
159 54 455
159 56 485
159 58 704
159 63 812
159 64 78
159 66 39
159 76 1
159 84 67
159 86 182
159 92 105
159 102 831
159 106 45
159 107 966
159 110 394
159 114 448
159 115 921
159 124 12
159 131 978
159 133 556
159 143 320
159 147 49
159 153 898
159 156 997
160 174 300
160 177 418
160 185 776
160 189 958
160 9 921
160 17 883
160 27 221
160 34 266
160 41 603
160 59 420
160 62 487
160 65 26
160 70 139
160 74 4
160 85 534
160 92 794
160 99 78
160 103 888
160 105 819
160 110 568
160 112 415
160 113 115
160 123 368
160 130 997
160 133 308
160 134 571
160 135 254
160 139 214
160 142 953
160 163 331
160 191 944
161 162 338
161 168 965
161 172 63
161 176 871
161 189 976
161 4 100
161 6 787
161 16 143
161 18 184
161 22 399
161 25 498
161 30 88
161 34 81
161 41 712
161 50 985
161 56 998
161 59 656
161 60 623
161 63 366
161 79 766
161 89 384
161 94 822
161 101 683
161 114 337
161 120 249
161 127 841
161 128 527
161 132 527
161 136 174
161 138 937
161 140 983
161 143 889
161 146 436
161 151 146
161 157 479
161 160 700
162 166 493
162 169 582
162 171 757
162 172 253
162 176 332
162 189 503
162 190 658
162 196 167
162 197 778
162 3 962
162 9 638
162 17 997
162 19 302
162 22 869
162 26 417
162 30 557
162 41 430
162 42 667
162 45 584
162 47 602
162 53 405
162 54 617
162 61 307
162 65 229
162 67 982
162 83 556
162 92 788
162 95 742
162 101 884
162 102 552
162 103 625
162 104 828
162 106 634
162 111 657
162 127 225
162 143 617
162 147 532
162 149 267
162 151 633
162 154 994
162 159 646
163 165 853
163 167 552
163 177 652
163 185 764
163 188 819
163 191 284
163 194 574
163 196 453
163 197 893
163 0 537
163 8 530
163 9 190
163 12 913
163 27 457
163 28 17
163 30 756
163 31 925
163 32 915
163 40 306
163 45 217
163 50 677
163 58 640
163 70 381
163 73 216
163 74 909
163 75 812
163 81 395
163 88 252
163 89 716
163 94 337
163 109 548
163 110 769
163 113 689
163 114 680
163 119 535
163 121 101
163 123 677
163 137 94
163 140 132
163 143 955
163 145 900
163 146 331
163 151 83
164 166 420
164 169 440
164 172 741
164 173 458
164 174 279
164 178 866
164 181 563
164 186 256
164 190 500
164 193 31
164 196 621
164 0 39
164 5 290
164 22 811
164 26 63
164 28 773
164 30 831
164 35 144
164 37 79
164 43 913
164 46 950
164 49 575
164 50 558
164 53 288
164 54 581
164 56 314
164 73 382
164 76 547
164 77 438
164 78 903
164 79 372
164 86 235
164 90 873
164 95 846
164 99 443
164 101 571
164 116 285
164 125 511
164 128 189
164 129 815
164 132 475
164 133 147
164 137 9
164 139 998
164 155 863
164 158 35
164 159 417
164 199 913
165 169 19
165 173 982
165 174 795
165 185 212
165 186 396
165 189 166
165 191 552
165 193 446
165 1 450
165 6 945
165 13 467
165 17 718
165 18 529
165 19 6
165 39 872
165 51 996
165 53 622
165 62 958
165 66 296
165 68 516
165 71 625
165 72 331
165 73 138
165 74 495
165 75 967
165 83 379
165 86 697
165 98 202
165 99 364
165 103 105
165 104 7
165 107 778
165 116 447
165 117 993
165 122 906
165 135 641
165 141 517
165 155 320
165 159 865
165 164 465
165 187 536
166 190 546
166 191 874
166 195 452
166 196 460
166 5 974
166 7 907
166 10 81
166 13 55
166 15 569
166 23 628
166 44 755
166 45 904
166 47 863
166 48 984
166 49 951
166 62 283
166 64 378
166 68 111
166 74 150
166 80 340
166 81 475
166 83 547
166 90 743
166 102 924
166 103 220
166 105 52
166 113 797
166 115 351
166 117 474
166 129 216
166 133 618
166 136 746
166 141 378
166 143 765
166 148 966
166 152 109
166 162 754
166 164 37
166 165 971
167 173 574
167 176 903
167 196 361
167 199 737
167 0 555
167 1 353
167 2 859
167 4 82
167 12 444
167 13 295
167 16 815
167 27 910
167 30 745
167 31 890
167 34 316
167 38 360
167 43 587
167 49 653
167 51 184
167 54 609
167 58 267
167 65 219
167 68 729
167 69 761
167 73 619
167 76 341
167 81 139
167 83 107
167 95 315
167 108 716
167 113 475
167 115 505
167 120 872
167 122 738
167 130 938
167 144 319
167 149 828
167 158 519
167 162 303
167 163 733
167 166 127
168 170 386
168 174 311
168 189 754
168 190 995
168 9 552
168 10 166
168 20 719
168 50 34
168 55 749
168 58 80
168 68 556
168 70 137
168 71 986
168 74 831
168 77 758
168 81 439
168 84 328
168 85 148
168 91 301
168 102 607
168 103 781
168 106 422
168 109 242
168 112 68
168 113 111
168 122 541
168 124 366
168 126 367
168 131 918
168 133 283
168 134 304
168 140 771
168 151 781
168 160 843
168 166 936
169 171 238
169 181 941
169 183 263
169 19 403
169 25 708
169 37 569
169 42 207
169 55 216
169 57 801
169 59 428
169 70 108
169 74 909
169 76 659
169 85 127
169 86 898
169 88 759
169 97 411
169 99 41
169 101 232
169 104 991
169 106 439
169 110 679
169 113 907
169 118 10
169 119 170
169 121 286
169 125 685
169 129 606
169 130 199
169 132 269
169 142 134
169 146 964
169 152 591
169 153 501
169 162 690
170 171 598
170 178 185
170 180 504
170 198 893
170 4 298
170 12 192
170 16 54
170 24 107
170 25 962
170 35 413
170 44 998
170 51 429
170 55 448
170 57 850
170 72 745
170 87 131
170 92 64
170 95 557
170 131 645
170 137 857
170 138 986
170 142 31
170 143 203
170 151 849
170 152 418
170 160 152
170 165 285
170 168 456
170 169 88
170 184 294
171 174 279
171 183 619
171 186 387
171 188 867
171 191 226
171 192 595
171 197 852
171 3 456
171 17 991
171 21 224
171 30 859
171 32 458
171 40 464
171 42 922
171 50 747
171 51 951
171 54 350
171 56 523
171 63 270
171 65 72
171 66 517
171 68 700
171 70 619
171 73 70
171 76 207
171 87 989
171 90 816
171 102 148
171 103 452
171 116 52
171 122 709
171 127 150
171 133 151
171 135 961
171 137 870
171 140 4
171 142 782
171 148 181
171 164 708
172 173 546
172 181 754
172 189 368
172 190 433
172 193 253
172 197 73
172 12 374
172 14 969
172 18 624
172 21 733
172 23 904
172 24 640
172 27 15
172 28 655
172 32 111
172 33 33
172 44 464
172 54 422
172 56 907
172 67 410
172 69 765
172 74 855
172 75 287
172 77 795
172 79 602
172 84 44
172 101 838
172 116 711
172 125 403
172 129 451
172 136 864
172 138 552
172 141 266
172 142 629
172 147 29
172 159 746
172 160 392
172 164 19
173 175 103
173 189 918
173 193 605
173 1 233
173 6 930
173 13 496
173 14 96
173 16 333
173 20 911
173 22 945
173 25 285
173 30 798
173 38 458
173 39 872
173 40 341
173 45 349
173 46 745
173 48 14
173 51 5
173 60 767
173 61 541
173 64 605
173 66 573
173 71 921
173 73 274
173 80 275
173 85 599
173 88 637
173 91 298
173 92 915
173 95 461
173 103 759
173 105 363
173 109 146
173 112 84
173 123 281
173 125 317
173 128 730
173 136 188
173 165 653
173 166 349
173 168 266
173 169 223
173 170 909
173 171 303
174 175 86
174 179 911
174 196 909
174 16 132
174 21 445
174 26 998
174 35 940
174 41 469
174 42 706
174 51 961
174 53 171
174 54 917
174 64 672
174 65 420
174 67 191
174 72 585
174 74 56
174 78 613
174 85 486
174 102 794
174 103 778
174 112 483
174 115 566
174 116 515
174 118 950
174 121 676
174 122 780
174 128 172
174 131 935
174 133 699
174 136 440
174 139 8
174 142 149
174 144 696
174 145 119
174 147 228
174 150 954
174 153 642
174 158 624
174 160 7
174 165 985
174 166 485
174 172 271
175 180 388
175 191 3
175 193 577
175 196 516
175 6 274
175 9 393
175 11 208
175 17 313
175 19 83
175 27 171
175 30 648
175 32 610
175 36 226
175 37 342
175 41 440
175 45 280
175 51 601
175 54 463
175 55 525
175 58 975
175 59 67
175 63 469
175 65 700
175 66 940
175 79 959
175 80 761
175 81 622
175 85 479
175 91 318
175 95 825
175 102 550
175 105 467
175 108 195
175 109 683
175 115 450
175 117 900
175 120 703
175 122 10
175 123 945
175 140 751
175 142 524
175 144 823
175 145 244
175 148 564
175 150 294
175 163 977
175 164 713
175 171 485
176 181 972
176 182 438
176 196 233
176 2 914
176 8 930
176 14 442
176 18 316
176 20 852
176 29 298
176 34 558
176 39 539
176 40 564
176 41 861
176 44 317
176 46 583
176 54 996
176 67 987
176 76 179
176 84 167
176 89 434
176 95 103
176 102 161
176 106 243
176 109 207
176 110 943
176 114 395
176 120 547
176 121 410
176 137 22
176 139 141
176 142 301
176 144 114
176 147 450
176 150 815
176 158 402
176 159 933
176 164 885
176 167 539
176 168 66
176 170 915
176 172 661
176 175 657
177 179 766
177 182 468
177 183 806
177 184 712
177 188 378
177 192 772
177 194 832
177 1 708
177 3 610
177 8 317
177 19 643
177 20 505
177 22 124
177 28 516
177 30 263
177 34 805
177 43 171
177 50 860
177 62 785
177 70 588
177 79 228
177 86 379
177 88 872
177 90 542
177 111 252
177 115 981
177 117 45
177 120 934
177 125 87
177 128 946
177 129 672
177 132 149
177 134 96
177 137 964
177 141 340
177 143 600
177 144 517
177 151 313
177 152 324
177 159 468
177 164 44
177 165 732
177 170 88
177 173 7
177 175 895
178 185 886
178 187 977
178 190 370
178 195 845
178 198 39
178 199 878
178 6 743
178 7 807
178 11 424
178 23 258
178 29 569
178 30 816
178 31 158
178 32 241
178 41 51
178 60 686
178 64 687
178 67 908
178 68 219
178 71 850
178 77 131
178 82 868
178 86 909
178 87 449
178 91 591
178 93 664
178 96 6
178 103 397
178 119 800
178 120 585
178 130 814
178 134 694
178 136 764
178 137 84
178 140 256
178 141 880
178 142 861
178 150 71
178 152 512
178 153 562
178 156 200
178 157 122
178 163 718
178 175 558
178 176 997
179 189 0
179 196 687
179 4 42
179 6 428
179 11 530
179 17 497
179 18 852
179 20 364
179 23 175
179 36 537
179 48 704
179 63 578
179 68 409
179 69 598
179 72 559
179 77 970
179 79 689
179 80 198
179 86 157
179 88 648
179 97 921
179 106 370
179 111 787
179 113 452
179 136 333
179 139 132
179 140 575
179 143 502
179 144 40
179 146 147
179 150 965
179 152 591
179 153 50
179 161 409
179 170 395
179 174 69
180 189 492
180 192 455
180 194 54
180 0 66
180 7 830
180 15 753
180 20 490
180 28 143
180 29 923
180 38 943
180 45 397
180 46 796
180 49 52
180 54 519
180 56 666
180 61 543
180 63 103
180 66 418
180 68 442
180 81 936
180 86 836
180 88 234
180 91 476
180 92 135
180 95 339
180 96 9
180 97 484
180 102 398
180 103 283
180 108 13
180 111 314
180 112 843
180 117 387
180 120 740
180 126 577
180 146 354
180 163 780
180 164 165
180 165 641
180 172 456
180 174 855
180 175 385
180 193 105
181 183 181
181 189 968
181 193 709
181 197 959
181 6 788
181 11 962
181 13 933
181 23 473
181 28 509
181 30 735
181 35 854
181 36 210
181 37 456
181 40 685
181 55 640
181 58 117
181 68 631
181 73 855
181 78 268
181 85 217
181 98 162
181 101 898
181 109 363
181 111 308
181 112 147
181 115 486
181 116 888
181 117 86
181 120 355
181 128 315
181 131 167
181 133 505
181 134 629
181 135 605
181 147 187
181 151 63
181 162 342
181 172 859
181 175 804
181 179 947
182 187 985
182 191 370
182 198 672
182 0 616
182 1 288
182 7 772
182 13 982
182 16 992
182 18 405
182 21 143
182 27 316
182 28 527
182 29 986
182 30 543
182 33 181
182 34 366
182 37 648
182 39 326
182 42 565
182 45 530
182 47 38
182 51 367
182 53 368
182 56 869
182 65 661
182 67 136
182 78 270
182 81 837
182 90 434
182 103 797
182 104 30
182 116 348
182 120 461
182 130 981
182 132 659
182 152 477
182 153 874
182 160 788
182 170 676
182 177 615
182 179 749
183 187 17
183 190 582
183 197 257
183 198 828
183 199 513
183 7 485
183 12 419
183 20 736
183 27 350
183 38 200
183 45 247
183 46 41
183 47 154
183 58 514
183 61 253
183 79 1
183 85 259
183 89 875
183 93 510
183 95 822
183 96 22
183 100 105
183 103 429
183 106 796
183 107 237
183 120 821
183 121 519
183 131 205
183 133 596
183 143 826
183 154 56
183 155 291
183 167 174
183 169 563
183 172 643
183 173 627
183 177 424
183 178 473
183 180 611
184 190 484
184 5 61
184 9 836
184 21 861
184 25 693
184 28 806
184 30 345
184 47 106
184 48 457
184 51 500
184 56 377
184 60 296
184 61 408
184 63 302
184 69 513
184 72 315
184 74 955
184 75 344
184 77 732
184 79 402
184 95 844
184 96 780
184 97 111
184 98 435
184 100 419
184 103 173
184 111 649
184 130 304
184 132 957
184 140 236
184 147 987
184 151 822
184 160 756
184 162 348
184 164 981
184 172 427
185 187 961
185 194 651
185 199 256
185 4 368
185 16 802
185 24 256
185 27 630
185 33 777
185 45 831
185 51 118
185 56 735
185 66 718
185 68 881
185 69 183
185 70 610
185 78 177
185 79 142
185 89 47
185 92 871
185 97 270
185 103 961
185 115 170
185 132 922
185 143 442
185 155 876
185 161 608
185 162 357
185 166 342
185 167 334
185 168 93
185 172 983
185 174 851
185 181 774
186 197 357
186 12 361
186 23 42
186 27 417
186 32 503
186 37 14
186 40 304
186 44 220
186 45 433
186 47 428
186 48 529
186 50 958
186 54 777
186 57 806
186 69 568
186 70 715
186 71 475
186 74 977
186 89 363
186 92 731
186 99 142
186 100 157
186 102 299
186 108 1
186 110 303
186 111 758
186 113 620
186 114 584
186 135 587
186 136 582
186 137 85
186 149 896
186 150 118
186 153 775
186 159 249
186 161 725
186 164 829
186 169 644
186 175 253
186 179 351
186 184 992
186 185 124
187 188 76
187 191 366
187 193 169
187 0 858
187 7 723
187 8 725
187 14 823
187 17 606
187 18 495
187 20 633
187 39 416
187 43 535
187 45 781
187 52 456
187 55 507
187 67 883
187 69 73
187 70 168
187 72 182
187 73 187
187 74 454
187 83 135
187 87 906
187 91 736
187 93 578
187 130 44
187 137 467
187 138 317
187 143 632
187 145 29
187 146 290
187 152 56
187 153 931
187 159 765
187 173 5
187 183 129
187 184 774
188 195 701
188 196 283
188 1 215
188 2 387
188 3 927
188 6 591
188 7 318
188 18 523
188 20 947
188 23 184
188 31 646
188 32 936
188 33 891
188 49 95
188 50 211
188 51 43
188 53 353
188 55 169
188 62 683
188 72 860
188 74 189
188 77 470
188 78 525
188 79 605
188 81 297
188 84 633
188 85 871
188 87 95
188 102 116
188 103 716
188 114 497
188 115 6
188 117 664
188 122 123
188 124 423
188 127 706
188 134 997
188 139 594
188 140 112
188 141 708
188 143 331
188 149 639
188 151 259
188 157 796
188 171 743
188 175 850
188 181 696
188 183 727
188 184 215
189 190 996
189 192 388
189 194 427
189 2 39
189 12 843
189 19 146
189 23 313
189 24 56
189 29 537
189 33 742
189 41 756
189 42 950
189 51 326
189 59 701
189 61 766
189 62 176
189 65 44
189 68 330
189 72 23
189 79 192
189 98 437
189 102 73
189 104 641
189 109 154
189 110 460
189 112 667
189 116 621
189 118 443
189 120 873
189 131 805
189 136 264
189 139 282
189 147 428
189 149 515
189 154 959
189 161 247
189 164 921
189 167 186
189 178 129
190 193 593
190 23 113
190 28 330
190 35 190
190 36 244
190 37 566
190 45 824
190 48 897
190 58 982
190 66 968
190 67 992
190 72 771
190 83 551
190 85 849
190 86 49
190 92 532
190 102 271
190 103 479
190 109 628
190 111 117
190 112 434
190 115 812
190 118 653
190 134 925
190 146 249
190 150 919
190 154 546
190 162 75
190 168 530
190 185 50
190 188 544
191 194 175
191 3 607
191 8 971
191 16 20
191 32 255
191 41 688
191 44 173
191 47 928
191 56 666
191 57 770
191 64 210
191 69 123
191 74 181
191 75 468
191 90 75
191 96 472
191 97 685
191 99 343
191 104 308
191 105 437
191 108 17
191 118 188
191 119 656
191 127 901
191 134 358
191 140 282
191 145 706
191 149 179
191 159 747
191 160 905
191 179 467
191 182 641
191 187 599
192 3 222
192 12 537
192 13 14
192 14 961
192 22 176
192 26 236
192 27 765
192 29 146
192 31 397
192 34 255
192 47 517
192 48 16
192 53 489
192 55 957
192 59 779
192 64 379
192 75 626
192 83 131
192 84 986
192 89 659
192 91 871
192 93 600
192 95 18
192 97 769
192 104 52
192 111 516
192 116 578
192 127 540
192 128 79
192 129 543
192 133 450
192 135 919
192 137 984
192 143 508
192 145 102
192 155 798
192 160 905
192 168 248
192 172 698
192 177 720
192 185 900
192 189 110
193 194 749
193 199 854
193 3 51
193 12 691
193 14 154
193 16 919
193 23 782
193 27 592
193 28 220
193 30 4
193 33 50
193 34 875
193 36 665
193 47 526
193 49 49
193 50 297
193 58 937
193 60 820
193 65 779
193 92 700
193 94 977
193 101 598
193 102 642
193 105 418
193 109 538
193 117 782
193 118 28
193 130 411
193 137 849
193 138 512
193 142 898
193 145 507
193 152 424
193 155 844
193 162 714
193 163 262
193 168 86
193 179 115
193 181 198
193 183 669
193 187 601
194 196 479
194 199 360
194 2 771
194 5 29
194 8 469
194 9 560
194 16 152
194 24 661
194 31 954
194 37 54
194 50 152
194 64 135
194 67 138
194 69 306
194 72 144
194 89 46
194 120 364
194 121 917
194 124 501
194 126 321
194 127 623
194 129 974
194 131 476
194 133 49
194 141 297
194 149 337
194 151 940
194 153 473
194 155 386
194 164 595
194 165 719
194 169 837
194 173 946
194 175 616
194 178 872
194 179 712
194 185 638
195 199 668
195 5 397
195 8 485
195 14 500
195 21 413
195 27 457
195 32 811
195 34 481
195 46 66
195 49 877
195 58 643
195 60 865
195 65 375
195 67 227
195 68 999
195 69 957
195 72 755
195 76 35
195 77 817
195 83 564
195 95 493
195 103 51
195 106 975
195 115 138
195 117 697
195 126 789
195 134 582
195 136 823
195 142 29
195 143 187
195 146 277
195 153 972
195 156 22
195 158 763
195 160 801
195 162 165
195 167 991
195 177 656
195 186 428
195 188 935
195 190 289
196 0 166
196 4 976
196 5 636
196 7 947
196 8 565
196 11 275
196 13 726
196 33 910
196 36 258
196 40 49
196 43 251
196 48 432
196 50 127
196 62 43
196 72 386
196 76 755
196 82 237
196 86 436
196 93 408
196 96 512
196 105 207
196 107 951
196 110 228
196 118 133
196 136 587
196 137 601
196 139 428
196 140 509
196 143 630
196 145 212
196 148 986
196 152 295
196 162 153
196 164 160
196 179 707
196 180 175
197 6 479
197 13 431
197 18 741
197 23 364
197 26 323
197 32 183
197 35 811
197 40 804
197 47 619
197 58 228
197 65 649
197 66 811
197 67 489
197 68 374
197 69 373
197 83 118
197 90 852
197 93 182
197 94 469
197 95 416
197 98 547
197 99 359
197 101 580
197 103 334
197 114 606
197 117 185
197 126 67
197 130 129
197 133 728
197 138 886
197 141 567
197 155 412
197 159 528
197 163 349
197 164 53
197 174 101
197 178 936
197 179 980
197 187 818
197 188 269
197 189 844
197 192 195
197 193 848
197 196 720
198 1 789
198 2 954
198 9 813
198 10 315
198 17 749
198 23 97
198 28 615
198 32 624
198 34 282
198 36 151
198 44 452
198 45 448
198 46 284
198 60 376
198 62 170
198 69 909
198 76 196
198 85 245
198 93 441
198 94 53
198 106 353
198 107 367
198 115 64
198 124 286
198 132 987
198 133 799
198 134 472
198 140 643
198 142 226
198 146 914
198 153 619
198 155 323
198 164 525
198 167 857
198 172 632
198 173 679
198 177 259
198 179 660
198 184 415
198 187 9
199 2 882
199 6 946
199 11 374
199 12 831
199 19 402
199 20 117
199 21 195
199 25 595
199 32 62
199 33 539
199 34 15
199 51 119
199 55 32
199 57 858
199 60 435
199 61 991
199 69 680
199 77 458
199 78 272
199 83 364
199 85 612
199 89 552
199 91 774
199 95 839
199 114 927
199 118 749
199 120 727
199 124 87
199 125 431
199 129 696
199 134 635
199 139 355
199 142 759
199 144 337
199 146 974
199 158 827
199 159 779
199 165 748
199 170 51
199 171 604
199 175 339
199 177 13
199 183 86
199 187 426
199 188 864
199 191 240
199 197 413
