500 5570 0
0 2 310
0 33 312
0 255 792
0 298 948
0 330 940
0 447 634
0 463 980
0 1 137
0 3 592
0 15 502
0 252 938
0 476 33
1 54 17
1 118 689
1 147 576
1 208 368
1 257 243
1 281 469
1 461 944
1 479 851
1 4 266
1 11 890
1 19 596
2 63 382
2 110 329
2 138 851
2 230 41
2 235 906
2 246 413
2 250 976
2 392 412
2 441 902
2 457 266
2 483 739
2 6 742
2 13 68
2 31 127
2 55 860
2 80 44
2 181 0
3 12 753
3 25 924
3 36 682
3 42 679
3 73 512
3 125 57
3 291 740
3 313 175
3 356 401
3 363 181
3 388 55
3 392 935
3 486 755
3 5 490
3 14 511
3 86 444
3 91 831
4 18 253
4 116 975
4 210 338
4 241 408
4 280 603
4 340 969
4 348 487
4 357 362
4 408 58
4 8 174
4 131 12
4 171 936
4 432 437
5 6 778
5 132 374
5 155 974
5 303 216
5 369 929
5 396 684
5 7 812
5 10 844
5 16 741
6 23 21
6 71 60
6 77 424
6 78 18
6 164 622
6 171 991
6 204 591
6 397 232
6 9 979
6 17 265
6 20 820
6 28 58
6 32 621
6 37 500
6 119 985
7 49 447
7 70 868
7 179 748
7 180 103
7 181 60
7 213 517
7 237 453
7 249 287
7 400 609
7 408 685
7 35 33
7 38 745
7 44 495
7 58 230
7 79 342
7 136 227
7 158 369
7 284 200
8 40 413
8 57 975
8 78 384
8 105 147
8 151 605
8 265 384
8 292 108
8 330 423
8 347 591
8 390 897
8 398 952
8 416 115
8 34 588
8 211 718
8 305 98
9 38 152
9 97 755
9 103 819
9 127 37
9 165 183
9 218 487
9 237 630
9 265 529
9 336 499
9 367 360
9 421 88
9 45 642
9 52 272
9 307 933
10 11 372
10 35 424
10 91 949
10 111 53
10 178 379
10 203 24
10 345 307
10 408 379
10 481 28
10 12 346
10 27 694
10 87 163
11 74 448
11 105 823
11 245 707
11 263 708
11 277 404
11 300 439
11 483 730
11 23 74
11 92 535
12 24 648
12 32 205
12 87 690
12 134 649
12 160 702
12 176 262
12 205 553
12 217 448
12 367 171
12 369 48
12 385 470
12 471 333
12 7 872
12 41 1000
12 329 976
13 61 156
13 114 715
13 325 674
13 327 173
13 435 789
13 290 407
14 110 95
14 177 802
14 193 331
14 225 888
14 241 485
14 254 133
14 374 244
14 410 322
14 434 709
14 438 11
14 441 480
14 463 944
14 490 993
14 51 116
14 73 227
14 114 763
14 133 880
15 27 763
15 72 181
15 94 240
15 109 805
15 148 748
15 155 116
15 252 639
15 432 905
15 471 588
15 57 245
15 83 601
15 250 218
15 375 36
16 88 319
16 172 570
16 10 794
16 26 908
16 94 617
16 110 675
16 139 699
16 167 134
16 370 711
17 35 395
17 92 409
17 105 358
17 119 560
17 147 606
17 149 507
17 154 484
17 174 383
17 219 10
17 226 747
17 383 44
17 484 667
17 491 995
17 63 986
17 225 608
17 368 478
18 45 831
18 79 14
18 86 498
18 131 444
18 276 27
18 352 162
18 409 480
18 452 636
18 22 645
18 24 764
18 47 846
18 68 717
18 412 102
19 30 268
19 102 622
19 148 135
19 156 734
19 166 175
19 186 129
19 195 376
19 218 338
19 245 378
19 326 572
19 432 962
19 21 321
19 97 766
19 157 512
19 188 71
19 212 598
19 440 510
20 68 838
20 123 551
20 183 839
20 193 630
20 194 374
20 214 815
20 237 530
20 309 461
20 372 924
20 378 42
20 387 889
20 464 551
20 499 701
20 48 977
21 73 322
21 78 717
21 87 772
21 125 470
21 215 908
21 237 900
21 281 466
21 341 644
21 376 241
21 451 546
21 466 27
21 482 229
21 493 833
21 70 237
21 150 485
21 203 774
21 267 541
22 129 364
22 271 220
22 385 692
22 401 141
22 414 532
22 30 453
22 82 603
22 154 619
22 314 565
23 54 269
23 100 342
23 161 120
23 180 165
23 234 88
23 270 963
23 382 819
23 4 397
24 76 783
24 143 239
24 239 918
24 264 443
24 492 175
24 496 495
24 25 651
24 465 850
25 126 862
25 148 738
25 360 154
25 363 108
25 439 915
25 480 374
25 2 886
25 12 130
25 29 819
25 192 16
25 402 680
26 82 746
26 99 676
26 132 67
26 176 589
26 209 915
26 315 589
26 399 340
26 411 793
26 497 460
26 223 136
26 254 161
27 131 475
27 139 351
27 188 753
27 263 48
27 468 359
27 39 442
27 53 780
27 308 214
28 67 627
28 80 623
28 91 962
28 101 750
28 145 670
28 247 600
28 304 174
28 321 807
28 376 141
28 402 841
28 207 623
28 216 317
29 155 136
29 164 894
29 206 764
29 230 294
29 310 64
29 328 449
29 359 196
30 36 298
30 70 410
30 89 906
30 101 938
30 124 835
30 151 755
30 370 724
30 371 414
30 406 524
30 40 456
30 56 525
30 60 771
31 78 301
31 133 293
31 228 924
31 274 564
31 346 570
31 373 999
31 478 737
31 21 935
31 24 852
31 27 390
31 81 958
31 169 850
32 58 27
32 133 630
32 195 44
32 214 531
32 244 356
32 254 896
32 319 390
32 446 654
32 130 821
32 177 655
32 451 674
33 36 632
33 52 952
33 129 489
33 217 31
33 318 618
33 344 618
33 407 788
33 424 127
33 477 271
33 15 859
33 43 907
33 64 46
33 299 371
34 43 246
34 58 928
34 183 192
34 197 193
34 322 500
34 341 590
34 449 666
34 471 617
34 2 502
34 36 259
34 42 839
34 127 185
35 40 827
35 63 962
35 96 358
35 120 579
35 121 583
35 157 366
35 204 274
35 216 902
35 271 815
35 483 568
35 499 887
35 8 230
35 28 495
35 46 753
35 100 107
35 258 494
36 74 78
36 127 482
36 219 29
36 238 761
36 252 328
36 258 743
36 321 675
36 381 323
36 391 372
36 468 768
36 18 813
36 117 468
36 193 212
37 74 669
37 162 455
37 166 722
37 192 185
37 199 902
37 230 31
37 232 924
37 234 676
37 277 494
37 367 721
37 475 42
37 50 724
37 129 847
38 97 617
38 171 668
38 231 708
38 243 912
38 424 377
38 6 80
38 103 927
38 164 175
38 276 552
38 318 79
38 446 287
39 56 432
39 62 404
39 94 549
39 109 260
39 122 50
39 286 734
39 301 416
39 369 630
39 441 556
39 479 327
39 16 640
39 49 315
39 78 458
39 101 741
39 210 585
40 48 647
40 207 449
40 214 776
40 238 136
40 375 382
40 378 698
40 396 241
40 453 328
40 67 617
40 126 19
40 259 806
40 439 784
41 113 210
41 150 79
41 274 575
41 277 320
41 283 211
41 325 653
41 338 363
41 379 424
41 466 380
41 98 1
41 107 597
41 111 575
41 173 461
41 302 7
41 449 769
42 75 737
42 116 963
42 263 302
42 287 376
42 375 651
42 426 279
42 34 623
42 112 504
43 67 645
43 105 708
43 137 74
43 140 838
43 176 821
43 180 225
43 257 779
43 289 568
43 302 358
43 379 544
43 13 517
43 40 854
43 116 520
44 85 146
44 166 856
44 194 96
44 233 454
44 315 700
44 346 72
44 388 50
44 477 713
44 65 800
44 108 935
45 51 618
45 161 653
45 168 238
45 218 360
45 244 294
45 265 864
45 318 140
45 347 756
45 419 848
45 442 620
45 448 612
45 465 837
45 76 986
45 297 6
46 143 461
46 308 68
46 330 609
46 363 522
46 374 700
46 431 350
46 59 869
46 132 236
46 231 420
46 325 289
46 381 1
47 63 10
47 110 719
47 145 140
47 161 369
47 219 688
47 249 328
47 259 491
47 363 899
47 366 152
47 379 341
47 420 580
47 471 893
47 15 8
47 61 899
47 415 953
48 63 722
48 150 198
48 152 320
48 201 660
48 298 867
48 428 175
48 432 913
48 474 449
48 54 552
49 71 64
49 80 757
49 140 221
49 158 53
49 195 474
49 217 959
49 392 791
49 471 733
49 494 830
49 37 67
49 43 840
49 161 799
50 60 268
50 80 842
50 111 416
50 158 990
50 279 113
50 467 705
50 102 182
50 240 460
51 106 515
51 155 619
51 161 334
51 250 352
51 264 463
51 272 686
51 439 846
51 22 234
51 137 455
51 149 549
52 65 689
52 93 982
52 142 865
52 181 564
52 377 237
52 434 359
52 458 42
52 489 581
52 48 279
52 84 440
53 133 990
53 240 33
53 264 165
53 266 659
53 322 42
53 355 710
53 374 953
53 398 783
53 404 66
53 413 247
53 11 417
53 69 563
53 281 885
54 99 392
54 109 235
54 226 77
54 248 59
54 316 220
54 342 27
54 346 153
54 379 974
54 446 529
54 483 16
54 20 182
54 191 299
55 130 308
55 137 416
55 165 437
55 275 546
55 277 833
55 293 380
55 298 71
55 306 305
55 427 871
55 433 445
55 495 192
55 66 785
55 85 84
55 219 527
56 79 467
56 106 329
56 121 293
56 138 480
56 152 293
56 275 755
56 282 265
56 376 441
56 400 268
56 426 193
56 469 491
56 483 70
57 230 958
57 272 98
57 411 741
57 493 490
57 220 692
58 164 467
58 229 893
58 262 726
58 265 429
58 270 889
58 284 0
58 347 386
58 409 567
58 438 240
58 445 343
58 489 11
59 131 297
59 275 512
59 312 422
59 338 143
59 489 764
59 32 155
59 44 100
59 77 567
59 182 984
59 387 650
60 135 31
60 156 261
60 168 321
60 184 307
60 245 631
60 261 906
60 317 23
60 338 509
60 383 215
60 486 541
60 489 176
60 58 849
60 209 767
60 251 888
60 455 841
61 96 896
61 132 499
61 182 72
61 242 677
61 294 492
61 396 47
61 451 320
61 62 190
61 121 73
61 237 213
61 457 616
61 468 397
62 246 3
62 445 337
62 492 501
62 319 405
63 72 523
63 102 441
63 168 365
63 239 262
63 259 407
63 306 522
63 353 421
63 464 119
63 37 366
63 49 819
63 75 22
63 257 8
64 171 125
64 253 659
64 426 921
64 22 212
65 200 351
65 264 532
65 319 70
65 428 46
65 446 547
65 457 125
65 153 40
65 217 412
66 79 164
66 122 57
66 199 744
66 232 950
66 286 513
66 312 684
66 368 455
66 404 991
66 492 550
66 99 528
66 124 741
67 127 956
67 131 520
67 159 13
67 175 655
67 179 204
67 186 540
67 213 82
67 258 47
67 467 951
67 473 523
67 32 222
67 165 253
67 343 612
68 106 751
68 128 204
68 139 12
68 141 791
68 144 970
68 206 339
68 207 208
68 327 255
68 358 404
68 388 346
68 478 636
68 0 336
68 49 366
68 74 90
68 104 658
68 403 901
69 72 329
69 122 186
69 178 333
69 341 44
69 345 411
69 362 999
69 38 474
69 66 895
69 155 477
70 102 992
70 117 804
70 118 41
70 230 301
70 253 623
70 257 860
70 260 900
70 263 400
70 450 677
70 457 37
70 458 211
70 496 823
70 72 857
70 306 156
71 101 225
71 125 228
71 131 755
71 163 85
71 191 234
71 214 933
71 246 855
71 247 818
71 250 585
71 303 260
71 329 17
71 330 796
71 357 529
71 474 127
71 7 124
71 19 537
71 26 78
71 93 321
71 176 468
72 164 134
72 177 911
72 193 585
72 240 845
72 423 991
72 455 265
72 20 338
72 59 798
72 123 749
73 116 309
73 160 550
73 251 291
73 283 270
73 299 159
73 305 815
73 312 65
73 418 718
73 425 195
73 12 582
73 38 978
73 65 840
73 88 750
73 255 170
74 75 736
74 159 847
74 171 283
74 387 225
74 455 347
74 457 216
74 463 895
74 14 882
74 148 178
74 266 187
74 337 758
75 160 38
75 165 256
75 370 757
75 396 671
75 228 375
76 83 164
76 303 929
76 310 171
76 342 258
76 377 278
76 383 178
76 389 573
76 430 296
76 455 30
76 490 388
76 25 169
76 63 242
76 472 523
77 94 540
77 147 823
77 184 179
77 196 464
77 224 314
77 311 721
77 334 608
77 337 552
77 345 941
77 378 177
77 419 754
77 452 758
77 493 702
77 50 548
77 68 459
77 76 291
78 87 32
78 157 359
78 204 478
78 249 57
78 263 437
78 314 787
78 373 590
78 461 825
78 499 832
78 24 341
78 105 443
79 108 290
79 135 780
79 144 23
79 146 353
79 147 794
79 228 40
79 245 118
79 263 565
79 300 346
79 433 965
79 436 5
79 11 304
79 73 129
79 398 120
80 97 579
80 258 169
80 285 829
80 289 392
80 310 663
80 455 647
80 475 581
80 484 794
80 41 71
80 54 981
80 147 370
80 180 128
81 100 169
81 105 946
81 137 252
81 163 828
81 221 273
81 224 902
81 290 550
81 298 572
81 315 806
81 319 33
81 459 125
81 492 73
81 39 459
81 42 493
81 58 446
81 76 185
81 201 317
82 87 244
82 88 319
82 193 699
82 207 416
82 235 596
82 238 691
82 245 510
82 315 828
82 387 189
82 454 312
82 462 365
82 0 96
82 51 46
83 91 297
83 107 695
83 124 213
83 137 63
83 145 311
83 213 7
83 274 859
83 344 442
83 370 457
83 375 614
83 409 44
83 422 14
83 435 702
83 455 554
83 465 254
83 498 924
83 14 796
83 33 900
83 138 182
83 282 352
84 156 477
84 247 344
84 249 679
84 263 171
84 321 393
84 327 160
84 342 460
84 354 86
84 361 47
84 373 887
84 48 987
84 118 474
84 438 647
85 113 254
85 287 633
85 462 822
85 90 161
85 95 662
86 112 938
86 188 558
86 191 154
86 245 880
86 439 521
86 462 226
86 7 808
86 21 590
86 60 230
86 89 348
86 96 590
86 214 448
87 118 823
87 159 154
87 252 961
87 303 413
87 311 745
87 404 724
87 460 16
87 468 434
87 135 278
87 140 263
88 93 875
88 230 89
88 239 765
88 242 608
88 289 2
88 299 145
88 395 4
88 432 423
88 471 375
88 4 405
88 17 269
88 23 431
88 78 405
88 134 719
88 143 737
89 128 191
89 163 399
89 208 412
89 254 966
89 277 599
89 308 179
89 404 446
89 439 386
89 462 845
89 72 747
89 78 765
89 194 409
89 490 495
90 105 246
90 153 572
90 200 546
90 205 168
90 217 998
90 227 496
90 232 832
90 301 689
90 373 27
90 400 679
90 401 977
90 445 159
90 47 258
90 109 316
91 100 160
91 247 213
91 323 202
91 346 874
91 364 205
91 388 529
91 475 886
91 21 818
91 34 148
91 52 473
91 162 244
91 452 55
92 106 918
92 148 293
92 149 938
92 158 684
92 164 766
92 232 357
92 424 624
92 484 862
92 16 962
92 36 114
92 38 847
92 45 681
92 51 286
92 382 187
93 231 904
93 277 130
93 435 659
93 454 941
93 456 103
93 35 616
93 75 414
93 86 460
93 196 755
93 256 629
94 150 55
94 230 846
94 309 104
94 321 928
94 343 796
94 435 187
94 453 672
94 493 450
94 11 930
94 55 673
94 65 493
94 422 478
95 119 407
95 148 654
95 164 321
95 190 170
95 198 252
95 202 62
95 214 515
95 285 138
95 343 997
95 351 112
95 462 722
95 6 370
95 62 538
95 221 173
96 137 986
96 243 628
96 333 42
96 424 908
96 433 653
96 14 118
96 58 617
96 71 225
96 115 342
96 260 400
96 283 658
96 369 682
97 201 918
97 242 800
97 274 801
97 277 658
97 328 94
97 336 876
97 359 910
97 386 57
97 407 371
97 434 251
97 457 111
97 59 450
97 75 360
97 159 537
98 146 996
98 174 970
98 220 562
98 252 939
98 325 601
98 363 6
98 417 773
98 418 655
98 72 958
98 84 659
98 394 137
99 116 707
99 147 180
99 182 492
99 346 174
99 411 302
99 431 6
99 448 169
99 471 768
99 490 152
99 53 69
99 66 273
99 222 726
99 355 390
100 334 656
100 340 921
100 357 776
100 394 539
100 486 871
100 79 589
100 106 261
100 409 506
100 482 290
101 105 620
101 138 525
101 148 386
101 169 482
101 217 198
101 239 360
101 490 161
101 86 140
101 163 972
101 427 35
102 105 761
102 122 831
102 161 652
102 197 201
102 213 14
102 235 506
102 236 267
102 267 459
102 272 240
102 300 914
102 351 175
102 432 795
102 450 758
102 462 443
102 482 933
102 60 51
102 484 84
103 158 214
103 216 608
103 330 201
103 336 125
103 444 528
103 453 473
103 13 368
103 76 689
103 81 844
103 100 614
103 120 792
103 208 486
103 353 555
104 211 362
104 270 851
104 281 769
104 307 951
104 313 946
104 408 299
104 409 83
104 455 228
104 486 951
104 65 482
104 100 941
104 392 314
105 129 542
105 161 671
105 163 760
105 175 581
105 184 442
105 311 370
105 345 620
105 372 594
105 409 997
105 441 735
105 492 347
105 42 417
105 52 240
105 55 76
106 195 269
106 285 882
106 340 889
106 344 615
106 461 672
106 472 33
106 15 32
106 62 693
106 63 934
106 70 51
106 105 988
106 471 743
107 135 637
107 145 456
107 257 242
107 322 348
107 406 440
107 468 775
107 54 172
107 113 367
107 200 966
107 328 168
107 356 159
107 373 572
108 122 830
108 125 763
108 149 297
108 185 856
108 433 816
108 437 396
108 474 76
108 478 308
108 30 295
108 40 860
108 184 336
109 166 92
109 169 55
109 240 56
109 301 437
109 389 959
109 446 899
109 451 883
109 485 913
109 434 649
110 179 271
110 240 524
110 266 117
110 331 845
110 431 324
110 477 137
110 3 931
110 300 370
111 184 22
111 227 664
111 285 30
111 356 342
111 366 621
111 429 224
111 14 118
111 15 367
111 40 217
111 341 382
112 148 177
112 182 657
112 206 207
112 357 523
112 378 624
112 388 101
112 411 250
112 466 944
112 474 910
112 26 327
112 28 84
112 104 629
113 175 406
113 212 536
113 216 773
113 252 157
113 311 5
113 316 293
113 430 322
113 460 77
113 467 29
113 498 997
113 38 636
113 141 787
113 204 64
113 414 188
114 191 585
114 210 359
114 246 472
114 285 392
114 380 8
114 443 182
114 498 860
114 12 593
114 113 747
115 218 254
115 256 458
115 357 378
115 360 97
115 398 470
115 471 789
115 51 401
115 122 442
115 186 483
115 431 880
116 146 803
116 189 552
116 216 906
116 307 533
116 315 783
116 372 966
116 475 228
116 479 996
116 24 586
116 69 181
116 72 252
116 109 864
116 166 905
116 363 406
117 133 294
117 151 856
117 169 68
117 235 320
117 254 588
117 276 832
117 325 753
117 344 3
117 410 318
117 414 888
117 425 375
117 51 73
117 187 515
117 437 319
118 165 800
118 201 741
118 262 571
118 313 160
118 376 911
118 382 853
118 498 639
118 26 664
118 37 2
118 91 942
118 93 62
118 160 774
118 197 73
118 296 995
119 180 5
119 218 946
119 253 267
119 274 816
119 438 855
119 479 219
119 494 461
119 73 155
119 90 171
119 351 392
120 195 14
120 198 559
120 227 466
120 247 271
120 270 896
120 291 113
120 346 528
120 420 382
120 429 53
120 13 823
120 89 118
120 125 932
120 178 813
121 126 572
121 281 10
121 307 260
121 334 392
121 397 230
121 423 150
121 426 270
121 43 837
121 50 755
121 119 121
122 220 360
122 243 20
122 326 145
122 484 281
122 7 12
122 462 724
123 148 846
123 268 206
123 323 951
123 336 462
123 354 383
123 396 940
123 10 863
123 48 409
123 75 659
123 100 567
123 117 462
123 152 458
124 159 659
124 168 643
124 190 391
124 192 356
124 240 258
124 273 884
124 322 961
124 393 549
124 400 193
124 420 607
124 484 453
124 0 418
124 9 519
124 96 354
124 128 286
125 200 796
125 202 305
125 205 990
125 207 868
125 216 816
125 232 379
125 294 909
125 352 250
125 455 564
125 465 942
125 469 868
125 478 379
125 488 157
125 491 309
125 11 780
125 47 404
125 56 821
126 302 791
126 332 380
126 347 805
126 389 808
126 436 406
126 456 941
126 484 258
126 29 143
126 145 74
126 199 903
126 279 340
127 196 894
127 207 556
127 330 769
127 390 801
127 400 500
127 406 760
127 479 290
127 40 551
127 92 415
127 103 240
127 146 617
127 261 413
128 154 407
128 258 52
128 268 740
128 364 35
128 384 242
128 394 415
128 420 302
128 432 327
128 447 299
128 455 753
128 29 692
128 286 298
129 345 223
129 358 431
129 368 348
129 117 257
129 156 682
129 292 908
129 361 657
130 147 403
130 155 752
130 200 426
130 214 299
130 289 878
130 299 367
130 327 530
130 410 676
130 37 414
130 83 771
130 119 453
131 180 314
131 256 890
131 385 305
131 431 614
131 11 203
132 180 257
132 191 506
132 203 588
132 312 92
132 319 477
132 328 141
132 358 188
132 74 645
132 241 140
132 379 636
133 182 538
133 216 280
133 255 445
133 262 164
133 329 360
133 407 440
133 417 413
133 86 935
133 88 336
133 118 865
133 130 925
133 170 626
133 285 343
133 295 156
133 298 698
134 145 24
134 146 520
134 185 868
134 194 727
134 207 605
134 294 657
134 367 619
134 398 37
134 460 908
134 480 827
134 58 770
134 66 319
134 106 854
134 227 859
134 233 275
135 235 850
135 253 984
135 284 725
135 349 312
135 31 781
135 75 740
135 93 643
135 130 265
136 160 256
136 333 509
136 375 17
136 391 201
136 419 36
136 478 594
136 50 37
136 131 692
136 262 299
137 153 634
137 189 196
137 199 895
137 299 578
137 314 887
137 388 844
137 474 692
137 16 468
137 57 925
137 80 202
137 86 857
137 127 408
137 144 946
138 160 105
138 240 256
138 243 883
138 319 414
138 368 517
138 369 292
138 433 190
138 2 389
138 21 349
138 55 236
138 269 652
138 309 722
139 183 644
139 218 561
139 251 940
139 292 462
139 315 570
139 422 937
139 473 838
139 38 837
139 142 748
139 274 94
140 158 903
140 230 374
140 347 336
140 386 438
140 423 595
140 431 212
140 51 204
140 323 707
141 205 866
141 207 192
141 213 350
141 316 272
141 320 992
141 396 529
141 476 373
141 63 872
141 79 871
141 110 764
141 115 202
141 124 972
141 238 829
141 280 772
142 153 100
142 154 415
142 239 494
142 248 742
142 344 221
142 406 911
142 432 608
142 499 539
142 421 930
143 151 754
143 197 944
143 222 906
143 249 705
143 260 432
143 280 873
143 304 416
143 346 569
143 397 211
143 81 352
143 115 36
143 139 71
143 190 428
143 229 388
143 234 874
143 349 101
143 383 459
144 150 835
144 191 285
144 194 816
144 205 854
144 278 709
144 298 162
144 325 394
144 363 194
144 410 80
144 41 139
144 110 880
145 174 551
145 182 494
145 336 841
145 360 498
145 366 468
145 394 821
145 93 231
146 189 844
146 235 896
146 259 413
146 270 8
146 351 90
146 362 923
146 382 561
146 390 793
146 13 172
146 23 134
146 52 545
146 123 32
146 128 278
146 131 940
146 151 159
147 155 590
147 168 726
147 173 591
147 176 947
147 214 564
147 269 881
147 282 214
147 344 500
147 476 101
147 477 336
147 67 782
147 90 292
147 294 287
148 287 726
148 288 434
148 401 361
148 422 507
148 435 937
148 42 838
148 45 328
148 213 233
148 236 336
149 160 469
149 267 404
149 340 959
149 380 620
149 395 639
149 486 819
149 487 423
149 35 264
149 82 619
149 96 826
149 189 374
149 218 180
149 332 105
150 180 174
150 181 745
150 333 499
150 334 437
150 496 870
150 141 886
150 206 75
150 265 129
151 187 690
151 294 62
151 321 188
151 366 917
151 383 388
151 430 870
151 11 969
151 40 205
151 65 910
151 123 641
152 158 820
152 189 134
152 298 518
152 316 10
152 347 825
152 468 442
152 37 943
152 97 39
152 116 869
152 120 727
152 123 727
152 174 272
152 185 291
153 169 627
153 178 982
153 252 192
153 259 561
153 273 903
153 304 322
153 336 235
153 338 423
153 350 525
153 360 883
153 441 393
153 460 997
153 495 78
153 79 776
153 80 511
153 104 877
153 175 901
153 253 763
154 228 437
154 236 72
154 313 902
154 343 978
154 362 123
154 493 614
154 28 559
154 42 663
154 45 515
154 58 670
154 60 921
154 77 434
154 93 593
154 127 430
154 143 667
154 466 591
155 173 142
155 190 141
155 195 96
155 198 642
155 242 417
155 246 237
155 381 746
155 423 779
155 3 393
155 172 317
156 220 516
156 292 799
156 300 302
156 305 455
156 327 135
156 353 430
156 379 981
156 412 138
156 417 910
156 494 350
156 15 825
156 67 146
156 80 109
156 115 484
156 244 49
156 289 442
157 164 765
157 185 127
157 227 700
157 253 268
157 278 855
157 298 308
157 412 473
157 466 819
157 471 309
157 14 946
157 111 758
157 112 224
158 160 470
158 174 824
158 372 815
158 407 181
158 470 453
158 4 788
158 16 320
158 30 150
158 90 138
158 97 66
159 160 561
159 188 532
159 340 734
159 358 359
159 366 979
159 395 100
159 420 922
159 428 635
159 437 123
159 68 979
159 131 616
159 148 25
160 233 280
160 248 610
160 266 6
160 303 39
160 340 937
160 391 349
160 488 671
160 1 141
160 61 363
160 103 53
160 115 20
160 122 743
161 216 804
161 225 6
161 230 109
161 236 509
161 340 509
161 45 878
161 68 500
161 144 402
161 443 155
162 275 862
162 278 140
162 330 883
162 388 528
162 18 587
162 146 496
162 159 509
162 202 994
162 243 223
163 195 920
163 238 307
163 287 885
163 381 281
163 416 779
163 53 456
163 90 696
163 101 544
163 417 239
164 288 528
164 67 812
164 77 25
164 448 587
165 273 79
165 283 714
165 352 535
165 376 179
165 387 495
165 388 390
165 392 504
165 57 527
165 474 529
166 202 717
166 287 941
166 318 855
166 359 742
166 73 101
166 76 359
166 150 330
166 399 925
167 199 349
167 226 624
167 390 672
167 437 440
167 23 808
167 36 649
167 101 146
167 145 344
167 232 906
167 393 99
167 488 79
168 295 333
168 335 40
168 354 645
168 428 899
168 480 976
168 492 293
168 1 975
168 47 932
168 245 502
168 246 753
169 251 455
169 263 588
169 427 210
169 449 573
169 27 913
169 98 107
169 126 888
169 168 283
170 197 321
170 214 820
170 342 768
170 478 160
170 45 544
170 121 907
171 259 171
171 296 743
171 298 18
171 331 288
171 429 446
171 445 206
171 463 705
171 42 803
171 58 750
171 119 743
171 150 17
172 235 152
172 274 29
172 312 350
172 326 226
172 401 388
172 41 465
172 154 742
172 157 369
172 158 678
173 218 440
173 226 569
173 254 138
173 324 454
173 328 218
173 355 176
173 365 817
173 384 126
173 18 50
173 23 579
173 47 581
173 71 839
173 84 283
173 86 411
173 92 471
173 121 454
173 142 925
173 143 705
174 308 525
174 330 722
174 355 918
174 430 885
174 472 5
174 494 899
174 15 147
174 101 590
174 131 708
175 290 432
175 309 401
175 344 975
175 380 553
175 401 687
175 413 278
175 447 747
175 470 662
175 483 612
175 495 83
175 195 734
176 269 358
176 289 616
176 330 479
176 334 933
176 74 929
176 137 87
176 173 481
176 183 115
176 420 789
177 194 705
177 208 184
177 356 35
177 369 600
177 492 882
177 87 340
177 130 164
177 150 873
177 179 606
177 235 806
177 304 797
178 179 736
178 232 561
178 254 136
178 287 687
178 330 937
178 378 26
178 403 702
178 477 53
178 23 916
178 62 573
178 101 746
178 115 849
178 339 117
179 213 245
179 238 196
179 388 437
179 429 218
179 7 952
179 74 455
179 96 442
179 117 7
179 493 883
180 279 97
180 286 218
180 315 822
180 375 662
180 376 680
180 451 736
180 474 124
180 489 48
180 490 97
180 493 589
180 33 58
180 44 977
180 69 384
180 94 674
180 136 417
180 142 759
180 352 531
181 203 944
181 241 10
181 291 207
181 345 799
181 395 304
181 455 550
181 479 491
181 486 936
181 82 84
181 107 399
181 161 323
182 250 177
182 309 670
182 322 431
182 346 540
182 355 497
182 360 222
182 374 568
182 392 251
182 443 568
182 446 621
182 468 14
182 84 178
182 177 79
182 181 900
182 224 298
183 348 371
183 349 283
183 383 971
183 420 945
183 423 846
183 60 760
183 153 729
183 174 155
183 270 430
183 366 401
184 279 739
184 411 748
184 433 918
184 466 937
184 3 189
184 171 279
185 256 848
185 348 274
185 390 903
185 409 40
185 446 799
185 452 978
185 5 663
185 179 537
186 303 366
186 318 756
186 384 956
186 428 54
186 433 526
186 466 830
186 29 655
186 49 107
186 79 751
186 131 341
186 152 228
186 153 4
186 215 796
186 489 969
187 203 648
187 219 114
187 233 120
187 368 654
187 444 131
187 463 797
187 128 822
187 153 863
187 179 248
188 221 977
188 360 290
188 475 624
188 492 601
188 496 791
188 26 841
188 51 753
188 127 953
188 159 628
188 331 294
189 194 895
189 198 258
189 200 451
189 219 346
189 235 380
189 421 239
189 460 948
189 16 80
189 65 696
189 74 257
189 150 779
189 350 676
190 258 325
190 297 312
190 311 336
190 355 0
190 375 49
190 438 550
190 474 610
190 494 695
190 53 330
190 62 224
190 91 838
190 152 473
191 312 959
191 322 703
191 433 829
191 460 860
191 491 747
191 268 473
192 209 772
192 218 804
192 253 744
192 254 300
192 314 299
192 383 111
192 407 326
192 491 476
192 178 43
192 406 320
193 241 763
193 292 211
193 329 656
193 370 28
193 376 11
193 387 363
193 400 360
193 479 365
193 36 335
193 149 278
194 244 370
194 448 130
194 481 796
194 26 273
194 47 623
194 65 855
194 80 158
194 158 818
194 189 172
194 190 115
195 197 728
195 258 989
195 336 334
195 340 381
195 394 977
195 428 73
195 446 412
195 70 769
195 71 781
195 111 523
195 156 662
195 198 153
196 255 449
196 335 313
196 338 982
196 368 658
196 13 73
196 20 821
196 29 181
196 41 322
196 46 996
196 110 342
196 180 778
196 287 411
196 322 260
197 221 861
197 230 483
197 235 44
197 237 702
197 239 991
197 255 127
197 285 854
197 346 689
197 355 385
197 385 351
197 15 451
197 21 814
197 35 903
197 58 132
197 142 448
197 167 250
197 169 54
197 367 781
198 205 434
198 214 286
198 297 715
198 307 882
198 341 368
198 420 9
198 445 322
198 455 272
198 468 825
198 27 734
198 35 434
198 38 966
198 113 958
198 114 671
198 192 738
198 374 391
198 395 351
198 436 159
199 241 684
199 294 809
199 344 437
199 369 572
199 453 972
199 87 551
199 109 506
199 111 941
199 123 899
200 259 997
200 329 628
200 332 22
200 407 816
200 462 855
200 15 884
200 41 974
200 62 906
200 68 761
200 113 684
200 127 902
200 170 185
200 185 390
200 186 746
201 329 728
201 337 8
201 358 486
201 367 542
201 395 439
201 444 635
201 43 461
201 65 236
201 171 221
202 219 726
202 250 467
202 355 441
202 404 469
202 427 223
202 457 325
202 481 925
202 103 330
202 162 683
202 177 234
202 205 796
202 264 88
203 298 782
203 345 398
203 467 291
203 477 675
203 68 250
203 94 151
203 124 427
203 155 208
204 227 611
204 246 780
204 257 841
204 273 824
204 311 171
204 75 375
204 103 90
204 106 530
205 371 630
205 451 41
205 473 438
205 484 13
205 10 236
205 32 902
205 50 848
205 78 494
205 118 409
205 121 528
205 127 804
205 149 21
206 242 982
206 281 922
206 378 272
206 396 825
206 398 216
206 440 86
206 34 323
206 56 174
206 122 428
206 146 42
206 170 313
206 195 785
206 248 140
207 210 415
207 259 182
207 270 868
207 347 223
207 376 616
207 419 317
207 441 898
207 487 572
207 40 642
207 149 252
208 244 610
208 282 519
208 303 764
208 329 555
208 390 395
208 422 841
208 425 115
208 452 436
208 463 747
208 116 302
208 147 512
208 230 76
208 271 189
208 453 491
209 225 550
209 236 899
209 277 910
209 306 74
209 308 12
209 428 474
209 473 757
209 484 285
209 2 311
209 140 59
209 226 644
209 344 703
210 215 772
210 272 801
210 354 822
210 364 990
210 397 55
210 398 581
210 439 290
210 468 14
210 181 892
210 195 855
210 311 875
210 357 274
211 222 948
211 225 975
211 230 888
211 309 17
211 17 412
211 90 431
211 118 112
211 177 775
211 197 134
212 241 773
212 283 200
212 301 285
212 317 490
212 351 116
212 363 606
212 405 165
212 409 149
212 450 502
212 82 125
212 143 757
212 151 511
212 202 759
212 428 722
213 260 576
213 374 630
213 417 89
213 419 603
213 496 358
213 7 981
213 27 622
213 98 876
213 100 240
213 145 588
213 170 961
214 239 547
214 283 913
214 299 128
214 361 362
214 391 556
214 393 442
214 403 357
214 475 558
214 100 903
214 129 935
214 340 277
214 442 893
215 229 934
215 248 422
215 275 770
215 276 701
215 346 737
215 373 212
215 427 394
215 15 353
215 32 327
215 66 149
215 103 368
215 111 462
215 312 79
216 225 321
216 253 957
216 309 180
216 331 643
216 370 554
216 392 286
216 401 30
216 468 827
216 483 437
216 15 166
216 90 146
216 96 705
216 136 402
216 191 239
217 242 750
217 256 85
217 294 826
217 360 867
217 432 478
217 441 241
217 46 922
217 59 397
217 201 883
217 272 771
217 310 538
218 331 660
218 377 700
218 380 472
218 488 350
218 32 32
218 53 717
218 87 459
218 159 756
218 301 942
219 290 624
219 291 226
219 303 395
219 374 629
219 378 245
219 495 266
219 14 447
219 38 356
219 48 651
219 51 267
219 123 767
219 194 928
219 275 526
220 461 4
220 24 907
220 143 454
220 165 709
220 200 171
220 277 788
221 236 590
221 293 245
221 301 973
221 369 938
221 436 633
221 499 825
221 41 786
221 54 886
222 234 290
222 245 116
222 270 577
222 343 209
222 427 356
222 431 959
222 445 551
222 473 314
222 499 122
222 13 638
222 21 934
222 67 434
222 200 709
222 214 2
222 239 680
223 228 394
223 235 996
223 260 190
223 319 762
223 451 121
223 26 336
223 94 577
223 156 58
223 160 545
223 183 306
223 222 396
223 247 595
223 477 859
224 346 463
224 411 346
224 451 18
224 43 875
224 121 418
224 168 114
224 358 653
225 281 601
225 350 117
225 367 292
225 426 395
225 11 238
225 63 625
225 79 313
225 82 446
225 121 306
225 167 172
225 425 319
226 235 765
226 284 916
226 291 773
226 368 736
226 458 509
226 5 720
226 32 496
226 43 809
226 81 507
226 148 400
226 182 573
226 293 159
226 441 989
227 239 51
227 244 327
227 405 934
227 408 653
227 71 321
227 77 781
227 93 447
227 94 511
227 174 47
227 206 642
227 224 570
228 310 555
228 371 602
228 446 344
228 103 338
228 200 557
228 407 6
229 259 728
229 264 896
229 265 100
229 299 652
229 434 266
229 441 900
229 493 987
229 22 152
229 149 82
229 176 404
229 220 274
229 303 678
230 362 177
230 393 747
230 443 441
230 492 272
230 18 443
230 144 779
230 209 804
230 242 470
231 314 243
231 384 208
231 18 189
231 23 757
231 135 31
231 171 110
231 192 913
232 331 52
232 409 612
232 483 495
232 22 10
232 58 634
232 88 665
232 151 507
232 153 928
232 210 114
233 286 290
233 300 75
233 310 195
233 326 655
233 337 685
233 393 871
233 426 487
233 432 9
233 14 955
233 83 998
233 222 627
234 259 436
234 263 302
234 289 504
234 333 246
234 340 409
234 454 740
234 77 128
234 78 556
234 108 880
234 130 982
234 149 548
234 334 199
234 405 506
235 326 182
235 352 646
235 354 609
235 397 118
235 402 904
235 404 79
235 405 917
235 469 805
235 471 794
235 52 285
235 121 293
235 165 218
235 167 305
235 174 979
235 202 30
236 281 409
236 348 564
236 372 687
236 401 313
236 416 989
236 422 716
236 430 667
236 81 310
236 188 436
236 220 357
236 229 396
236 469 834
236 478 404
237 276 989
237 383 828
237 401 172
237 403 511
237 457 952
237 27 253
237 95 947
237 98 409
237 127 657
237 201 325
237 249 384
237 430 977
238 301 783
238 340 840
238 17 139
238 163 125
238 190 492
238 316 447
238 401 334
239 255 908
239 270 465
239 335 84
239 453 749
239 14 706
239 79 478
239 87 25
239 111 877
239 151 445
239 195 473
239 196 328
240 246 579
240 255 999
240 292 513
240 374 977
240 484 805
240 10 989
240 49 904
240 234 572
240 263 670
240 360 58
241 256 732
241 340 598
241 471 962
241 472 874
241 14 89
241 33 125
241 70 627
241 102 770
241 111 6
241 144 507
241 150 329
241 187 925
241 231 137
241 433 192
242 259 148
242 290 662
242 305 491
242 328 669
242 443 624
242 461 262
242 64 722
242 91 640
242 208 286
242 219 18
243 283 91
243 404 465
243 428 426
243 463 723
243 475 140
243 490 987
243 45 730
243 87 492
243 102 56
243 103 91
243 112 115
243 116 80
243 150 24
243 206 529
243 240 910
243 429 447
243 461 862
244 247 946
244 265 851
244 289 322
244 487 86
244 493 11
244 49 221
244 110 738
244 168 121
244 170 108
245 297 998
245 411 442
245 421 291
245 427 945
245 0 611
245 92 258
245 99 165
245 109 482
245 162 172
245 170 441
245 173 529
245 390 375
246 284 242
246 286 690
246 332 197
246 400 432
246 57 960
246 107 93
246 123 876
246 175 919
246 201 887
246 226 78
246 232 826
247 275 849
247 280 187
247 291 610
247 350 747
247 382 319
247 448 120
247 457 412
247 478 259
247 122 185
247 151 225
247 211 459
248 354 903
248 416 897
248 433 994
248 441 155
248 471 975
248 90 690
248 142 575
248 203 102
249 298 13
249 299 427
249 340 40
249 369 737
249 7 780
249 12 8
249 32 961
249 141 366
249 160 641
249 175 816
249 199 588
249 204 376
249 231 247
249 447 990
250 260 244
250 291 361
250 360 495
250 383 918
250 415 621
250 447 149
250 448 145
250 470 800
250 76 287
250 122 303
250 159 888
250 194 267
250 240 300
251 303 942
251 337 960
251 421 210
251 495 403
251 9 129
251 91 164
251 137 818
251 176 632
251 188 848
251 416 355
252 348 965
252 8 637
252 133 956
252 157 56
252 173 80
252 242 260
252 250 358
253 277 730
253 285 537
253 309 198
253 5 986
253 129 477
253 135 548
253 139 562
253 377 297
253 473 993
253 481 955
254 278 95
254 363 406
254 396 695
254 15 129
254 218 768
254 240 347
255 325 431
255 362 604
255 433 693
255 468 240
255 46 835
255 87 516
255 99 355
255 139 392
255 165 693
255 167 67
255 188 723
256 306 584
256 312 872
256 369 962
256 160 10
256 175 980
256 188 109
256 192 695
257 292 600
257 334 987
257 357 835
257 413 435
257 420 727
257 20 839
257 55 530
257 135 140
257 189 480
257 195 263
257 232 411
257 237 845
257 247 476
258 312 865
258 334 164
258 340 244
258 498 332
258 99 715
258 223 720
258 278 710
258 491 329
259 292 128
259 326 885
259 350 352
259 385 95
259 448 966
259 467 480
259 9 57
259 36 501
259 66 526
259 172 512
259 182 594
259 372 725
260 379 765
260 151 132
260 179 629
260 211 305
260 227 168
260 230 182
261 270 509
261 275 995
261 367 936
261 19 189
261 91 428
261 97 795
261 116 265
261 131 230
261 139 404
261 204 115
261 253 381
261 257 270
262 346 485
262 349 884
262 402 830
262 481 641
262 3 781
262 28 292
262 74 477
262 123 123
262 179 740
263 269 67
263 297 409
263 439 579
263 443 906
263 499 943
263 23 210
263 116 259
263 245 458
263 391 530
264 295 465
264 298 600
264 319 883
264 330 277
264 35 391
264 127 70
264 159 200
264 178 707
264 208 304
264 212 427
264 222 706
264 250 58
264 253 656
264 454 746
265 389 411
265 401 689
265 423 184
265 435 217
265 456 110
265 6 400
265 59 279
265 168 873
265 224 767
265 239 792
265 445 16
266 275 748
266 327 844
266 432 68
266 460 919
266 0 37
266 66 695
266 75 971
267 292 319
267 302 616
267 325 894
267 380 517
267 418 266
267 421 403
267 428 475
267 62 360
267 78 333
267 190 14
267 376 451
268 318 197
268 379 243
268 412 860
268 474 107
268 102 954
268 140 696
268 212 627
268 223 866
268 263 756
268 313 738
268 413 187
269 307 77
269 349 34
269 26 149
269 98 601
269 147 993
269 217 215
269 236 615
269 261 102
270 286 583
270 292 701
270 387 111
270 473 624
270 12 291
270 73 240
270 87 464
271 320 940
271 382 649
271 388 746
271 22 452
271 94 571
271 164 626
271 171 576
271 215 897
271 251 900
272 337 372
272 401 953
272 0 927
272 52 278
272 146 277
272 202 367
272 208 374
272 326 639
273 326 31
273 431 420
273 457 685
273 468 767
273 26 887
273 169 887
273 253 750
274 295 358
274 324 766
274 329 325
274 341 4
274 68 561
274 142 24
274 217 617
274 291 175
275 307 107
275 353 307
275 433 273
275 110 770
275 131 787
275 169 214
275 215 748
275 237 636
275 252 725
275 272 310
275 365 201
276 277 603
276 403 795
276 407 242
276 414 873
276 18 761
276 21 63
276 153 866
276 184 149
276 186 638
276 230 145
276 354 424
277 292 119
277 341 184
277 342 470
277 432 361
277 441 864
277 481 263
277 43 390
277 245 724
277 248 347
278 288 313
278 289 610
278 349 543
278 400 784
278 14 213
278 101 353
278 111 761
278 245 685
278 317 824
278 384 952
278 450 551
279 364 414
279 449 254
279 41 225
279 74 465
279 98 69
279 111 544
279 171 876
279 186 600
279 258 141
279 266 75
280 318 588
280 446 509
280 476 253
280 499 531
280 22 988
280 102 4
280 103 876
280 121 576
280 164 852
280 179 136
280 194 729
280 214 263
280 264 738
281 285 5
281 299 547
281 105 928
281 130 947
281 177 359
281 193 16
281 463 92
282 367 571
282 461 867
282 462 104
282 38 16
282 66 151
282 91 510
282 94 325
282 98 616
282 103 386
282 122 192
282 136 834
282 151 600
282 155 374
282 180 433
283 299 274
283 378 44
283 409 496
283 448 341
283 149 343
283 153 468
283 164 494
283 173 321
283 215 33
283 270 952
284 352 746
284 452 308
284 116 770
284 132 859
284 203 853
284 217 848
284 232 913
284 235 810
284 386 402
284 388 755
284 396 889
284 424 467
285 339 329
285 41 259
285 57 335
285 100 996
285 106 271
285 144 564
285 270 654
286 340 100
286 348 707
286 359 823
286 371 182
286 379 386
286 380 632
286 391 417
286 421 435
286 481 725
286 1 532
286 47 764
286 58 225
286 78 884
286 99 870
286 115 638
286 141 223
286 171 364
286 176 614
286 211 559
286 221 248
286 263 203
286 400 427
287 425 29
287 496 203
287 38 294
287 60 509
287 141 219
287 263 693
287 267 528
287 288 526
288 392 204
288 397 341
288 420 343
288 472 417
288 9 677
288 100 883
288 117 6
288 119 15
288 149 656
288 286 656
289 341 484
289 394 863
289 4 736
289 102 380
289 137 595
289 173 115
289 184 428
289 278 986
289 480 401
290 305 344
290 345 925
290 394 615
290 63 713
290 150 485
290 192 13
291 292 927
291 300 177
291 328 176
291 62 839
291 117 141
291 127 385
291 152 567
291 249 710
291 333 702
292 394 609
292 19 53
292 64 957
292 83 379
292 90 328
292 217 301
292 233 831
293 333 112
293 362 99
293 441 581
293 451 101
293 459 275
293 59 934
293 89 8
293 149 533
293 155 636
293 162 447
293 211 983
293 246 411
293 346 120
294 354 632
294 385 708
294 444 93
294 450 305
294 462 684
294 475 368
294 1 825
294 54 884
294 73 115
294 110 838
294 112 372
294 215 453
294 223 760
294 234 404
294 242 215
294 243 519
295 316 416
295 325 166
295 326 412
295 44 148
295 116 698
295 132 400
295 151 852
295 204 714
295 264 299
295 273 258
296 389 682
296 466 265
296 66 917
296 149 895
296 204 47
296 206 738
296 209 412
296 215 254
296 275 58
296 494 867
297 360 387
297 408 180
297 469 731
297 497 881
297 28 392
297 44 388
297 70 231
297 82 856
297 97 96
297 157 218
297 210 22
297 219 942
297 228 759
298 302 720
298 316 280
298 362 497
298 365 205
298 479 864
298 41 112
298 192 899
298 212 959
298 216 605
298 237 156
298 247 513
298 266 326
298 297 41
298 327 587
299 310 691
299 321 264
299 330 42
299 348 108
299 387 317
299 444 26
299 446 815
299 184 172
299 189 894
299 192 214
299 205 979
299 239 332
299 389 238
300 324 681
300 393 202
300 429 328
300 478 88
300 497 238
300 108 750
300 121 694
300 201 955
300 219 602
301 367 969
301 383 1
301 399 279
301 450 940
301 490 683
301 53 657
301 88 754
301 129 911
301 176 800
301 186 135
301 233 968
301 247 744
301 265 174
301 284 641
301 418 396
302 460 931
302 5 74
302 43 943
302 57 635
302 58 569
302 65 394
302 69 416
302 126 47
302 148 242
302 184 215
302 207 908
302 261 187
302 364 551
302 486 919
303 408 376
303 420 411
303 422 649
303 81 858
303 152 400
303 165 74
303 188 286
303 196 842
303 320 65
303 338 694
304 365 720
304 397 18
304 457 554
304 20 701
304 43 696
304 84 409
304 85 948
304 140 985
304 220 379
304 254 257
304 294 32
304 303 447
305 329 107
305 340 493
305 388 313
305 393 8
305 448 257
305 477 982
305 104 525
305 124 70
305 185 527
305 189 905
305 194 440
305 198 920
305 241 302
305 359 983
306 314 449
306 316 372
306 364 724
306 381 82
306 422 697
306 103 145
306 164 968
306 181 93
306 190 299
306 207 901
306 210 31
306 264 354
306 271 894
307 321 829
307 378 311
307 397 778
307 12 398
307 19 631
307 187 460
307 194 22
307 252 274
308 325 45
308 439 452
308 442 258
308 1 119
308 57 101
308 79 884
308 130 759
308 141 600
308 168 575
308 216 619
308 302 928
309 326 745
309 332 835
309 354 594
309 483 211
309 491 873
309 69 935
309 133 656
309 213 517
309 216 900
309 278 653
309 306 756
310 326 393
310 356 714
310 368 445
310 373 397
310 416 559
310 420 37
310 436 19
310 480 886
310 85 913
310 102 834
310 134 142
310 143 511
310 170 160
310 296 815
310 308 932
310 498 456
311 430 139
311 9 366
311 36 107
311 103 420
311 113 195
311 221 960
311 224 310
311 256 165
311 261 734
311 272 220
311 348 381
312 350 351
312 460 756
312 478 421
312 8 665
312 140 699
312 142 470
312 188 527
312 197 991
312 228 824
313 448 25
313 489 160
313 8 482
313 14 960
313 58 610
313 155 575
313 200 175
313 222 318
313 250 883
313 294 788
313 311 179
313 321 740
313 335 450
314 321 386
314 344 159
314 355 928
314 361 280
314 378 242
314 441 898
314 492 14
314 109 11
314 161 902
314 175 845
314 251 413
315 323 283
315 418 200
315 453 357
315 454 903
315 455 481
315 64 423
315 87 836
315 116 159
315 153 451
315 209 557
315 261 771
315 272 247
315 277 585
315 289 500
315 296 97
315 485 951
316 333 20
316 377 627
316 401 389
316 14 187
316 22 24
316 162 143
316 181 592
316 233 666
316 277 217
316 314 47
316 371 924
317 336 555
317 428 239
317 464 62
317 52 459
317 55 878
317 90 433
317 238 41
318 331 717
318 367 761
318 432 506
318 447 387
318 490 3
318 495 643
318 78 764
318 96 531
318 107 753
318 142 905
318 173 224
318 227 668
318 234 851
318 311 162
319 369 192
319 389 357
319 391 745
319 460 64
319 482 507
319 45 268
319 89 376
319 133 974
319 188 51
319 296 573
320 339 785
320 349 188
320 366 2
320 31 332
320 99 518
320 224 544
320 227 535
320 234 50
320 257 970
320 271 117
321 364 608
321 462 841
321 39 875
321 62 66
321 114 331
321 166 20
321 171 56
321 250 435
321 303 671
322 400 338
322 415 240
322 431 955
322 475 800
322 28 890
322 107 869
322 110 698
322 170 374
322 209 402
323 328 3
323 343 667
323 392 202
323 465 456
323 53 359
323 156 781
323 180 145
323 184 766
323 289 368
323 397 451
323 435 819
323 456 463
324 372 362
324 410 488
324 414 157
324 499 647
324 52 339
324 79 961
324 85 764
324 89 686
324 114 666
324 133 596
324 202 663
324 220 628
324 245 870
324 306 721
325 327 751
325 340 365
325 355 536
325 373 453
325 429 957
325 15 183
325 218 976
325 231 966
325 295 708
325 311 470
325 318 694
325 320 491
326 348 537
326 378 896
326 444 236
326 19 998
326 27 12
326 145 53
326 282 954
326 342 434
327 372 900
327 425 16
327 427 798
327 428 129
327 437 870
327 0 511
327 27 709
327 64 898
327 85 228
327 120 356
327 162 454
327 251 898
327 261 2
328 378 161
328 463 355
328 470 744
328 41 711
328 68 347
328 182 358
328 198 876
328 256 998
328 266 326
328 380 960
328 404 492
329 417 478
329 422 575
329 428 229
329 455 11
329 473 25
329 10 565
329 17 834
329 44 638
329 56 904
329 242 883
329 281 1000
329 291 568
329 318 488
329 323 958
329 330 412
330 337 73
330 378 815
330 429 88
330 450 198
330 457 669
330 466 726
330 480 818
330 10 274
330 17 956
330 122 198
330 217 317
330 252 955
330 311 881
330 322 66
330 323 845
331 375 851
331 382 936
331 419 905
331 488 369
331 5 693
331 32 353
331 82 381
331 98 398
331 107 809
331 163 139
331 185 637
331 237 349
331 317 143
332 377 86
332 393 601
332 451 316
332 2 905
332 22 195
332 101 258
332 114 914
332 129 152
332 136 236
332 232 811
332 267 300
333 459 816
333 7 667
333 94 247
333 107 49
333 122 918
333 143 994
333 189 111
333 209 232
333 362 640
334 383 961
334 404 407
334 412 1
334 428 584
334 31 478
334 55 606
334 58 576
334 317 113
335 357 229
335 376 949
335 382 703
335 421 625
335 423 72
335 4 535
335 54 926
335 58 891
335 76 20
335 109 782
335 178 770
335 200 725
335 301 704
335 496 553
336 380 199
336 395 782
336 412 527
336 420 386
336 433 788
336 440 571
336 92 201
336 192 428
336 235 130
336 278 990
336 296 696
336 303 400
336 305 213
336 326 483
336 345 575
337 406 462
337 416 587
337 452 659
337 52 936
337 89 817
337 121 35
337 252 64
337 277 150
337 316 563
337 331 547
338 363 388
338 384 860
338 415 687
338 19 299
338 31 224
338 92 748
338 151 601
338 179 538
338 194 368
338 211 496
338 327 905
339 355 286
339 9 434
339 47 349
339 86 280
339 124 949
339 145 739
339 176 37
339 197 432
339 208 545
339 278 794
339 279 824
340 364 223
340 19 199
340 44 97
340 62 856
340 68 854
340 269 514
340 284 972
340 306 674
340 309 606
341 388 405
341 417 875
341 154 173
341 172 140
341 173 753
341 176 34
341 199 436
341 225 146
341 258 866
341 267 62
341 321 903
341 325 920
342 345 265
342 474 582
342 2 122
342 11 349
342 41 342
342 66 815
342 97 961
342 120 240
342 180 83
342 203 4
342 209 670
342 233 217
342 275 766
342 293 853
342 323 135
343 412 327
343 436 793
343 457 479
343 481 935
343 41 314
343 75 994
343 92 302
343 100 179
343 132 758
343 190 42
343 209 166
343 212 410
343 239 942
343 339 941
344 435 594
344 452 724
344 491 551
344 50 896
344 119 827
344 158 399
344 160 959
344 207 142
344 240 202
344 241 97
344 291 399
344 340 607
345 463 605
345 36 683
345 39 716
345 113 349
345 178 918
345 200 742
345 253 834
346 387 98
346 49 149
346 127 654
346 163 987
346 177 925
346 317 711
347 401 750
347 464 131
347 468 361
347 475 205
347 102 944
347 177 570
348 416 312
348 461 659
348 467 610
348 472 580
348 487 715
348 36 563
348 38 796
348 43 998
348 62 375
348 67 972
348 69 849
348 161 163
348 253 23
348 280 378
348 317 452
348 325 961
349 388 960
349 110 250
349 123 780
349 190 130
349 202 88
349 230 612
349 262 773
349 300 922
350 385 552
350 388 417
350 414 234
350 436 175
350 23 637
350 238 548
350 246 973
350 297 846
351 364 295
351 372 412
351 423 92
351 461 471
351 492 99
351 2 656
351 44 255
351 69 173
351 115 356
351 140 329
351 151 87
351 157 318
351 165 408
351 179 996
351 350 970
352 471 478
352 498 223
352 14 480
352 32 238
352 78 51
352 115 346
352 153 155
352 199 92
352 201 678
352 214 110
352 330 766
352 344 976
353 440 608
353 125 0
353 181 235
353 266 167
353 295 518
353 310 968
353 319 846
354 389 349
354 471 676
354 21 69
354 64 136
354 273 210
354 339 863
354 342 56
354 458 277
355 361 288
355 367 928
355 416 616
355 420 484
355 433 410
355 478 30
355 496 573
355 33 214
355 146 111
355 153 438
355 239 507
355 312 571
355 318 226
356 393 201
356 434 256
356 478 433
356 246 174
356 288 971
356 317 963
357 366 55
357 4 877
357 14 287
357 75 909
357 185 940
357 244 510
357 260 705
358 386 40
358 424 910
358 454 881
358 494 798
358 499 424
358 24 191
358 38 450
358 44 418
358 106 30
358 160 13
358 172 571
358 242 700
358 293 38
358 378 962
359 366 604
359 407 732
359 453 194
359 473 83
359 74 338
359 187 785
359 238 256
359 250 982
360 400 315
360 92 399
360 109 835
360 137 276
360 145 321
360 302 926
360 331 550
361 389 363
361 492 340
361 499 958
361 14 504
361 130 825
361 141 449
361 203 361
361 212 958
361 220 360
361 347 481
362 470 531
362 12 579
362 33 98
362 45 481
362 53 877
362 88 472
362 134 906
362 135 720
362 159 241
362 172 723
362 181 7
362 268 708
362 328 620
362 354 81
362 411 884
363 387 370
363 420 494
363 447 687
363 483 918
363 496 768
363 33 435
363 80 335
363 105 935
363 149 938
363 164 852
363 204 401
363 265 347
363 271 853
363 314 674
363 345 839
363 348 92
363 360 44
364 437 853
364 456 368
364 465 48
364 489 260
364 493 134
364 84 204
364 134 793
364 186 807
364 268 853
364 288 279
364 301 348
364 363 972
365 443 770
365 497 880
365 27 356
365 37 139
365 49 86
365 64 524
365 75 804
365 82 977
365 88 837
365 182 998
365 213 25
365 232 314
365 327 527
365 350 708
365 356 211
366 390 378
366 443 536
366 132 55
366 166 395
366 185 698
366 189 622
366 268 64
366 350 396
366 408 131
367 185 462
367 328 676
367 360 567
368 384 801
368 404 802
368 14 159
368 36 151
368 102 661
368 113 246
368 137 140
368 144 122
368 157 245
368 239 219
368 249 318
368 277 517
368 310 38
368 357 578
368 366 760
369 387 855
369 445 93
369 52 30
369 246 486
369 306 895
369 348 928
370 427 267
370 450 674
370 15 125
370 19 939
370 145 605
370 240 182
370 242 37
370 252 458
370 334 382
371 392 55
371 14 65
371 161 772
371 195 952
371 247 813
371 335 391
371 385 653
372 399 191
372 9 214
372 23 896
372 34 570
372 82 515
372 162 494
372 220 650
372 235 571
372 259 494
372 297 902
372 346 326
372 347 872
372 360 431
373 446 994
373 41 103
373 113 421
373 259 407
373 340 698
374 399 768
374 433 583
374 120 988
374 133 48
374 177 330
374 184 794
374 230 814
374 244 328
374 302 325
374 368 552
375 399 963
375 408 423
375 455 179
375 479 592
375 28 900
375 31 291
375 60 309
375 65 822
375 105 8
375 195 815
375 320 629
375 328 500
375 371 706
376 497 314
376 7 331
376 110 171
376 157 347
376 162 18
376 236 180
376 252 856
376 294 60
376 316 23
377 445 33
377 42 416
377 104 899
377 113 140
377 125 48
377 137 842
377 217 457
377 234 18
377 260 464
377 261 54
377 410 136
378 406 422
378 467 737
378 32 241
378 37 138
378 68 532
378 73 768
378 130 384
378 180 447
378 218 325
378 267 478
378 319 972
378 344 504
378 360 968
379 434 178
379 456 277
379 497 54
379 112 920
379 124 903
379 157 532
379 228 542
379 245 975
379 297 804
379 298 758
380 442 775
380 483 68
380 9 193
380 107 403
380 178 176
380 268 671
380 355 872
381 399 834
381 462 679
381 85 716
381 149 250
381 154 974
381 268 880
381 278 202
381 330 998
382 402 757
382 427 138
382 446 339
382 179 345
382 204 426
382 215 659
383 462 920
383 129 425
383 171 726
383 184 392
383 197 136
383 240 422
383 277 706
383 279 978
383 298 17
384 406 136
384 456 128
384 464 729
384 477 737
384 24 155
384 29 122
384 105 252
384 162 983
384 166 661
384 193 569
384 224 780
384 345 845
385 426 115
385 432 715
385 0 857
385 39 804
385 64 592
385 166 691
385 177 831
385 239 258
386 420 670
386 472 229
386 476 989
386 1 785
386 86 961
386 113 43
386 145 146
386 193 963
386 332 430
386 341 88
386 344 436
386 479 573
387 98 668
387 100 103
387 108 351
387 143 745
387 271 394
387 346 363
388 460 723
388 467 276
388 483 723
388 33 120
388 46 995
388 100 520
388 108 638
388 116 793
388 123 383
388 156 725
388 187 630
388 258 934
388 336 683
388 340 259
388 372 539
389 408 272
389 498 751
389 16 513
389 122 743
389 131 159
389 142 37
389 244 633
389 284 456
389 336 464
389 386 461
390 496 599
390 4 1
390 72 364
390 86 435
390 183 410
390 213 982
390 236 356
390 351 706
390 487 224
391 445 705
391 446 995
391 458 17
391 471 43
391 20 685
391 48 229
391 82 493
391 216 902
391 313 867
391 333 141
392 475 751
392 41 399
392 48 304
392 111 986
392 193 578
392 212 248
392 276 888
392 321 59
392 329 520
393 405 999
393 467 168
393 30 552
393 52 416
393 88 204
393 338 90
393 370 666
393 387 960
393 392 926
393 459 515
394 396 958
394 423 323
394 35 433
394 117 437
394 122 352
394 149 458
394 250 969
394 337 898
394 356 319
395 396 920
395 3 326
395 60 619
395 121 95
395 194 949
395 215 88
395 219 502
395 475 998
396 497 998
396 39 535
396 59 987
396 66 955
396 124 105
396 135 359
396 145 819
396 148 66
396 172 529
396 198 644
396 246 278
396 251 632
396 319 194
396 350 759
396 387 652
397 447 712
397 44 888
397 91 489
397 122 413
397 193 626
397 216 193
397 392 87
397 444 944
398 472 988
398 482 362
398 24 189
398 41 566
398 92 122
398 183 41
398 284 717
398 287 929
398 315 514
398 383 741
399 155 578
399 283 89
399 285 380
399 331 922
399 398 50
400 409 314
400 428 975
400 498 191
400 48 2
400 96 450
400 99 779
400 156 67
400 222 105
400 238 894
400 312 863
400 336 791
400 368 721
400 382 35
401 473 214
401 31 876
401 37 870
401 80 32
401 101 757
401 115 977
401 158 425
401 197 46
401 211 177
401 244 615
401 307 876
401 499 358
402 491 21
402 1 97
402 5 649
402 6 456
402 35 873
402 54 46
402 168 998
402 190 685
402 285 780
403 33 162
403 144 571
403 162 22
403 172 740
403 178 484
403 199 374
403 315 333
403 354 541
403 369 367
404 419 581
404 469 1
404 34 835
404 37 888
404 57 791
404 180 325
404 196 465
404 267 704
404 317 808
404 360 330
405 431 327
405 32 918
405 76 130
405 95 800
405 116 571
405 123 58
405 195 883
405 197 202
405 209 90
405 224 646
405 273 77
405 398 963
406 444 656
406 450 766
406 452 997
406 461 294
406 37 966
406 39 76
406 157 733
406 242 250
406 270 441
406 273 346
407 432 720
407 473 223
407 26 905
407 60 865
407 104 262
407 159 606
407 258 470
407 260 205
407 267 171
407 352 445
408 451 692
408 6 526
408 54 653
408 102 193
408 109 712
408 120 66
408 128 172
408 387 51
408 406 685
409 480 159
409 151 311
409 153 723
409 171 962
409 203 247
409 228 710
409 248 77
409 274 773
409 297 148
409 382 256
409 396 529
410 413 490
410 425 635
410 460 597
410 59 959
410 156 832
410 160 342
410 176 559
410 181 657
410 230 278
410 232 383
410 259 456
410 304 977
410 305 996
410 404 921
410 423 590
410 497 354
411 449 322
411 53 428
411 67 103
411 86 548
411 92 687
411 114 101
411 252 981
411 326 383
411 340 269
411 398 281
412 448 791
412 455 120
412 164 417
412 168 36
412 175 937
412 214 6
412 284 424
412 291 371
413 419 70
413 439 628
413 446 169
413 476 832
413 486 55
413 27 296
413 44 94
413 87 857
413 107 330
413 207 105
413 245 154
413 293 770
413 303 179
414 424 729
414 462 49
414 104 849
414 110 102
414 173 285
414 260 601
414 338 787
414 342 280
414 371 897
415 469 495
415 130 62
415 160 403
415 178 796
415 219 837
415 246 218
415 278 234
415 351 503
415 354 85
416 62 69
416 159 870
416 245 580
416 321 922
416 352 592
416 395 699
417 439 833
417 71 216
417 86 201
417 87 367
417 121 243
417 172 819
417 293 903
417 363 433
417 371 830
418 487 934
418 95 746
418 186 646
418 193 119
418 222 807
418 266 493
418 365 879
418 375 157
418 377 305
418 396 901
419 488 863
419 17 433
419 69 887
419 137 337
419 139 946
419 229 89
419 378 13
419 415 418
420 11 293
420 125 101
420 159 137
420 238 472
420 284 112
420 411 128
421 107 530
421 132 764
421 147 659
421 152 119
421 221 694
421 261 167
421 397 45
422 20 128
422 48 533
422 94 286
422 103 293
422 296 662
422 395 229
423 40 538
423 88 271
423 182 753
423 231 882
423 288 742
423 295 674
423 304 337
423 345 369
423 369 384
423 376 287
423 417 75
424 13 596
424 19 836
424 56 153
424 181 670
424 182 158
424 295 72
424 377 876
424 401 504
425 91 919
425 131 955
425 156 282
425 201 880
425 211 396
425 227 332
425 266 892
425 267 906
425 327 470
425 341 94
425 382 658
425 396 977
426 435 447
426 484 94
426 6 708
426 58 27
426 107 94
426 144 754
426 258 423
426 336 221
426 353 224
426 371 914
426 410 227
427 28 710
427 37 508
427 84 849
427 108 480
427 337 849
428 447 92
428 24 467
428 46 883
428 47 653
428 56 265
428 87 682
428 96 802
428 127 770
428 143 422
428 157 855
428 166 560
428 181 386
428 233 817
428 262 418
428 276 224
428 323 900
429 439 614
429 468 151
429 481 639
429 19 597
429 24 904
429 88 287
429 125 844
429 169 627
429 275 968
429 407 247
429 460 193
430 475 352
430 15 785
430 22 366
430 112 454
430 122 658
430 187 242
430 200 672
430 206 164
430 291 212
430 296 872
430 331 767
430 377 214
430 380 856
430 384 76
430 401 6
431 466 286
431 13 213
431 116 31
431 124 574
431 126 282
431 127 632
431 316 267
431 326 431
431 366 993
431 388 190
431 399 495
432 449 115
432 489 903
432 35 98
432 43 28
432 74 76
432 217 934
432 226 231
432 252 264
432 268 127
432 326 310
432 392 634
433 483 33
433 485 223
433 53 82
433 89 199
433 172 706
433 196 882
433 368 552
433 389 574
433 393 41
433 394 644
434 478 108
434 3 912
434 24 921
434 48 324
434 78 574
434 121 473
434 144 137
434 177 250
434 192 573
434 277 265
434 280 831
434 385 526
434 420 612
434 430 397
435 441 628
435 447 148
435 13 938
435 65 473
435 74 509
435 245 344
435 293 599
435 392 406
436 451 929
436 68 456
436 174 979
436 181 806
436 230 925
436 328 936
436 391 501
436 411 492
437 22 209
437 23 777
437 69 262
437 195 208
437 220 750
437 295 448
437 299 999
437 335 871
437 337 959
437 343 635
437 355 512
437 362 858
437 364 287
437 367 422
437 429 980
437 434 277
438 456 864
438 483 193
438 48 231
438 61 933
438 93 483
438 102 184
438 165 226
438 183 725
438 212 761
438 221 4
438 223 618
438 262 719
438 263 595
438 266 633
438 281 24
439 471 913
439 151 325
439 191 514
439 223 273
439 232 88
439 278 325
439 308 837
439 367 635
439 412 107
439 421 107
439 495 185
440 445 127
440 492 355
440 13 690
440 15 381
440 66 359
440 72 214
440 143 813
440 191 185
440 209 986
440 355 512
440 424 922
440 435 451
441 482 856
441 488 240
441 12 549
441 92 777
441 108 929
441 118 234
441 134 129
441 146 65
441 159 270
441 169 207
441 180 404
441 331 14
441 362 57
441 383 312
441 423 921
442 485 4
442 64 399
442 78 516
442 123 961
442 213 772
442 242 986
442 278 485
442 324 315
442 339 797
442 360 945
442 441 57
443 464 715
443 471 436
443 475 54
443 47 269
443 103 54
443 117 512
443 136 468
443 184 178
443 195 129
443 306 392
444 0 128
444 7 279
444 9 637
444 34 695
444 53 578
444 59 213
444 134 277
444 267 655
444 302 751
444 428 368
445 153 712
445 168 873
445 249 957
445 302 746
445 321 255
445 419 61
445 430 700
445 467 779
446 478 22
446 24 772
446 56 541
446 63 683
446 83 702
446 104 670
446 156 715
446 190 665
446 360 508
446 365 987
446 398 877
446 404 343
446 464 329
447 32 344
447 185 688
447 202 773
447 208 625
447 257 720
447 264 990
447 270 132
447 279 581
447 300 645
447 333 728
447 343 290
447 370 395
447 424 501
447 426 905
447 443 860
448 49 89
448 61 252
448 66 360
448 106 499
448 125 707
448 128 846
448 191 954
448 251 908
448 260 625
448 263 701
448 271 185
449 14 530
449 92 427
449 116 153
449 136 213
449 163 233
449 183 260
449 258 289
449 281 258
449 381 300
449 394 353
449 420 875
450 47 488
450 122 826
450 163 727
450 279 424
450 301 373
450 328 690
450 335 403
451 456 327
451 81 92
451 120 944
451 196 76
451 381 629
451 392 532
451 397 20
451 437 519
452 477 403
452 4 956
452 14 972
452 20 170
452 84 202
452 85 344
452 144 682
452 180 445
452 238 550
452 281 921
452 329 262
452 411 753
453 458 111
453 468 472
453 14 28
453 41 606
453 42 613
453 176 704
453 271 492
453 275 441
453 368 280
453 421 105
453 435 780
453 450 832
454 17 461
454 104 744
454 139 938
454 153 840
454 216 774
454 241 175
454 334 606
454 397 444
455 35 101
455 95 21
455 105 4
455 111 836
455 156 196
455 176 842
455 242 159
455 274 212
455 276 894
455 288 292
455 375 833
455 428 601
456 6 331
456 37 360
456 166 758
456 238 715
456 254 788
456 267 129
456 280 857
456 305 444
456 386 174
456 429 489
457 496 574
457 31 573
457 94 419
457 112 326
457 140 694
457 162 980
457 213 743
457 261 566
457 379 586
457 381 56
458 1 423
458 81 988
458 251 900
458 288 889
458 299 596
458 304 974
458 308 495
458 311 148
458 323 42
458 330 619
458 341 781
458 349 409
458 423 573
458 426 79
459 94 782
459 155 77
459 207 921
459 245 929
459 262 746
459 330 564
459 356 837
459 414 595
459 431 1
459 492 814
460 114 372
460 155 928
460 169 785
460 171 576
460 274 636
460 284 487
460 320 623
460 398 500
460 459 855
461 34 157
461 154 876
461 218 596
461 254 597
461 274 765
461 292 396
461 298 467
461 359 391
462 483 11
462 68 948
462 90 122
462 199 517
462 250 766
462 280 116
462 329 275
462 380 301
462 457 250
463 492 917
463 497 947
463 5 130
463 53 344
463 159 404
463 176 80
463 198 700
463 247 582
463 283 825
463 284 959
463 288 578
463 310 255
463 405 211
463 470 4
464 476 128
464 24 650
464 50 6
464 63 295
464 70 269
464 81 976
464 167 266
464 245 266
464 291 952
464 296 231
464 311 726
464 402 680
464 410 651
464 416 691
464 445 1
464 454 18
465 13 839
465 169 796
465 219 180
465 279 705
465 329 414
465 365 191
465 381 58
465 425 341
465 430 590
466 476 826
466 204 729
466 243 783
466 278 140
466 322 913
466 337 792
466 346 863
466 370 131
466 418 315
466 436 686
467 5 16
467 89 579
467 114 383
467 119 469
467 142 578
467 250 138
467 268 537
467 289 311
467 293 871
467 310 294
467 340 801
467 368 942
467 425 984
468 15 436
468 45 316
468 55 821
468 80 259
468 163 550
468 181 551
468 260 301
468 270 642
468 312 395
468 357 568
468 361 116
468 429 563
468 430 157
469 471 133
469 489 250
469 79 78
469 94 413
469 107 517
469 120 136
469 133 850
469 182 265
469 184 863
469 224 483
469 242 206
469 256 280
469 307 606
469 316 930
469 333 932
469 357 395
469 423 442
470 486 235
470 120 118
470 137 736
470 158 276
470 175 475
470 258 887
470 267 93
470 311 83
470 339 607
471 37 196
471 61 247
471 139 353
471 200 928
471 210 461
471 211 327
471 266 693
471 378 360
471 421 612
472 481 982
472 51 516
472 103 631
472 124 194
472 224 230
472 260 980
472 264 33
472 449 776
472 467 510
473 480 993
473 15 680
473 81 28
473 129 941
473 180 552
473 219 25
473 254 305
473 288 806
473 296 757
473 335 880
473 340 667
473 363 233
473 376 921
473 380 972
473 450 478
474 4 950
474 22 374
474 51 732
474 73 393
474 79 867
474 146 885
474 159 405
474 178 875
474 259 674
474 313 6
474 329 733
475 116 803
475 140 272
475 229 328
475 314 300
475 325 195
475 441 649
475 452 943
476 16 937
476 39 479
476 130 108
476 173 518
476 350 219
476 372 325
476 414 355
476 451 893
477 22 400
477 39 481
477 64 344
477 75 763
477 90 482
477 105 678
477 229 878
477 250 775
477 469 705
478 0 356
478 9 840
478 26 938
478 42 17
478 80 173
478 93 760
478 115 612
478 153 860
478 249 398
478 255 307
478 277 415
478 299 917
478 349 692
478 421 539
478 477 348
479 45 21
479 47 659
479 59 110
479 108 881
479 138 267
479 262 671
479 280 193
479 285 761
479 286 241
479 336 740
479 341 91
479 344 40
479 369 549
479 389 584
479 396 942
479 404 953
479 406 437
479 435 779
480 1 354
480 4 689
480 121 863
480 166 334
480 196 1
480 226 365
480 235 0
480 253 9
480 259 237
480 291 614
480 359 257
480 363 806
480 386 847
480 417 959
480 423 791
480 433 922
481 45 29
481 62 584
481 116 318
481 142 629
481 158 672
481 184 84
481 227 542
481 260 97
481 273 899
481 277 278
481 318 267
481 398 435
481 409 735
481 419 386
481 428 709
481 429 351
481 454 959
481 464 476
482 483 713
482 57 517
482 108 79
482 182 632
482 189 256
482 272 517
482 277 64
482 288 474
482 314 985
482 334 479
482 340 558
482 400 74
482 416 184
482 430 700
482 442 865
483 495 676
483 30 304
483 90 714
483 116 214
483 134 805
483 145 408
483 151 602
483 198 496
483 220 719
483 340 229
483 354 537
483 422 502
484 1 792
484 80 126
484 81 697
484 85 512
484 155 628
484 195 759
484 211 663
484 457 39
484 462 553
484 465 460
485 32 310
485 104 580
485 122 142
485 127 477
485 132 323
485 215 664
485 217 761
485 229 49
485 245 628
485 323 598
485 338 714
485 425 170
486 29 663
486 35 320
486 91 209
486 97 380
486 100 425
486 137 67
486 170 178
486 193 534
486 221 229
486 255 336
486 265 328
486 267 906
486 443 420
486 454 527
487 36 558
487 54 103
487 98 544
487 156 174
487 217 868
487 222 556
487 278 160
487 309 802
487 321 934
487 425 504
487 483 851
488 4 953
488 34 943
488 69 664
488 79 612
488 139 215
488 148 336
488 188 983
488 267 514
488 460 147
488 477 54
489 74 987
489 97 233
489 162 898
489 282 813
489 350 438
489 363 911
489 366 554
489 411 181
489 428 44
489 459 368
490 494 165
490 3 844
490 27 24
490 118 741
490 177 659
490 240 954
490 242 436
490 319 766
490 348 320
490 430 818
491 60 326
491 78 510
491 101 996
491 117 630
491 194 833
491 229 857
491 253 686
491 331 102
491 339 754
491 365 692
491 389 816
491 488 172
492 22 260
492 28 30
492 33 21
492 46 288
492 58 260
492 76 643
492 192 476
492 240 783
492 261 971
492 361 482
492 418 54
493 17 359
493 70 719
493 89 10
493 114 137
493 126 883
493 134 115
493 172 746
493 214 924
493 238 801
493 258 981
493 267 2
493 299 495
493 322 61
493 383 511
493 421 995
493 437 407
493 473 589
494 78 558
494 160 468
494 171 688
494 208 853
494 218 911
494 243 523
494 276 417
494 301 365
494 359 65
494 362 976
494 468 686
494 469 595
495 22 860
495 30 949
495 60 712
495 113 995
495 157 377
495 246 265
495 280 354
495 287 498
495 310 825
495 378 324
495 488 770
496 141 386
496 216 172
496 265 461
496 272 800
496 332 500
496 335 142
496 342 402
496 439 774
497 53 776
497 92 507
497 123 947
497 161 674
497 259 668
497 261 139
497 264 239
497 276 868
497 351 528
497 429 719
498 0 727
498 12 962
498 19 651
498 21 163
498 123 646
498 135 285
498 207 3
498 300 819
498 302 581
498 314 456
498 347 46
498 356 65
498 379 222
498 398 307
498 472 919
499 31 535
499 53 454
499 64 804
499 78 288
499 123 520
499 225 673
499 249 795
499 345 94
499 351 964
499 368 549
499 376 408
499 385 595
499 427 755
499 491 350
