700 7824 0
0 65 450
0 96 223
0 114 730
0 154 754
0 287 328
0 345 853
0 364 685
0 379 677
0 420 98
0 425 65
0 462 215
0 656 791
0 672 7
0 675 947
0 1 923
0 2 415
0 4 16
0 29 535
0 48 385
0 106 490
0 193 925
1 7 249
1 166 462
1 188 734
1 217 202
1 252 791
1 256 652
1 367 846
1 432 976
1 489 950
1 597 970
1 647 47
1 698 970
1 10 928
1 327 724
1 396 773
1 496 700
2 33 342
2 71 774
2 97 149
2 229 71
2 271 478
2 310 675
2 423 693
2 467 26
2 613 759
2 644 328
2 651 450
2 3 775
2 5 32
2 9 938
2 13 458
2 26 671
2 28 323
2 53 696
2 66 553
3 26 68
3 168 991
3 192 181
3 203 892
3 225 339
3 317 870
3 366 149
3 524 24
3 539 743
3 582 122
3 646 960
3 113 640
3 170 435
3 176 949
3 386 520
4 10 79
4 21 955
4 28 150
4 129 410
4 203 58
4 320 627
4 368 103
4 389 927
4 400 889
4 458 505
4 589 328
4 670 55
4 15 309
4 37 466
4 59 133
5 45 27
5 95 871
5 129 22
5 217 483
5 245 386
5 255 611
5 288 953
5 578 994
5 624 971
5 650 279
5 676 978
5 684 668
5 6 219
5 90 45
5 410 378
5 521 79
6 8 12
6 37 811
6 97 710
6 125 715
6 163 224
6 373 643
6 434 826
6 473 172
6 607 459
6 615 869
6 618 534
6 680 65
6 11 813
6 33 881
6 36 342
6 49 787
6 77 564
6 162 580
7 41 797
7 112 887
7 173 305
7 200 519
7 270 745
7 279 419
7 451 221
7 468 996
7 490 999
7 638 707
7 12 374
7 268 486
7 369 360
7 564 814
8 121 954
8 160 666
8 196 571
8 299 120
8 356 963
8 358 259
8 364 844
8 369 976
8 419 527
8 505 828
8 604 126
8 613 275
8 644 33
8 660 63
9 137 835
9 157 632
9 215 507
9 220 710
9 515 188
9 585 946
9 650 441
9 1 380
9 17 194
9 63 999
9 75 945
9 82 287
10 177 527
10 272 269
10 275 671
10 405 835
10 475 704
10 617 471
10 67 919
10 112 565
10 197 203
10 536 960
11 50 285
11 242 882
11 399 191
11 518 994
11 617 423
11 16 451
11 64 341
12 44 142
12 120 476
12 169 184
12 180 736
12 208 763
12 233 705
12 323 446
12 457 490
12 518 469
12 679 327
12 206 673
12 228 331
12 447 625
13 19 123
13 105 281
13 177 861
13 198 162
13 202 944
13 310 313
13 481 176
13 14 39
13 18 936
13 104 929
13 494 350
14 29 360
14 63 896
14 284 966
14 405 649
14 509 991
14 560 248
14 572 134
14 676 909
14 32 451
14 245 999
14 317 326
14 657 703
15 23 14
15 88 68
15 121 190
15 236 401
15 238 780
15 242 639
15 261 252
15 293 31
15 325 175
15 343 22
15 380 154
15 582 77
15 601 291
15 669 559
15 9 900
15 12 562
15 20 570
15 163 381
15 335 710
15 485 444
15 499 617
15 575 479
16 49 584
16 216 577
16 221 172
16 241 749
16 324 981
16 472 57
16 606 315
16 34 91
16 85 259
16 133 799
16 156 699
17 27 485
17 32 489
17 36 76
17 117 299
17 266 16
17 271 145
17 370 771
17 414 337
17 466 311
17 4 421
17 12 496
17 21 470
17 23 30
18 83 93
18 87 335
18 95 613
18 234 527
18 323 495
18 394 677
18 469 912
18 545 456
18 637 403
18 670 291
18 697 800
18 30 22
18 39 673
18 41 969
18 70 613
18 192 761
18 211 560
19 42 618
19 100 192
19 112 550
19 130 89
19 270 802
19 577 432
19 608 136
19 637 391
19 51 340
19 87 631
19 232 635
19 241 835
20 60 683
20 211 961
20 247 730
20 316 384
20 337 944
20 388 277
20 462 177
20 493 50
20 546 69
20 623 365
20 142 452
20 227 11
21 89 357
21 201 284
21 222 965
21 246 489
21 294 486
21 300 673
21 448 391
21 615 849
21 639 834
21 642 788
21 681 207
21 22 262
21 27 293
21 52 912
21 177 811
21 250 361
21 299 60
21 534 806
22 196 827
22 261 112
22 330 198
22 342 371
22 478 55
22 485 733
22 657 139
22 24 284
22 43 130
22 151 63
23 77 751
23 123 53
23 212 788
23 284 42
23 366 952
23 425 726
23 445 720
23 520 368
23 630 57
23 25 923
23 56 92
23 65 16
23 218 328
23 355 502
23 545 289
24 74 336
24 203 345
24 374 89
24 376 993
24 391 169
24 404 533
24 489 645
24 497 410
24 627 515
24 659 50
24 38 378
24 148 891
24 164 913
24 356 87
25 44 489
25 99 581
25 167 835
25 198 683
25 254 747
25 274 265
25 323 467
25 337 458
25 353 391
25 576 627
25 595 287
25 667 552
25 670 22
25 15 914
25 454 779
26 111 5
26 166 110
26 241 435
26 269 257
26 301 982
26 368 494
26 410 597
26 506 101
26 573 33
26 600 125
26 648 981
26 419 826
27 106 50
27 266 33
27 267 634
27 302 318
27 337 884
27 377 128
27 548 158
27 593 87
27 31 481
27 88 845
27 304 310
27 333 982
27 336 498
28 172 141
28 239 712
28 281 567
28 569 489
28 35 827
28 42 540
28 44 666
28 72 105
28 264 66
29 44 354
29 225 691
29 230 801
29 286 369
29 376 67
29 439 611
29 587 726
29 639 496
29 115 900
29 315 641
30 37 238
30 38 391
30 117 237
30 268 955
30 354 566
30 401 302
30 413 879
30 420 192
30 424 948
30 464 584
30 541 661
30 564 797
30 591 837
30 610 535
30 627 551
30 661 881
30 22 833
30 45 307
30 278 682
30 287 400
30 403 232
30 672 186
31 106 511
31 124 894
31 188 64
31 298 589
31 322 305
31 407 764
31 509 139
31 522 80
31 529 264
31 631 854
31 668 567
31 127 996
31 149 490
31 153 235
31 168 363
31 307 110
31 334 663
32 49 40
32 135 514
32 222 357
32 519 818
32 658 329
32 11 729
32 46 398
32 128 382
33 90 496
33 97 372
33 199 319
33 255 197
33 272 838
33 313 826
33 319 942
33 670 76
33 54 695
33 71 349
33 147 10
33 392 655
34 37 92
34 97 808
34 247 983
34 273 200
34 316 233
34 346 748
34 386 482
34 600 158
34 626 785
34 639 340
34 648 357
34 672 10
34 1 276
34 47 750
34 55 769
34 57 167
34 294 468
35 104 399
35 170 176
35 208 988
35 324 935
35 368 987
35 559 661
35 671 952
35 520 633
36 60 935
36 122 412
36 287 517
36 428 492
36 439 992
36 519 922
36 598 31
36 617 853
36 623 67
36 13 491
36 40 410
36 209 897
36 518 960
37 53 982
37 132 313
37 139 402
37 200 279
37 326 444
37 359 399
37 366 8
37 387 17
37 507 286
37 694 846
37 32 41
37 96 943
37 118 535
38 68 977
38 76 657
38 124 196
38 185 839
38 257 163
38 311 93
38 319 72
38 482 409
38 549 692
38 658 222
38 663 489
38 680 78
38 688 614
38 342 719
38 353 145
38 470 211
38 696 424
39 147 726
39 150 799
39 210 8
39 305 652
39 401 711
39 403 47
39 410 584
39 431 319
39 446 897
39 460 550
39 461 791
39 629 879
39 664 560
39 186 492
39 281 132
40 42 519
40 143 214
40 211 994
40 248 736
40 405 598
40 444 780
40 617 517
40 50 620
40 84 982
40 511 972
41 68 292
41 142 962
41 176 907
41 387 921
41 542 304
41 667 143
41 146 790
41 184 470
42 58 374
42 68 826
42 85 174
42 164 277
42 170 645
42 239 358
42 242 217
42 322 469
42 433 309
42 470 267
42 514 252
42 135 677
42 240 273
43 109 770
43 137 218
43 155 718
43 221 540
43 537 649
43 552 113
43 569 198
43 586 160
43 680 748
43 26 977
44 86 899
44 228 920
44 300 466
44 477 171
44 511 941
44 676 194
44 14 699
44 136 162
45 161 841
45 188 723
45 214 54
45 249 246
45 322 478
45 348 771
45 400 837
45 410 818
45 431 904
45 524 478
45 543 887
45 548 769
45 622 724
45 641 536
45 91 901
45 155 489
45 308 484
45 344 807
45 377 59
46 61 672
46 68 994
46 307 81
46 377 189
46 382 779
46 389 722
46 552 234
46 609 823
46 623 756
46 651 333
46 12 970
46 36 778
46 78 955
46 120 933
46 357 904
46 411 130
46 527 773
46 537 749
46 641 108
47 83 820
47 234 422
47 439 822
47 488 1
47 563 193
47 580 264
47 646 179
47 79 273
47 339 488
48 117 239
48 177 652
48 222 323
48 368 695
48 394 494
48 430 658
48 61 651
48 62 115
48 143 618
49 76 356
49 169 279
49 185 193
49 317 858
49 637 347
49 692 650
49 6 15
49 16 988
49 60 374
49 73 596
49 74 17
49 670 720
50 169 54
50 211 668
50 353 480
50 662 497
50 95 490
50 389 585
50 627 883
51 122 186
51 165 207
51 179 241
51 223 296
51 468 943
51 596 881
51 675 330
51 158 177
52 86 156
52 102 101
52 289 223
52 361 179
52 364 275
52 373 655
52 395 180
52 439 496
52 583 139
52 612 660
52 6 150
52 303 327
52 329 681
53 67 32
53 165 980
53 183 553
53 265 442
53 277 236
53 557 873
53 586 859
53 660 120
53 666 401
53 684 351
53 689 937
53 98 59
53 273 244
54 56 590
54 104 955
54 151 944
54 211 634
54 235 801
54 283 604
54 326 113
54 394 698
54 566 490
54 579 614
54 131 925
54 415 252
54 611 988
55 91 813
55 182 800
55 191 255
55 203 380
55 482 776
55 615 612
55 669 503
55 3 811
55 231 521
55 366 752
55 413 970
56 95 692
56 140 176
56 274 45
56 361 765
56 401 954
56 424 749
56 496 515
56 557 584
56 565 357
56 605 531
56 670 891
56 24 553
56 68 181
56 178 235
56 554 971
57 62 108
57 349 741
57 384 403
57 401 897
57 405 695
57 506 825
57 537 443
57 599 62
57 34 331
57 109 502
57 132 811
57 188 862
58 66 572
58 83 714
58 101 725
58 131 382
58 153 660
58 159 139
58 167 84
58 236 560
58 266 666
58 503 415
58 535 513
58 582 691
58 2 386
58 32 308
58 107 542
58 121 48
59 83 880
59 297 214
59 299 460
59 366 733
59 369 291
59 393 689
59 500 210
59 504 781
59 656 114
59 678 954
59 249 301
59 390 16
59 578 308
59 635 109
60 264 547
60 513 823
60 548 15
60 588 382
60 603 287
60 605 238
60 649 468
60 263 136
60 270 470
61 82 204
61 219 702
61 506 643
61 659 829
61 675 611
61 12 29
61 83 768
61 137 297
61 159 788
61 181 454
61 422 951
61 497 280
62 210 730
62 296 272
62 582 532
62 656 961
62 14 528
62 53 761
62 213 81
62 274 603
63 74 447
63 190 977
63 192 77
63 196 870
63 209 600
63 243 125
63 264 146
63 293 397
63 371 323
63 656 608
63 667 568
63 260 661
64 186 683
64 364 62
64 384 759
64 394 574
64 453 870
64 480 102
64 487 120
64 522 145
64 662 699
64 102 446
64 242 887
64 372 995
65 133 847
65 199 50
65 324 220
65 380 917
65 382 59
65 423 767
65 511 446
65 512 776
65 518 988
65 550 99
65 583 652
65 642 516
65 668 189
65 55 902
65 93 887
66 81 154
66 110 26
66 187 484
66 307 665
66 386 0
66 548 735
66 629 194
66 659 515
66 671 869
67 125 373
67 151 501
67 156 570
67 174 932
67 196 66
67 296 357
67 355 833
67 609 271
67 632 400
67 645 411
67 697 279
67 76 584
67 557 614
68 92 22
68 93 288
68 122 126
68 206 848
68 209 940
68 281 291
68 637 163
68 694 105
68 69 479
68 81 987
68 117 808
68 222 871
68 272 271
68 445 331
69 152 738
69 253 862
69 263 238
69 304 18
69 478 818
69 576 295
69 603 17
69 626 100
69 86 267
69 282 675
69 449 472
70 109 345
70 144 280
70 156 494
70 197 1
70 225 818
70 241 256
70 272 515
70 320 601
70 347 170
70 513 686
70 608 232
70 643 240
70 646 467
70 664 136
70 124 971
71 158 656
71 226 221
71 297 433
71 332 485
71 338 429
71 397 835
71 497 369
71 590 183
71 678 809
71 683 201
71 2 842
71 80 407
71 125 702
71 219 516
71 371 197
71 434 738
72 121 721
72 401 618
72 448 670
72 476 88
72 486 68
72 615 324
72 630 353
72 34 116
72 348 32
73 133 425
73 176 463
73 229 22
73 236 399
73 297 72
73 504 521
73 695 564
73 89 700
74 269 131
74 421 680
74 423 426
74 439 502
74 446 527
74 478 467
74 526 766
74 545 177
74 563 318
74 604 894
74 643 21
74 663 671
74 1 626
74 13 719
74 141 267
74 221 419
74 428 545
74 432 388
75 219 558
75 239 699
75 241 746
75 265 876
75 355 865
75 365 85
75 410 267
75 455 538
75 506 817
75 561 968
75 254 526
76 245 328
76 275 151
76 371 410
76 426 675
76 487 27
76 488 859
76 558 918
76 70 178
76 139 391
76 346 462
77 136 927
77 149 939
77 163 364
77 249 664
77 307 43
77 317 418
77 325 969
77 335 529
77 390 174
77 488 87
77 625 836
77 658 600
77 679 490
77 183 94
77 288 694
77 321 968
77 652 591
78 232 955
78 15 844
78 33 524
78 47 991
78 100 864
78 351 353
78 544 615
79 86 560
79 134 37
79 175 672
79 426 182
79 520 66
79 522 193
79 584 813
79 424 444
79 510 510
80 106 586
80 183 679
80 272 698
80 330 913
80 376 93
80 494 357
80 617 520
80 698 467
80 40 521
80 67 448
80 97 771
80 110 453
80 114 672
81 244 836
81 297 687
81 404 755
81 430 61
81 464 199
81 505 774
81 563 527
81 579 800
81 589 201
81 38 490
81 64 695
81 465 323
82 183 864
82 203 490
82 206 318
82 304 683
82 312 528
82 349 47
82 369 491
82 389 271
82 489 470
82 613 93
82 626 632
82 632 814
82 647 806
82 10 676
82 11 772
82 94 348
82 140 850
82 150 64
82 681 782
83 408 180
83 416 724
83 468 815
83 470 968
83 496 768
83 625 228
83 652 467
83 123 704
83 182 420
83 616 766
84 91 548
84 275 577
84 462 384
84 528 107
84 610 989
84 651 407
84 658 750
84 469 471
84 666 256
85 245 703
85 283 945
85 357 867
85 483 905
85 544 228
85 555 100
85 566 10
85 574 644
85 629 700
85 636 805
85 72 187
85 296 959
85 395 533
86 147 23
86 243 30
86 279 763
86 583 990
86 591 596
86 593 384
86 681 778
86 690 454
86 694 47
86 67 33
86 92 194
86 338 677
87 221 240
87 239 287
87 254 498
87 256 850
87 305 155
87 322 185
87 412 32
87 456 602
87 468 722
87 492 998
87 632 561
87 658 586
87 16 488
87 30 501
87 210 611
87 328 107
87 668 17
88 137 18
88 156 871
88 185 195
88 221 162
88 223 903
88 286 703
88 320 117
88 333 907
88 391 900
88 398 388
88 513 531
88 688 429
88 20 238
88 101 135
89 105 197
89 147 262
89 362 283
89 369 192
89 423 252
89 430 374
89 483 571
89 488 607
89 507 951
89 512 317
89 531 295
89 550 154
89 37 747
89 63 606
89 154 262
89 160 427
89 194 440
89 398 666
89 495 849
90 365 211
90 369 731
90 391 27
90 606 973
91 178 719
91 212 768
91 266 923
91 271 435
91 348 226
91 367 433
91 481 308
91 30 408
91 62 763
91 89 995
91 172 165
91 311 126
92 114 413
92 164 979
92 284 907
92 419 945
92 459 874
92 495 723
92 541 126
92 569 350
92 634 714
92 656 842
92 243 250
93 333 671
93 400 964
93 478 143
93 486 635
93 609 911
93 651 100
93 77 529
93 165 767
93 320 999
94 110 888
94 158 431
94 246 362
94 338 896
94 367 148
94 373 628
94 382 283
94 491 430
94 624 896
94 108 531
94 189 241
95 101 124
95 129 638
95 135 760
95 206 904
95 259 4
95 272 653
95 282 574
95 362 314
95 377 986
95 387 369
95 401 310
95 480 416
95 501 555
95 515 204
95 534 675
95 571 724
95 649 105
95 690 16
95 17 895
95 252 305
95 297 546
96 182 849
96 205 264
96 427 697
96 520 508
96 604 28
96 636 977
96 680 926
96 25 139
96 67 542
96 79 582
96 180 916
96 196 693
96 201 50
97 243 492
97 278 450
97 281 739
97 346 826
97 630 946
97 638 778
97 654 784
97 688 211
97 54 903
97 68 169
97 446 439
97 506 222
97 570 107
97 579 484
98 557 430
98 19 436
98 39 58
98 47 115
98 99 726
98 103 305
98 122 584
99 141 805
99 143 965
99 270 82
99 390 669
99 554 151
99 560 5
99 616 188
99 624 152
99 642 440
99 82 710
99 111 627
99 312 356
100 247 837
100 313 101
100 355 511
100 388 278
100 473 982
100 520 26
100 646 503
100 68 153
100 157 792
100 202 419
100 265 681
101 266 679
101 301 812
101 306 672
101 324 721
101 325 735
101 376 650
101 446 660
101 491 368
101 498 99
101 515 2
101 534 270
101 552 564
101 648 510
101 677 899
101 679 345
101 681 366
101 60 487
101 74 442
101 119 519
101 476 463
102 184 688
102 264 998
102 372 39
102 463 835
102 19 850
102 65 323
102 99 627
102 401 472
102 431 856
102 530 582
102 631 323
102 650 731
103 131 505
103 150 848
103 186 317
103 224 656
103 386 276
103 488 223
103 571 722
103 632 841
103 23 120
103 70 883
103 293 829
104 111 14
104 151 812
104 440 585
104 487 37
104 506 543
104 574 677
104 602 309
104 614 264
104 629 75
104 13 124
104 60 629
104 105 809
104 171 601
105 201 729
105 323 41
105 443 231
105 513 460
105 552 399
105 555 736
105 584 182
106 113 490
106 130 12
106 204 652
106 219 734
106 289 322
106 382 93
106 541 335
106 546 687
106 606 598
106 613 405
106 665 588
106 271 272
106 429 917
107 167 542
107 190 763
107 422 287
107 445 526
107 582 480
107 590 627
107 656 846
107 3 435
107 56 351
107 77 825
107 289 919
107 698 197
108 260 956
108 365 204
108 454 686
108 536 272
108 558 671
108 591 654
108 603 412
108 31 123
108 145 233
108 407 961
108 639 808
109 147 944
109 199 462
109 220 532
109 347 145
109 367 616
109 420 142
109 433 687
109 453 869
109 477 842
109 494 217
109 514 537
109 540 171
109 42 559
109 45 504
109 607 71
110 185 331
110 278 78
110 501 876
110 611 666
110 642 778
110 676 419
110 684 728
110 11 474
110 130 287
110 224 780
110 378 360
111 193 850
111 218 41
111 343 398
111 420 628
111 674 851
111 697 741
111 53 777
111 60 723
111 61 97
111 88 976
111 198 228
111 302 975
112 123 363
112 127 991
112 130 118
112 336 344
112 389 613
112 420 170
112 447 118
112 476 566
112 561 126
112 604 109
112 640 611
113 178 36
113 192 701
113 199 342
113 348 231
113 349 278
113 492 506
113 550 895
113 625 680
113 659 103
113 24 149
113 195 792
113 237 873
113 332 266
114 128 255
114 129 53
114 184 314
114 369 79
114 506 689
114 644 28
114 651 229
114 608 671
115 117 174
115 139 642
115 652 82
115 663 283
115 36 472
115 116 674
115 442 422
116 152 609
116 165 328
116 220 579
116 258 769
116 320 741
116 405 425
116 627 895
116 83 372
116 90 943
116 134 79
116 370 230
117 197 309
117 205 786
117 301 833
117 492 201
117 535 44
117 554 970
117 621 830
117 47 463
117 60 818
117 179 859
117 216 107
117 313 51
117 661 903
118 253 74
118 419 153
118 529 231
118 634 295
118 642 255
118 8 925
118 126 226
118 205 28
118 207 492
118 280 238
119 130 779
119 154 679
119 167 191
119 301 507
119 360 932
119 501 910
119 523 261
119 34 925
119 48 275
119 53 510
119 82 751
119 138 593
119 284 438
120 178 245
120 207 832
120 389 566
120 394 861
120 422 638
120 533 962
120 584 74
120 373 586
120 549 39
121 484 2
121 524 924
121 540 716
121 676 583
121 42 610
121 200 48
122 181 169
122 359 735
122 552 862
122 565 375
122 9 184
122 129 360
122 174 290
122 190 401
122 376 405
122 687 287
123 138 299
123 331 107
123 404 593
123 636 494
123 49 736
123 98 734
123 553 636
124 273 687
124 382 832
124 413 531
124 494 908
124 538 442
124 610 861
124 33 198
124 49 769
124 71 127
124 93 15
124 100 245
124 217 730
124 248 894
125 170 647
125 180 568
125 246 845
125 262 732
125 264 329
125 364 39
125 374 715
125 402 837
125 472 797
125 500 208
125 542 179
125 660 937
125 4 395
125 73 722
125 87 663
126 137 959
126 184 620
126 301 957
126 366 90
126 373 590
126 387 775
126 536 378
126 579 636
126 617 493
126 22 200
126 45 301
126 59 635
127 130 422
127 226 580
127 314 499
127 476 741
127 485 230
127 526 331
127 117 835
128 221 429
128 294 425
128 351 763
128 365 356
128 472 67
128 594 608
128 101 953
128 379 877
129 215 660
129 319 473
129 401 812
129 431 729
129 563 115
129 571 674
129 614 298
129 641 375
129 648 850
129 680 20
129 7 44
129 90 300
129 522 256
129 523 29
130 267 296
130 346 20
130 389 477
130 414 186
130 513 514
130 564 496
130 669 672
130 679 835
130 681 671
130 2 849
130 31 345
130 129 259
130 416 455
130 596 242
131 298 766
131 359 285
131 628 964
131 75 25
131 81 787
131 98 393
131 325 998
131 555 118
132 134 364
132 173 75
132 373 866
132 381 386
132 508 342
132 599 592
132 629 812
132 698 904
132 71 510
132 75 874
132 82 342
132 161 788
132 326 646
132 380 441
132 489 155
132 646 505
133 143 234
133 226 947
133 297 947
133 602 13
133 603 70
133 609 816
133 685 414
133 215 964
134 194 646
134 212 836
134 223 422
134 228 184
134 232 247
134 304 437
134 345 939
134 355 131
134 375 666
134 377 70
134 383 125
134 450 64
134 495 736
134 565 339
134 620 608
134 682 331
134 16 450
134 110 782
134 144 510
134 331 991
135 143 847
135 231 366
135 251 132
135 510 387
135 520 176
135 557 68
135 676 500
135 688 0
136 146 193
136 257 64
136 325 151
136 393 138
136 589 237
136 601 912
136 616 682
136 619 6
136 621 377
136 627 714
136 649 938
136 685 177
136 66 225
136 83 306
137 142 725
137 201 292
137 227 990
137 232 599
137 238 129
137 247 991
137 251 536
137 268 352
137 326 461
137 345 919
137 378 239
137 594 344
137 618 671
137 619 53
137 35 712
137 99 172
138 291 347
138 302 833
138 354 519
138 425 311
138 520 656
138 676 331
138 15 169
138 128 971
139 292 864
139 396 142
139 419 544
139 429 217
139 468 59
139 667 36
139 32 210
139 132 684
139 166 391
139 255 670
139 385 966
139 409 974
140 206 236
140 271 656
140 335 223
140 480 288
140 526 985
140 545 828
140 38 201
140 301 60
141 211 705
141 293 619
141 323 481
141 376 656
141 384 254
141 425 142
141 484 701
141 69 810
141 104 570
141 381 97
142 175 567
142 334 996
142 400 603
142 549 695
142 559 802
142 52 253
142 383 847
142 391 782
143 188 788
143 193 866
143 341 335
143 351 747
143 365 529
143 387 433
143 448 444
143 482 434
143 501 506
143 539 328
143 547 86
143 583 600
143 587 153
143 599 808
143 641 121
143 679 91
143 690 199
143 16 631
143 66 178
143 456 492
144 275 431
144 358 314
144 613 63
144 665 555
144 697 820
144 66 809
144 269 802
145 159 76
145 177 722
145 318 591
145 385 701
145 441 877
145 455 89
145 472 415
145 524 204
145 623 291
145 89 95
145 129 778
145 430 965
145 574 691
146 189 920
146 230 177
146 278 359
146 380 100
146 384 457
146 510 310
146 516 375
146 642 367
146 7 804
146 12 748
146 305 530
146 460 250
147 150 335
147 372 246
147 462 325
147 506 19
147 583 991
147 641 966
147 106 388
147 120 145
147 175 178
147 229 757
148 149 628
148 200 273
148 216 277
148 425 497
148 498 237
148 509 651
148 533 88
148 562 365
148 584 86
149 153 691
149 155 104
149 169 80
149 181 125
149 218 248
149 259 273
149 311 341
149 399 284
149 478 786
149 488 395
149 558 781
149 581 358
149 629 556
149 31 731
150 243 557
150 331 294
150 366 159
150 432 285
150 477 893
150 519 992
150 103 92
150 105 65
150 152 430
151 170 109
151 252 595
151 349 128
151 418 482
151 564 853
151 566 187
151 686 544
151 688 360
151 84 480
151 246 824
152 291 730
152 384 72
152 418 447
152 475 109
152 479 734
152 483 537
152 492 320
152 677 170
152 689 375
152 109 940
152 220 169
152 244 144
152 251 970
152 572 976
153 155 250
153 237 590
153 242 858
153 275 665
153 321 374
153 379 782
153 577 796
153 627 968
153 11 153
153 91 270
153 117 271
153 124 409
153 556 779
154 158 742
154 257 942
154 284 593
154 335 769
154 393 282
154 415 630
154 432 403
154 468 511
154 493 241
154 498 63
154 558 923
154 584 414
154 592 524
154 605 538
154 683 211
154 15 85
154 53 156
154 78 132
154 93 741
154 150 580
155 209 250
155 225 892
155 254 33
155 337 918
155 354 689
155 484 980
155 487 757
155 501 371
155 634 386
155 650 775
155 664 996
155 0 500
155 1 630
155 64 887
155 86 844
155 143 599
155 239 100
155 374 228
156 220 363
156 233 555
156 272 322
156 285 213
156 321 249
156 418 347
156 459 549
156 518 998
156 570 144
156 167 729
156 290 350
157 179 333
157 206 950
157 364 961
157 517 952
157 586 591
157 589 448
157 619 914
157 630 137
157 646 579
157 664 256
157 116 441
157 153 769
158 161 675
158 265 460
158 345 407
158 536 273
158 613 787
158 81 336
158 141 878
158 276 602
158 292 56
159 232 180
159 282 482
159 297 222
159 324 872
159 369 460
159 547 340
159 566 776
159 571 666
159 574 952
159 591 610
159 621 332
159 678 956
159 19 453
159 318 376
159 323 546
159 482 285
160 260 777
160 307 432
160 343 243
160 509 926
160 660 640
160 674 815
160 9 123
160 117 652
160 214 998
161 296 95
161 325 376
161 341 435
161 354 33
161 379 188
161 402 540
161 412 169
161 419 1000
161 660 556
161 20 302
161 48 383
161 147 854
161 223 403
161 638 964
162 221 597
162 265 369
162 332 585
162 370 836
162 449 21
162 464 900
162 533 190
162 685 25
162 692 877
162 97 263
162 108 861
163 266 161
163 313 733
163 316 234
163 350 317
163 444 314
163 521 683
163 527 687
163 545 808
163 630 952
163 685 4
163 42 320
163 89 245
163 98 775
164 218 879
164 305 316
164 353 916
164 358 590
164 381 547
164 453 146
164 556 894
164 651 565
164 42 775
164 150 675
164 187 804
164 262 359
164 310 35
164 656 562
165 287 780
165 434 283
165 439 759
165 504 786
165 563 493
165 597 793
165 615 38
165 661 19
165 681 269
165 9 757
165 74 378
165 93 599
165 97 249
166 350 301
166 378 883
166 405 816
166 585 76
166 607 37
166 38 604
166 85 204
166 88 701
166 129 37
166 169 422
166 365 133
167 175 86
167 221 338
167 255 833
167 316 357
167 375 572
167 379 231
167 497 54
167 75 176
167 131 381
167 185 385
167 191 177
167 367 42
167 450 416
168 170 606
168 223 386
168 376 297
168 435 63
168 450 4
168 467 65
168 498 828
168 506 524
168 551 414
168 610 628
168 73 785
168 109 871
168 110 362
168 159 124
169 218 906
169 230 626
169 374 851
169 383 363
169 536 341
169 564 372
169 646 399
169 661 504
169 2 196
169 107 246
169 291 675
170 285 324
170 290 348
170 327 747
170 345 69
170 468 690
170 515 71
170 569 649
170 595 13
170 611 487
170 656 188
170 697 9
170 63 733
170 138 976
170 145 21
170 167 874
170 443 1000
171 395 131
171 417 629
171 419 349
171 482 121
171 28 988
171 58 420
171 69 163
171 109 421
171 199 9
171 642 998
172 173 626
172 191 251
172 202 633
172 216 879
172 304 924
172 403 49
172 482 818
172 534 809
172 1 162
172 2 428
172 31 303
172 85 811
172 610 679
173 176 454
173 315 886
173 390 655
173 482 846
173 629 365
173 21 996
173 88 92
173 99 932
173 358 66
174 314 674
174 335 642
174 371 344
174 387 562
174 401 32
174 432 597
174 497 968
174 552 896
174 566 664
174 634 303
174 650 872
174 18 567
174 41 679
174 151 498
174 169 378
174 587 712
175 391 804
175 417 305
175 547 998
175 608 65
175 660 94
175 673 401
175 55 98
175 76 741
176 225 764
176 294 182
176 377 983
176 617 12
176 659 472
176 679 596
176 8 810
176 76 198
176 86 994
176 467 830
176 529 874
177 213 858
177 235 744
177 244 160
177 289 333
177 346 888
177 367 570
177 418 321
177 503 826
177 545 103
177 550 444
177 618 774
177 630 65
177 637 508
177 661 895
177 104 487
177 173 957
177 225 202
177 258 1000
178 199 645
178 211 200
178 312 813
178 315 748
178 409 543
178 460 775
178 475 599
178 488 272
178 496 473
178 553 375
178 687 638
178 60 531
178 72 879
178 76 228
178 96 489
178 112 421
178 144 968
178 175 34
178 382 893
178 541 100
179 279 189
179 356 394
179 362 98
179 410 820
179 576 448
179 649 91
179 694 101
180 192 241
180 200 32
180 231 980
180 245 196
180 301 120
180 310 158
180 338 140
180 382 874
180 471 94
180 472 790
180 599 993
180 683 913
180 425 375
181 213 575
181 288 250
181 307 292
181 342 58
181 417 92
181 428 333
181 612 816
181 638 522
181 2 465
181 34 723
181 49 944
181 71 553
182 236 769
182 253 753
182 254 814
182 393 176
182 445 126
182 448 958
182 539 971
182 552 183
182 563 964
182 575 626
182 594 886
182 642 822
182 670 909
182 34 968
182 60 566
182 106 899
182 132 204
182 175 440
182 180 305
182 405 491
183 218 307
183 242 246
183 268 291
183 272 664
183 358 74
183 513 569
183 562 769
183 606 350
183 690 610
183 695 512
183 43 188
183 81 71
183 121 656
183 180 65
183 279 715
183 345 728
183 459 380
183 479 234
184 198 515
184 226 803
184 303 52
184 349 684
184 441 892
184 612 62
184 640 146
184 655 29
184 656 508
184 60 457
184 72 331
184 103 956
184 343 164
184 347 335
184 539 554
184 623 558
185 233 176
185 282 298
185 497 74
185 514 422
185 643 810
185 170 122
185 453 747
185 559 670
186 199 571
186 250 89
186 359 29
186 461 647
186 634 440
186 663 895
187 258 39
187 284 686
187 489 511
187 511 938
187 535 885
187 536 626
187 591 110
187 132 228
187 473 388
188 449 525
188 495 634
188 557 300
188 601 32
188 669 666
189 392 312
189 416 90
189 547 783
189 638 605
189 640 660
189 649 557
189 667 345
189 14 902
189 163 724
189 171 327
190 193 405
190 278 394
190 304 844
190 314 47
190 328 538
190 347 41
190 402 481
190 425 776
190 448 928
190 528 204
190 530 564
190 50 767
190 129 140
190 204 859
190 266 278
191 193 170
191 205 858
191 218 631
191 222 976
191 298 862
191 329 524
191 376 536
191 515 417
191 173 12
191 175 228
192 222 449
192 272 623
192 457 668
192 486 794
192 533 8
192 673 41
192 10 908
192 23 653
192 49 547
192 70 910
192 92 705
192 148 648
193 198 741
193 283 292
193 301 70
193 440 582
193 513 40
193 603 646
193 364 146
194 240 73
194 272 921
194 298 932
194 330 493
194 509 545
194 512 237
194 594 853
194 620 80
194 16 986
194 52 593
194 118 521
194 128 119
194 169 500
194 208 7
195 242 966
195 281 218
195 315 685
195 478 941
195 566 451
195 587 973
195 595 857
195 632 152
195 633 267
195 8 175
196 248 281
196 355 206
196 435 168
196 576 795
196 579 987
196 153 419
196 466 462
197 327 24
197 332 585
197 428 287
197 436 891
197 473 252
197 607 648
197 174 268
198 288 646
198 342 30
198 407 660
198 451 672
198 465 716
198 580 468
198 629 493
198 634 290
198 27 400
198 33 228
198 66 745
198 70 861
198 110 588
198 181 25
198 212 744
198 247 72
199 216 374
199 383 779
199 388 610
199 476 290
199 599 206
199 601 923
199 656 96
199 0 383
199 36 110
199 52 638
200 317 902
200 37 632
200 58 747
200 126 520
200 166 497
200 674 420
201 314 929
201 316 800
201 354 112
201 400 241
201 450 590
201 453 846
201 525 169
201 620 505
201 643 673
201 645 452
201 52 653
201 66 78
201 234 525
201 275 466
202 206 962
202 290 418
202 383 959
202 416 119
202 439 810
202 533 745
202 5 544
202 78 696
202 199 562
202 362 906
202 426 630
203 215 248
203 255 880
203 411 381
203 553 663
203 692 808
203 11 95
203 159 219
203 166 644
203 185 166
203 235 754
204 273 168
204 281 864
204 547 562
204 678 616
204 78 743
204 87 665
204 691 319
205 266 27
205 272 845
205 294 145
205 296 478
205 316 960
205 430 243
205 437 492
205 470 567
205 533 386
205 539 900
205 566 203
205 584 8
205 662 599
205 681 780
205 688 522
205 54 314
205 102 152
205 119 698
206 274 790
206 307 16
206 373 507
206 442 527
206 467 829
206 84 414
206 86 226
206 182 613
207 360 286
207 367 84
207 422 621
207 496 567
207 511 76
207 519 299
207 536 311
207 630 185
207 649 89
207 689 884
207 141 191
207 156 706
207 169 381
208 280 278
208 294 474
208 378 125
208 395 367
208 403 549
208 469 204
208 499 314
208 513 18
208 540 180
208 611 547
208 612 319
208 85 262
209 413 132
209 415 845
209 473 393
209 487 256
209 532 608
209 534 589
209 557 845
209 580 322
209 47 379
209 123 460
209 127 902
210 279 631
210 300 140
210 544 491
210 19 804
210 134 119
210 143 96
210 158 31
210 175 407
211 308 207
211 372 538
211 441 700
211 537 744
211 557 650
211 575 354
211 677 952
211 178 928
211 679 468
212 384 186
212 462 137
212 592 14
212 626 9
212 78 848
212 156 991
212 160 976
212 226 983
212 393 36
213 278 126
213 285 382
213 298 186
213 553 930
213 661 920
213 668 676
213 83 947
213 230 434
214 315 304
214 451 681
214 614 959
214 615 313
214 120 284
214 131 315
214 148 18
214 408 443
215 322 618
215 332 686
215 373 775
215 382 406
215 383 297
215 403 686
215 503 886
215 636 656
215 44 783
215 109 801
215 110 286
215 238 623
215 586 666
216 240 101
216 294 229
216 331 718
216 342 209
216 356 708
216 379 546
216 425 263
216 564 748
216 621 912
216 85 727
216 99 957
217 271 585
217 275 930
217 290 748
217 318 219
217 346 577
217 352 120
217 648 174
217 49 79
217 122 477
217 211 986
218 296 58
218 317 487
218 364 938
218 366 35
218 382 417
218 423 402
218 569 807
218 587 265
218 646 394
218 25 952
218 53 490
218 60 293
218 199 72
218 322 732
219 263 98
219 307 500
219 322 419
219 332 985
219 346 531
219 431 412
219 458 250
219 578 919
219 656 789
219 683 409
219 13 752
219 140 454
219 360 973
219 471 778
220 247 661
220 288 3
220 521 306
220 558 899
220 671 820
220 689 801
220 62 251
220 80 742
220 86 142
220 176 384
220 188 645
220 256 853
221 306 724
221 405 414
221 568 43
221 608 971
221 50 924
221 95 887
221 253 777
221 397 419
221 492 190
222 360 816
222 383 358
222 400 305
222 431 998
222 499 360
222 521 22
222 536 858
222 559 623
222 630 735
222 680 684
222 688 474
222 14 916
222 157 537
222 663 298
223 316 635
223 445 398
223 588 455
223 640 596
223 659 699
223 685 918
223 696 163
223 91 909
223 106 704
223 188 838
223 233 21
224 237 867
224 352 465
224 439 390
224 656 575
224 696 29
225 280 56
225 344 620
225 381 942
225 474 431
225 486 445
225 674 452
225 55 616
225 106 913
226 234 876
226 243 226
226 270 595
226 376 202
226 415 376
226 490 42
226 559 545
226 588 983
226 78 372
226 236 147
226 300 472
227 332 404
227 335 138
227 500 798
227 560 645
227 562 98
227 639 338
227 15 680
227 48 990
227 125 860
227 145 16
227 203 236
227 612 827
227 693 588
228 288 26
228 299 204
228 304 206
228 408 937
228 502 421
228 571 872
228 55 866
228 261 866
229 247 796
229 295 482
229 320 366
229 372 153
229 454 328
229 484 165
229 622 709
229 110 226
229 144 980
229 283 103
229 316 227
230 373 951
230 438 9
230 585 43
230 620 19
230 35 484
230 66 664
230 199 858
230 259 120
230 624 277
231 285 416
231 364 474
231 432 681
231 452 648
231 511 734
231 544 739
231 60 928
231 77 538
231 141 280
231 172 922
231 206 467
231 217 88
231 225 635
231 230 208
232 285 421
232 298 446
232 407 916
232 505 676
232 515 770
232 537 712
232 571 429
232 610 712
232 676 656
233 252 423
233 291 488
233 320 380
233 333 133
233 352 921
233 365 456
233 416 901
233 447 1000
233 498 899
233 526 991
233 580 865
233 615 681
233 643 521
233 658 243
233 146 163
233 197 611
233 298 109
234 236 140
234 257 707
234 359 849
234 392 727
234 396 86
234 403 262
234 451 306
234 469 0
234 512 171
234 626 27
234 41 1
234 129 991
234 486 782
235 397 29
235 488 732
235 571 170
235 587 270
235 667 40
235 81 971
235 158 690
235 186 84
235 217 252
235 230 831
235 519 207
236 303 520
236 316 323
236 382 933
236 404 802
236 441 783
236 493 214
236 501 627
236 596 478
236 626 947
236 698 507
236 477 869
237 468 45
237 556 521
237 651 677
237 692 956
237 183 79
237 198 857
237 227 915
238 257 851
238 305 772
238 404 271
238 451 308
238 469 637
238 547 662
238 591 819
238 603 956
238 45 113
238 68 107
238 202 963
239 264 906
239 394 375
239 418 527
239 425 953
239 550 710
239 620 695
239 669 374
239 13 95
239 81 928
239 87 744
239 225 330
239 229 627
239 309 926
239 546 774
240 276 37
240 358 994
240 397 85
240 447 378
240 460 737
240 547 843
240 36 360
240 96 23
240 142 740
240 166 893
240 214 138
241 287 846
241 363 194
241 372 359
241 382 983
241 434 200
241 480 785
241 502 997
241 517 585
241 613 210
241 53 584
241 162 541
241 170 586
241 330 471
242 348 24
242 365 33
242 558 588
242 578 367
242 685 737
242 30 247
242 72 563
242 676 266
243 245 88
243 250 962
243 313 786
243 330 993
243 342 536
243 385 841
243 414 965
243 427 536
243 447 150
243 462 112
243 473 452
243 509 777
243 103 855
243 164 526
243 183 436
244 271 298
244 366 886
244 497 611
244 39 949
244 49 164
244 89 538
244 116 963
244 626 10
245 304 730
245 312 343
245 314 474
245 565 890
245 608 870
245 620 744
245 11 397
245 23 744
245 75 852
245 257 483
246 253 371
246 294 585
246 297 918
246 450 704
246 242 350
246 337 625
247 303 328
247 386 751
247 401 511
247 526 797
247 630 316
247 672 95
247 678 301
247 106 383
247 134 38
247 227 605
247 286 535
248 348 182
248 419 395
248 538 838
248 545 903
248 552 450
248 567 800
248 607 438
248 676 811
248 124 659
248 127 443
248 155 192
249 310 612
249 489 328
249 542 175
249 546 530
249 581 551
249 42 112
249 57 703
249 125 280
249 185 835
249 242 475
249 658 311
250 392 49
250 483 207
250 499 1
250 583 560
250 605 849
250 615 346
250 632 897
250 695 943
250 158 132
250 197 996
250 580 810
251 346 628
251 381 475
251 493 141
251 534 558
251 560 519
251 577 108
251 586 775
251 645 193
251 666 516
251 12 862
251 13 26
251 36 43
251 39 189
251 185 423
251 193 566
251 207 691
252 267 141
252 286 177
252 328 937
252 366 327
252 446 596
252 614 46
252 619 49
252 38 2
252 74 698
252 78 358
252 151 286
252 375 849
252 400 659
252 584 399
253 406 526
253 409 813
253 455 352
253 618 573
253 623 727
253 36 950
253 116 568
253 340 636
254 378 816
254 490 462
254 564 164
254 607 9
254 673 354
254 696 440
254 114 290
254 143 608
254 267 344
254 659 253
255 348 121
255 353 500
255 540 857
255 605 386
255 699 99
255 147 958
255 188 856
255 229 396
255 277 727
256 293 213
256 317 325
256 330 552
256 450 238
256 463 185
256 533 275
256 636 332
256 106 220
256 115 924
256 188 1000
256 237 435
257 431 286
257 518 944
257 564 69
257 628 158
257 640 852
257 6 759
257 51 476
257 55 728
257 192 73
257 241 277
258 275 519
258 386 72
258 421 119
258 473 449
258 642 169
258 122 479
258 167 678
258 241 968
259 266 694
259 306 244
259 347 699
259 394 1000
259 495 304
259 510 456
259 543 596
259 590 665
259 29 930
259 117 434
259 208 182
259 227 386
259 295 704
260 312 936
260 364 105
260 385 737
260 402 735
260 452 527
260 479 964
260 524 37
260 551 687
260 609 398
260 672 831
260 91 203
260 142 627
260 149 418
260 198 692
260 200 576
261 335 796
261 545 446
261 570 524
261 639 650
261 1 881
261 151 449
261 232 64
261 260 183
262 355 293
262 381 819
262 398 203
262 442 426
262 541 809
262 116 887
262 183 733
263 459 227
263 46 487
263 116 391
263 128 749
263 146 79
263 414 156
264 268 197
264 284 314
264 293 156
264 352 990
264 599 649
264 616 144
264 667 752
264 670 713
264 0 602
264 25 931
264 50 334
264 79 938
264 167 91
264 209 1
265 299 278
265 399 606
265 458 620
265 510 312
265 511 736
265 640 833
265 652 38
265 673 483
265 31 203
265 52 489
265 94 603
265 148 170
265 215 815
266 276 69
266 325 986
266 375 431
266 397 380
266 606 52
266 83 970
266 89 280
266 199 494
266 220 572
266 399 177
266 571 161
267 301 163
267 406 91
267 418 974
267 544 274
267 552 946
267 634 916
267 0 433
267 47 120
267 101 315
267 120 866
267 151 186
268 284 135
268 353 910
268 428 615
268 475 549
268 494 491
268 571 555
268 608 437
268 648 915
268 90 905
268 93 323
268 94 623
268 103 752
268 350 295
268 589 451
269 278 970
269 388 502
269 437 140
269 474 326
269 543 111
269 695 610
269 19 806
269 33 125
269 599 518
270 301 601
270 378 709
270 439 272
270 498 827
270 572 659
270 96 877
270 131 139
270 205 299
270 228 589
270 478 856
270 630 655
271 429 45
271 568 476
271 647 476
271 649 621
271 665 486
271 31 978
271 120 152
271 123 822
271 141 163
271 168 558
271 184 284
271 202 739
271 239 971
272 290 94
272 298 146
272 391 919
272 422 812
272 468 695
272 498 397
272 541 115
272 556 715
272 662 419
273 291 247
273 461 14
273 515 230
273 530 938
273 565 943
273 573 553
273 609 742
273 646 315
273 9 811
273 58 970
273 73 902
273 85 720
273 95 664
273 104 918
273 135 474
273 143 505
273 228 688
273 632 236
274 483 11
274 501 430
274 590 814
274 612 104
274 667 792
274 687 459
274 110 826
275 399 416
275 448 27
275 509 269
275 539 114
275 578 727
275 674 638
275 27 854
276 303 640
276 313 611
276 496 850
276 554 252
276 7 997
276 108 575
277 568 518
277 573 668
277 580 465
277 590 869
277 9 43
277 19 747
277 42 782
277 126 146
277 146 641
277 199 173
278 290 588
278 327 4
278 372 613
278 526 358
278 613 274
278 654 544
278 657 625
278 690 978
278 694 291
278 22 759
278 209 164
278 455 432
279 283 861
279 299 448
279 321 191
279 393 436
279 400 990
279 412 617
279 514 271
279 583 886
279 635 300
279 0 386
279 140 86
279 229 66
279 242 658
279 588 851
280 288 369
280 346 361
280 557 426
280 33 683
280 37 690
280 135 934
280 211 338
280 263 139
281 381 441
281 442 957
281 536 680
281 1 857
281 62 775
281 199 555
281 232 165
282 391 579
282 392 53
282 518 654
282 558 310
282 614 13
282 63 501
282 99 921
282 111 218
282 122 80
282 198 744
282 341 753
283 357 81
283 387 865
283 481 713
283 652 345
283 39 143
283 48 50
283 63 886
283 99 324
283 110 572
283 127 933
283 156 836
283 282 905
284 404 411
284 420 985
284 436 577
284 570 981
284 574 713
284 601 685
284 619 525
284 658 10
284 34 425
284 67 897
284 162 33
284 363 80
285 322 979
285 330 334
285 340 451
285 532 91
285 661 258
285 674 597
285 5 17
285 13 234
285 22 869
285 59 661
285 266 649
285 267 97
285 592 125
286 315 850
286 327 40
286 348 543
286 416 859
286 498 676
286 530 966
286 632 740
286 644 546
286 679 1
286 698 690
286 41 276
286 81 366
286 177 338
286 406 433
286 444 572
287 358 216
287 454 909
287 517 503
287 585 616
287 588 800
287 660 704
287 404 184
288 335 29
288 355 299
288 538 716
288 9 243
288 72 291
288 185 890
288 210 447
289 326 883
289 459 177
289 460 774
289 573 876
289 607 936
289 612 467
289 664 711
289 665 16
289 42 394
289 119 138
289 151 302
289 163 878
290 325 350
290 409 310
290 470 604
290 531 343
290 80 825
290 120 106
290 124 950
290 129 121
290 139 510
290 361 263
291 363 447
291 384 316
291 524 822
291 692 965
291 30 159
291 87 107
291 116 498
291 137 937
291 244 629
291 268 900
292 333 119
292 406 480
292 418 908
292 574 58
292 592 472
292 633 508
292 654 206
292 656 285
292 677 741
292 2 735
292 8 756
292 51 243
292 225 342
292 349 477
293 306 625
293 309 749
293 384 332
293 550 418
293 564 133
293 15 481
293 46 306
293 49 915
293 53 374
293 61 191
293 202 922
293 204 114
293 208 826
293 683 436
294 443 408
294 694 521
294 161 754
295 540 482
295 579 232
295 628 239
295 153 738
295 224 192
295 269 36
295 547 904
296 311 329
296 351 484
296 367 706
296 424 671
296 22 711
296 157 876
296 512 983
297 302 906
297 323 748
297 350 352
297 470 41
297 577 576
297 597 712
297 602 554
297 682 751
297 51 176
297 90 630
297 105 703
297 121 878
297 153 820
297 198 816
297 240 331
297 692 286
298 332 83
298 511 427
298 648 222
298 1 511
298 314 295
298 481 313
299 317 684
299 383 580
299 399 418
299 444 826
299 447 260
299 477 852
299 609 406
299 644 331
299 78 468
299 81 351
299 88 268
299 116 397
299 165 994
299 306 285
299 500 81
300 338 971
300 345 350
300 384 555
300 436 99
300 573 88
300 654 816
300 677 933
300 30 41
300 54 998
300 66 802
300 280 723
301 381 949
301 553 199
301 580 918
301 585 57
301 616 527
301 646 268
301 20 953
301 31 314
301 48 373
301 60 976
301 110 641
301 112 467
301 134 684
301 194 243
301 197 959
301 261 911
302 338 650
302 361 638
302 442 679
302 456 311
302 544 545
302 80 348
302 123 281
302 153 234
302 173 613
302 183 524
302 247 245
303 328 858
303 349 434
303 410 499
303 419 364
303 425 373
303 460 930
303 498 774
303 499 521
303 542 532
303 49 333
303 122 752
303 146 902
303 167 622
303 200 191
303 274 823
304 515 887
304 660 424
304 50 906
304 51 204
304 60 792
304 71 253
304 134 588
304 258 743
304 648 312
305 322 645
305 429 966
305 482 194
305 525 240
305 604 585
305 609 46
305 637 732
305 26 890
305 148 784
305 225 167
305 257 723
305 268 333
305 387 417
305 625 978
306 317 248
306 455 143
306 470 958
306 474 584
306 521 508
306 626 698
306 678 221
306 137 469
306 168 866
306 194 921
306 213 341
306 272 813
306 319 513
306 531 814
307 433 912
307 447 209
307 604 765
307 618 210
307 644 707
307 29 587
307 78 816
307 113 808
307 153 557
308 401 226
308 500 215
308 527 932
308 60 748
308 128 172
308 166 455
309 369 90
309 405 605
309 437 293
309 469 362
309 492 677
309 508 414
309 531 308
309 585 841
309 588 65
309 689 209
309 690 672
309 72 128
309 78 829
309 101 997
309 129 634
309 186 892
309 199 71
310 321 420
310 336 85
310 585 688
310 629 972
310 660 716
310 5 873
310 178 277
310 290 468
310 421 366
311 447 161
311 498 181
311 590 328
311 274 992
311 301 663
312 376 680
312 396 955
312 403 118
312 467 495
312 576 715
312 623 848
312 668 896
312 691 261
312 77 885
312 106 791
312 126 96
312 184 552
312 187 635
312 274 913
313 326 963
313 335 4
313 421 752
313 664 868
313 57 894
313 103 429
313 113 314
313 150 751
313 245 381
313 249 910
313 468 457
314 373 4
314 379 343
314 394 2
314 495 103
314 520 485
314 538 683
314 15 466
314 32 595
314 68 288
314 93 611
314 99 444
314 136 77
314 261 850
314 433 901
315 363 843
315 417 760
315 435 224
315 437 839
315 492 569
315 542 61
315 653 848
315 675 246
315 128 659
315 137 734
316 350 820
316 377 145
316 427 570
316 446 247
316 447 450
316 476 406
316 544 750
316 613 363
316 627 271
316 22 887
316 56 376
316 226 974
316 228 281
316 309 957
317 375 509
317 389 93
317 411 845
317 685 477
317 688 769
317 8 856
317 180 855
317 191 881
317 257 235
318 328 251
318 445 522
318 534 261
318 565 466
318 584 801
318 639 963
318 648 325
318 173 300
318 283 340
318 315 296
319 341 743
319 408 61
319 528 302
319 552 358
319 560 320
319 110 46
319 352 609
319 461 828
320 425 314
320 488 98
320 86 789
320 89 231
320 112 27
320 116 916
320 220 17
320 252 295
320 275 840
321 425 253
321 522 978
321 526 652
321 547 988
321 591 892
321 693 981
321 121 639
321 283 745
321 293 989
321 317 423
321 528 652
322 352 141
322 385 377
322 444 720
322 489 605
322 540 516
322 565 96
322 607 827
322 648 668
322 651 348
322 674 516
322 690 693
322 699 742
322 4 325
322 116 331
322 121 339
322 174 471
322 235 143
322 291 254
323 378 655
323 397 952
323 404 332
323 538 499
323 550 697
323 584 726
323 595 544
323 616 760
323 627 783
323 14 939
323 15 485
323 148 748
323 302 570
324 341 912
324 378 475
324 561 446
324 578 232
324 652 106
324 127 309
324 138 401
324 168 100
324 257 50
325 370 601
325 397 971
325 418 46
325 475 541
325 484 293
325 20 807
325 80 441
325 107 180
325 125 934
325 174 310
325 236 733
325 267 603
325 675 367
326 358 611
326 476 580
326 512 956
326 595 33
326 616 83
326 647 563
326 650 166
326 666 940
326 75 45
326 110 759
326 299 989
326 448 688
327 348 975
327 387 287
327 389 911
327 392 919
327 435 810
327 469 654
327 558 159
327 572 177
327 605 195
327 628 927
327 87 678
327 232 252
328 380 799
328 397 501
328 586 141
328 621 0
328 661 351
328 7 865
328 59 869
328 99 259
329 404 807
329 428 675
329 612 85
329 619 598
329 73 115
329 104 120
329 142 932
329 164 837
329 180 515
329 219 18
329 230 856
329 621 135
330 497 304
330 611 590
330 621 108
330 39 697
330 227 306
330 308 906
330 310 408
330 320 736
330 493 123
331 395 532
331 492 558
331 498 980
331 579 500
331 611 628
331 47 36
331 135 694
331 141 71
331 182 550
331 187 105
331 222 574
331 320 156
331 673 255
332 348 627
332 466 607
332 469 638
332 580 459
332 693 855
332 17 656
332 24 673
332 43 549
332 64 570
332 259 676
332 417 841
332 440 261
332 538 743
333 393 392
333 453 69
333 593 480
333 622 540
333 669 297
333 2 949
333 78 872
333 167 248
334 385 585
334 454 328
334 31 729
334 42 580
334 87 405
334 152 103
334 170 444
334 273 980
334 302 663
334 354 640
334 427 28
334 593 431
335 377 782
335 525 783
335 556 643
335 637 595
335 682 597
336 442 75
336 593 276
336 648 114
336 27 572
336 57 551
336 112 108
336 131 518
336 160 188
337 415 589
337 442 411
337 535 202
337 95 532
337 275 298
337 335 217
338 448 806
338 495 365
338 496 356
338 529 268
338 549 269
338 587 977
338 48 801
338 55 784
338 135 916
338 241 351
338 246 476
338 332 81
338 551 582
339 355 729
339 396 364
339 459 209
339 529 924
339 596 721
339 633 830
339 673 550
339 693 37
339 109 223
339 278 132
340 342 115
340 442 10
340 488 245
340 676 356
340 28 743
340 121 539
340 185 189
340 243 550
340 297 50
340 311 727
341 347 712
341 351 355
341 554 312
341 579 90
341 610 469
341 22 167
341 55 855
341 97 513
341 114 997
341 177 946
341 423 37
341 542 52
342 350 498
342 442 60
342 505 353
342 109 588
342 144 118
342 508 220
343 366 67
343 527 840
343 641 137
343 678 931
343 86 196
343 101 104
343 136 620
343 201 321
343 213 723
343 270 649
343 319 722
343 341 491
343 458 836
344 364 741
344 368 365
344 427 603
344 662 786
344 52 786
344 135 837
344 142 307
344 171 369
344 207 978
344 324 429
344 558 202
345 555 369
345 556 754
345 565 445
345 660 186
345 697 170
345 84 224
345 98 793
345 111 760
345 187 398
345 198 904
345 234 268
345 265 490
345 269 607
345 412 67
346 447 586
346 528 307
346 558 677
346 626 932
346 659 347
346 663 538
346 680 54
346 685 115
346 699 601
346 135 464
346 150 507
346 156 842
346 206 133
346 225 199
347 364 887
347 398 521
347 489 171
347 596 814
347 626 461
347 629 8
347 26 460
347 115 1
347 162 783
347 169 538
347 262 431
347 331 367
348 363 135
348 504 129
348 514 379
348 539 32
348 580 595
348 624 178
348 59 922
348 78 485
348 230 416
348 244 481
348 274 747
348 278 70
348 475 879
348 660 689
349 464 550
349 497 865
349 602 421
349 645 264
349 193 899
349 217 336
349 384 939
349 436 112
349 526 629
350 367 409
350 511 81
350 689 842
350 147 246
350 148 278
350 179 708
350 274 318
350 308 239
350 331 960
351 500 376
351 93 46
351 174 458
352 471 256
352 525 317
352 681 604
352 37 780
352 166 448
352 209 975
352 304 165
352 319 234
352 334 129
352 340 256
352 628 790
353 355 524
353 364 56
353 483 992
353 178 748
353 437 907
353 439 451
354 410 599
354 442 653
354 600 406
354 650 739
354 653 533
354 254 91
354 301 490
355 471 850
355 558 544
355 96 562
355 160 39
355 274 381
356 383 353
356 404 92
356 483 550
356 488 269
356 544 15
356 76 293
356 101 651
356 208 542
356 214 767
356 664 243
357 430 172
357 453 172
357 466 73
357 473 496
357 548 437
357 603 612
357 10 209
357 155 781
357 243 944
357 278 418
357 329 703
358 364 530
358 393 755
358 421 348
358 427 813
358 500 352
358 536 885
358 561 910
358 584 10
358 699 974
358 21 800
358 24 864
358 66 249
358 116 986
358 133 813
358 172 178
358 206 492
358 221 431
358 245 15
358 283 659
358 286 489
359 372 733
359 392 993
359 403 909
359 453 815
359 586 174
359 104 801
359 170 258
360 375 655
360 399 636
360 543 722
360 665 533
360 680 612
360 110 505
360 199 1000
360 354 557
361 635 183
361 651 992
361 653 550
361 657 485
361 672 891
361 680 849
361 692 876
361 45 622
361 54 597
361 59 614
361 223 0
362 483 109
362 510 614
362 516 922
362 517 475
362 616 280
362 659 199
362 666 818
362 210 414
362 303 185
362 327 459
362 340 969
363 394 658
363 423 985
363 646 347
363 660 645
363 661 698
363 687 418
363 107 719
363 150 669
363 195 669
363 222 678
363 287 554
363 488 960
364 368 560
364 586 819
364 596 11
364 27 522
364 224 247
364 394 197
364 435 812
365 401 492
365 411 891
365 469 260
365 603 436
365 621 965
365 250 87
365 270 964
365 301 373
365 306 987
365 307 485
365 388 416
365 634 516
366 562 937
366 585 536
366 590 617
366 674 926
366 22 25
366 138 529
366 145 892
366 151 497
366 188 443
366 230 499
366 293 637
366 316 611
366 688 627
367 432 892
367 448 652
367 534 514
367 592 849
367 72 101
367 189 210
367 231 890
367 240 613
367 252 993
367 292 676
367 359 603
367 360 253
367 597 815
368 479 365
368 515 697
368 574 438
368 615 840
368 36 763
368 138 20
368 162 441
368 255 712
368 325 840
368 451 209
369 421 571
369 468 599
369 677 153
369 23 856
369 194 310
369 219 899
369 325 387
369 352 655
369 358 236
370 431 441
370 467 272
370 511 420
370 606 819
370 636 244
370 39 617
370 131 813
370 156 118
370 368 667
370 507 63
370 516 90
370 568 862
371 477 570
371 505 546
371 525 338
371 557 302
371 563 42
371 216 570
371 345 253
371 360 535
371 438 680
371 487 465
372 473 341
372 572 145
372 603 218
372 652 312
372 18 308
372 34 230
372 125 639
372 140 847
372 222 73
372 277 109
372 325 143
373 427 558
373 526 320
373 602 916
373 638 555
373 648 757
373 693 299
373 699 616
373 71 991
373 267 902
373 503 506
374 471 344
374 478 486
374 529 165
374 619 557
374 640 772
374 665 480
374 55 687
374 169 958
374 209 112
374 257 256
374 649 919
375 623 629
375 674 545
375 680 759
375 692 956
375 698 689
375 24 157
375 55 68
375 140 200
375 173 381
375 201 86
375 276 359
375 513 115
375 585 483
376 581 724
376 606 913
376 613 580
376 631 647
376 663 431
376 686 281
376 38 324
376 59 250
376 93 674
376 329 136
376 452 897
376 614 853
377 438 153
377 460 682
377 524 37
377 645 178
377 61 129
377 122 699
377 274 393
377 303 246
377 348 770
378 449 365
378 496 678
378 549 523
378 576 161
378 583 376
378 640 605
378 32 455
378 324 817
379 424 746
379 494 643
379 21 893
379 34 516
379 150 58
379 208 463
379 245 146
379 295 699
379 651 879
380 381 356
380 407 247
380 438 782
380 455 491
380 477 23
380 496 397
380 515 592
380 541 821
380 623 91
380 29 192
380 69 761
380 87 284
380 146 535
380 149 387
380 153 768
380 191 618
380 270 656
380 294 977
380 340 910
380 535 607
381 478 3
381 484 920
381 541 447
381 685 259
381 22 226
381 47 35
381 52 834
381 87 742
381 110 130
381 267 914
381 270 744
381 322 717
381 601 262
381 653 567
381 699 993
382 396 106
382 435 177
382 440 815
382 554 535
382 567 855
382 575 90
382 681 524
382 4 117
382 53 906
382 66 495
382 191 614
382 263 998
383 396 585
383 399 4
383 11 623
383 38 603
383 42 228
383 46 638
383 153 53
383 216 879
384 434 456
384 489 252
384 533 741
384 584 698
384 589 107
384 29 77
384 64 404
384 196 285
384 332 758
385 438 27
385 541 7
385 551 893
385 579 198
385 600 269
385 92 146
385 378 433
385 420 820
385 643 144
386 398 725
386 417 241
386 449 211
386 533 40
386 627 200
386 26 44
386 82 425
386 114 687
386 119 412
386 167 400
386 359 79
387 388 88
387 440 560
387 580 515
387 612 144
387 640 908
387 680 197
387 7 490
387 18 387
387 73 409
387 167 409
387 176 228
387 275 673
387 305 973
387 333 543
388 472 391
388 475 286
388 483 369
388 491 985
388 544 662
388 587 603
388 637 638
388 16 437
388 19 22
388 132 226
388 145 487
388 247 475
388 257 479
388 346 548
389 480 654
389 569 884
389 590 268
389 653 889
389 675 356
389 8 605
389 134 72
389 136 516
389 254 4
389 270 510
389 316 116
389 472 570
390 511 993
390 518 963
390 573 582
390 591 500
390 652 911
390 660 45
390 676 539
390 689 26
390 78 948
390 132 781
390 339 206
391 537 128
391 19 422
391 20 147
391 32 359
391 158 693
391 249 525
391 252 244
391 263 615
391 266 4
391 267 579
391 321 9
391 340 973
391 464 480
392 631 234
392 664 444
392 675 98
392 687 571
392 7 548
392 9 228
392 16 966
392 139 828
392 204 424
392 224 331
392 330 781
392 504 921
393 479 836
393 592 306
393 609 979
393 624 358
393 167 168
393 222 581
393 328 655
393 336 112
393 370 652
393 515 987
394 545 315
394 85 838
394 276 683
394 277 651
394 364 479
394 392 915
394 483 181
394 609 600
395 404 368
395 458 105
395 536 389
395 566 462
395 605 900
395 613 407
395 621 752
395 645 801
395 33 417
395 122 741
395 129 878
395 241 616
395 375 970
396 610 788
396 652 718
396 136 171
396 257 787
396 261 651
396 317 882
396 366 263
396 576 456
397 473 356
397 595 237
397 626 336
397 14 567
397 40 955
397 56 896
397 197 977
397 236 772
397 441 843
397 603 655
398 473 78
398 9 435
398 28 5
398 244 146
398 310 105
399 504 566
399 544 871
399 641 384
399 652 633
399 123 139
399 251 397
399 268 8
399 331 521
400 408 35
400 449 533
400 508 977
400 565 47
400 647 556
400 4 170
400 172 576
400 365 232
400 591 461
400 665 672
401 438 681
401 445 367
401 455 949
401 483 734
401 671 312
401 57 105
401 112 140
401 142 310
401 164 542
401 196 80
401 212 289
401 223 116
401 234 596
401 379 402
402 444 650
402 527 121
402 564 299
402 568 9
402 45 543
402 121 568
402 203 684
402 206 706
402 220 333
402 228 455
402 543 726
403 462 487
403 582 385
403 6 68
403 77 717
403 118 170
404 424 749
404 507 871
404 549 829
404 614 323
404 24 219
404 147 934
404 173 531
404 175 419
404 235 5
404 240 66
404 242 771
404 255 840
404 332 595
404 335 390
404 343 812
404 365 686
404 524 267
404 644 89
404 667 487
405 550 229
405 593 540
405 621 726
405 667 843
405 672 735
405 11 902
405 23 571
405 55 654
405 143 716
405 233 477
405 236 146
405 239 147
405 377 744
405 388 448
405 618 7
406 498 611
406 509 648
406 568 196
406 638 974
406 640 672
406 90 633
406 142 401
406 158 590
406 241 189
406 389 626
407 411 885
407 442 633
407 476 784
407 530 908
407 14 725
407 104 984
407 183 233
407 198 963
407 220 586
407 226 50
407 227 931
407 380 559
407 403 376
407 680 828
408 503 557
408 579 685
408 611 10
408 640 680
408 54 832
408 111 675
408 163 976
408 176 843
408 251 684
408 338 950
409 579 73
409 657 375
409 43 425
409 128 815
409 198 624
409 233 774
409 326 450
409 353 245
409 406 308
409 418 33
410 419 726
410 460 427
410 549 350
410 645 897
410 2 431
410 33 965
410 64 333
410 103 21
410 119 450
410 145 285
410 171 337
410 192 59
410 231 814
410 355 96
410 390 479
410 501 995
410 565 37
411 415 583
411 612 228
411 117 164
411 183 255
411 229 613
412 422 42
412 442 462
412 452 153
412 461 132
412 471 359
412 473 732
412 504 506
412 604 726
412 688 149
412 8 362
412 23 553
412 107 562
412 168 413
412 176 118
412 245 649
412 289 862
412 350 326
413 573 473
413 575 524
413 43 259
413 112 26
413 162 896
413 180 721
413 233 767
413 281 577
413 284 477
413 294 286
413 320 725
413 321 597
414 421 948
414 452 777
414 541 234
414 574 84
414 577 497
414 632 41
414 645 58
414 651 510
414 2 112
414 178 860
414 182 243
414 197 913
414 225 469
414 275 285
414 605 875
415 477 826
415 483 628
415 520 216
415 611 789
415 641 128
415 644 596
415 129 790
415 183 123
415 250 408
415 330 484
415 341 489
415 367 30
415 372 220
415 615 37
416 452 580
416 533 306
416 542 487
416 31 633
416 171 467
416 204 61
416 305 992
417 644 4
417 665 455
417 12 319
417 17 155
417 206 982
417 369 468
417 397 79
418 535 553
418 627 761
418 664 36
418 26 681
418 61 162
418 141 305
418 181 314
418 198 714
418 255 656
418 525 225
419 599 357
419 627 211
419 687 562
419 34 777
419 57 593
419 135 25
419 153 296
419 210 37
419 313 733
420 486 420
420 79 972
420 82 859
420 101 636
420 154 224
421 440 409
421 501 944
421 600 739
421 695 764
421 126 561
421 326 754
421 358 575
421 491 415
421 636 912
422 442 925
422 484 507
422 497 960
422 9 168
422 69 434
422 277 507
422 317 549
422 633 639
423 501 809
423 530 855
423 584 525
423 588 673
423 607 493
423 647 743
423 77 958
423 201 883
423 202 518
423 205 596
423 301 89
423 412 813
424 455 822
424 514 675
424 609 932
424 618 329
424 118 300
424 275 381
424 375 808
425 540 535
425 646 158
425 657 585
425 47 717
425 93 560
425 139 980
425 193 536
425 228 95
425 376 348
425 383 122
426 546 199
426 636 300
426 109 828
426 182 864
426 457 313
427 428 667
427 521 846
427 631 399
427 673 152
427 116 854
427 172 568
427 196 366
427 271 783
427 282 923
427 286 203
427 306 472
427 331 284
427 378 1
428 676 695
428 79 434
428 183 694
428 304 997
428 321 501
428 334 538
428 418 640
428 462 92
428 505 552
429 618 239
429 140 37
429 194 275
429 254 384
429 280 919
429 352 809
429 371 956
429 374 647
429 573 91
430 448 588
430 477 886
430 553 845
430 118 413
430 208 208
430 322 326
431 503 221
431 659 655
431 666 265
431 29 767
431 88 345
431 100 60
431 105 889
431 139 78
431 192 159
431 238 535
431 309 926
431 311 414
431 427 738
432 630 268
432 634 991
432 657 402
432 134 35
432 206 138
432 274 444
432 315 803
432 404 602
432 405 399
432 427 951
433 466 375
433 532 403
433 551 568
433 653 115
433 20 411
433 35 774
433 47 932
433 142 786
433 174 177
433 189 830
433 264 400
433 269 588
433 294 590
433 314 458
433 322 998
433 363 929
433 429 103
433 432 721
434 481 849
434 517 855
434 554 559
434 584 881
434 596 228
434 660 835
434 47 881
434 94 571
434 110 343
434 126 549
434 132 443
434 155 618
434 290 932
434 324 247
435 563 413
435 686 397
435 697 453
435 34 303
435 97 986
435 211 881
435 463 341
436 479 207
436 484 817
436 595 147
436 597 625
436 611 852
436 612 256
436 655 396
436 46 717
436 54 732
436 141 595
436 175 433
436 193 768
436 212 638
437 594 771
437 655 34
437 1 97
437 6 674
437 16 978
437 23 470
437 46 150
437 59 647
437 277 955
437 281 178
437 315 656
437 418 906
438 450 645
438 460 866
438 608 888
438 620 185
438 39 21
438 71 351
438 186 17
438 252 108
438 270 968
438 344 285
438 403 76
438 434 378
439 600 11
439 625 616
439 35 678
439 98 988
439 108 322
439 168 444
439 182 98
439 227 433
439 250 357
439 271 5
439 637 181
440 480 901
440 543 449
440 634 673
440 666 337
440 680 372
440 143 730
440 234 903
440 403 224
440 422 818
440 490 195
440 677 962
440 695 891
441 480 514
441 513 18
441 516 765
441 547 184
441 558 714
441 607 751
441 640 648
441 676 658
441 43 331
441 249 444
441 277 515
441 348 428
442 617 773
442 85 170
442 178 268
442 195 672
442 284 204
442 342 892
442 365 807
442 441 201
443 485 256
443 489 124
443 490 990
443 500 706
443 530 752
443 533 965
443 594 534
443 609 234
443 682 559
443 59 759
443 193 691
443 208 352
443 382 304
444 659 794
444 674 592
444 11 155
444 57 392
444 248 627
444 560 548
444 561 659
445 560 999
445 586 530
445 587 302
445 9 665
445 61 861
445 188 15
445 223 593
445 275 491
445 298 119
445 416 875
445 422 326
446 457 157
446 485 269
446 510 908
446 609 880
446 615 869
446 21 683
446 124 634
446 133 122
446 177 646
446 256 61
446 343 962
447 472 509
447 519 491
447 521 606
447 87 938
447 127 575
447 168 274
447 212 726
447 341 857
447 436 414
448 479 419
448 531 279
448 574 230
448 659 780
448 675 490
448 235 676
448 277 242
448 444 166
448 446 368
449 597 204
449 605 881
449 40 35
449 109 988
449 232 234
449 253 338
449 269 338
449 384 731
449 426 873
449 484 362
450 586 321
450 666 42
450 98 118
450 139 631
450 225 797
450 388 514
451 511 666
451 522 854
451 538 481
451 599 958
451 605 969
451 13 490
451 175 258
451 185 81
451 212 787
451 321 808
452 484 374
452 647 216
452 654 304
452 671 422
452 694 678
452 34 511
452 47 607
452 72 934
452 126 158
452 142 327
452 217 543
452 397 737
452 540 366
453 554 823
453 636 282
453 91 86
453 100 416
453 110 148
453 175 169
453 238 328
453 297 936
453 300 644
453 351 559
454 513 827
454 523 13
454 13 598
454 17 771
454 225 352
454 303 823
454 421 507
454 474 891
455 465 633
455 480 603
455 505 402
455 541 76
455 639 601
455 659 542
455 689 965
455 0 893
455 207 717
455 320 558
455 327 685
455 333 62
455 398 793
455 684 123
456 558 609
456 607 235
456 631 747
456 699 19
456 114 579
456 179 480
456 267 624
456 336 116
456 422 897
456 502 756
457 460 699
457 508 223
457 587 734
457 631 865
457 55 442
457 109 246
457 126 802
457 136 625
457 162 708
457 193 990
457 247 239
457 361 76
458 531 400
458 545 3
458 596 835
458 679 452
458 115 139
458 182 586
458 215 14
458 259 33
458 276 696
458 287 860
458 388 740
458 431 827
459 497 615
459 588 583
459 598 824
459 627 666
459 91 137
459 104 898
459 119 316
459 267 998
459 301 989
459 328 766
459 351 433
460 468 820
460 471 814
460 546 16
460 576 481
460 591 560
460 606 710
460 155 884
460 345 48
460 552 988
461 510 134
461 543 758
461 558 800
461 574 992
461 578 438
461 669 974
461 671 711
461 694 884
461 168 100
461 293 243
461 378 599
462 491 555
462 513 335
462 564 202
462 605 827
462 614 628
462 16 983
462 59 481
462 125 544
462 130 320
462 172 912
462 202 507
462 498 11
463 484 454
463 570 653
463 595 875
463 608 897
463 631 914
463 11 32
463 106 711
463 246 193
463 265 450
463 309 672
463 313 894
463 320 971
463 378 161
464 466 682
464 531 610
464 579 395
464 610 471
464 628 594
464 697 170
464 48 160
464 65 64
464 66 851
464 235 291
464 594 816
465 616 426
465 630 557
465 100 293
465 111 49
465 138 443
465 168 605
465 259 415
465 293 438
465 318 291
465 460 977
466 468 772
466 481 315
466 648 548
466 24 147
466 155 14
466 184 691
466 192 956
466 197 317
466 316 761
466 366 372
466 371 971
466 480 492
467 472 769
467 518 769
467 586 95
467 588 590
467 600 478
467 621 557
467 648 224
467 670 448
467 684 417
467 25 823
467 178 410
467 227 163
467 350 612
467 359 429
467 370 346
467 416 92
468 632 614
468 654 210
468 674 654
468 689 794
468 6 619
468 53 794
468 76 135
468 149 882
468 158 498
468 178 130
468 229 134
468 255 841
468 269 512
468 376 710
468 426 525
469 481 98
469 530 689
469 10 743
469 115 346
469 168 766
469 246 852
469 375 62
469 396 60
469 457 985
469 461 827
469 514 892
470 561 430
470 593 127
470 1 923
470 30 608
470 76 145
470 164 94
470 240 291
470 348 348
470 351 11
470 369 550
470 411 104
470 421 98
471 533 985
471 547 327
471 609 154
471 614 247
471 650 254
471 140 701
471 143 291
471 224 8
471 312 281
471 322 733
471 341 132
471 469 10
472 527 781
472 557 611
472 603 516
472 612 507
472 618 840
472 5 975
472 42 152
472 58 362
472 206 228
472 344 825
472 386 376
472 509 225
473 627 233
473 694 268
473 217 372
473 348 815
473 376 978
473 434 170
473 462 486
474 540 124
474 664 276
474 35 279
474 45 340
474 76 347
474 87 761
474 163 475
474 196 132
474 245 193
474 310 297
474 366 829
474 468 511
475 603 42
475 687 625
475 0 899
475 137 621
475 147 774
475 367 994
475 420 547
475 471 955
476 0 435
476 103 368
476 117 926
476 195 519
476 197 153
476 281 951
476 333 548
476 346 266
476 361 44
476 440 710
476 581 785
477 585 710
477 34 787
477 76 449
477 143 2
477 243 571
477 255 965
477 314 762
477 377 397
477 417 515
477 598 876
478 500 964
478 563 87
478 613 588
478 658 432
478 15 823
478 16 395
478 30 499
478 123 310
478 208 322
478 229 506
478 252 947
478 284 229
478 285 583
478 339 296
478 360 452
478 377 995
478 439 804
479 578 73
479 588 111
479 623 391
479 74 235
479 85 112
479 87 648
479 138 384
479 229 863
479 287 847
479 306 181
479 354 216
479 407 243
480 145 83
480 178 507
480 433 579
480 464 916
481 590 918
481 155 355
481 180 961
481 335 54
481 697 728
482 574 215
482 599 698
482 614 863
482 639 205
482 667 416
482 672 943
482 45 763
482 56 628
482 101 343
482 195 920
482 343 590
482 453 982
482 473 442
482 600 222
482 622 148
483 488 341
483 530 749
483 538 491
483 550 523
483 47 302
483 190 59
483 311 243
483 325 435
483 361 665
483 444 124
483 479 720
484 485 559
484 627 64
484 635 63
484 638 820
484 643 642
484 652 2
484 87 846
484 122 70
484 205 819
484 210 611
484 307 808
484 310 153
484 323 199
485 527 765
485 535 535
485 610 746
485 75 955
485 123 740
485 286 37
485 312 827
485 397 548
485 462 187
485 475 663
486 504 350
486 533 969
486 605 967
486 651 369
486 664 435
486 680 530
486 156 399
486 294 127
486 370 71
486 669 177
487 557 641
487 622 240
487 628 8
487 45 447
487 74 783
487 286 120
487 337 61
488 611 487
488 71 593
488 282 516
488 363 753
488 367 626
488 392 128
488 393 680
488 439 60
488 470 706
489 518 717
489 530 938
489 548 854
489 8 271
489 48 978
489 339 583
489 409 669
490 494 662
490 593 756
490 6 836
490 15 779
490 147 880
490 206 869
490 229 314
490 252 915
490 306 8
490 338 293
490 340 716
490 348 563
490 383 78
490 451 617
490 459 839
490 476 733
490 640 382
491 542 308
491 640 383
491 39 205
491 123 746
491 146 127
491 180 600
491 254 948
491 272 494
491 323 851
491 464 362
492 524 62
492 538 587
492 561 324
492 576 237
492 686 617
492 72 950
492 120 220
492 151 665
492 167 497
492 185 33
492 216 585
492 251 982
492 303 847
492 337 151
492 348 265
492 372 974
492 426 173
492 468 130
492 532 116
492 613 818
493 510 489
493 92 112
493 274 567
493 284 844
493 310 959
493 343 832
493 348 717
493 482 431
494 573 645
494 593 583
494 603 860
494 624 376
494 662 254
494 685 381
494 107 769
494 191 161
494 291 136
494 341 407
494 567 455
495 506 452
495 525 429
495 636 641
495 659 105
495 24 660
495 81 451
495 158 769
495 233 93
495 235 713
495 237 10
495 440 466
495 481 712
496 504 197
496 533 553
496 548 646
496 551 843
496 620 268
496 623 570
496 659 550
496 695 425
496 124 992
496 128 819
496 169 881
496 233 710
496 645 862
497 500 172
497 609 577
497 693 292
497 49 826
497 153 889
497 211 653
497 311 48
497 476 932
497 617 385
498 563 942
498 588 844
498 598 508
498 616 816
498 7 533
498 259 890
498 272 202
498 308 317
498 374 747
498 454 851
498 662 265
499 500 374
499 542 232
499 580 756
499 665 525
499 7 773
499 29 507
499 38 561
499 52 374
499 77 981
499 178 229
499 213 61
499 231 545
499 361 543
499 436 658
500 550 584
500 578 889
500 663 826
500 37 810
500 55 110
500 163 514
500 177 174
500 325 988
500 328 722
500 496 75
500 604 671
501 539 641
501 624 252
501 639 534
501 31 970
501 76 915
501 237 500
501 239 459
501 247 716
501 269 481
501 284 31
501 401 406
501 473 10
502 585 798
502 594 857
502 147 748
502 188 433
502 253 855
502 399 833
502 517 631
502 563 690
503 579 21
503 611 572
503 654 745
503 85 681
503 177 127
503 245 7
503 423 244
503 431 11
503 500 503
504 600 674
504 618 285
504 87 224
504 151 994
504 185 50
504 211 186
504 287 392
504 293 551
504 468 991
504 470 912
505 568 570
505 592 964
505 642 4
505 223 682
505 230 128
505 275 406
505 287 620
505 301 83
505 320 600
505 345 502
505 442 55
505 577 253
506 599 433
506 605 197
506 669 834
506 678 964
506 27 327
506 57 359
506 175 353
506 384 922
506 504 249
506 583 570
507 525 957
507 539 737
507 622 318
507 633 732
507 656 394
507 129 777
507 255 116
507 324 188
507 345 75
507 350 128
507 426 34
507 590 136
508 592 818
508 679 851
508 26 345
508 264 235
508 281 155
508 327 341
508 354 229
509 539 318
509 571 986
509 607 517
509 610 203
509 695 967
509 60 694
509 121 504
509 126 218
509 210 357
509 265 186
510 592 79
510 625 450
510 662 973
510 680 592
510 698 452
510 77 785
510 93 256
510 110 148
510 166 71
510 266 829
510 428 305
510 430 627
510 438 90
510 452 500
510 480 768
510 487 584
510 497 210
510 498 109
511 525 744
511 526 904
511 643 186
511 31 381
511 67 289
511 155 346
511 239 645
511 276 25
512 557 797
512 566 969
512 628 635
512 645 872
512 9 556
512 114 75
512 138 604
512 338 415
512 480 933
513 580 655
513 606 716
513 27 973
513 123 936
513 126 829
513 140 355
513 156 790
513 204 74
513 214 357
513 297 538
514 517 826
514 610 281
514 612 584
514 65 581
514 105 422
514 164 644
514 327 449
514 364 957
514 430 243
515 544 228
515 595 441
515 596 354
515 658 372
515 49 675
515 88 279
515 104 450
515 213 516
515 374 26
515 446 212
515 514 899
516 636 523
516 639 484
516 643 709
516 5 191
516 15 333
516 87 487
516 92 83
516 141 169
516 221 459
516 239 622
516 249 761
516 262 876
516 331 689
516 375 334
516 391 284
516 446 229
517 588 587
517 608 822
517 642 730
517 668 379
517 683 816
517 27 564
517 49 749
517 138 139
517 182 966
517 323 682
517 430 645
517 533 912
518 595 468
518 615 940
518 632 386
518 30 370
518 303 343
518 430 563
519 547 688
519 563 762
519 646 76
519 57 810
519 59 530
519 137 791
519 205 740
519 230 201
519 284 907
519 293 669
519 569 491
520 622 649
520 623 245
520 625 249
520 686 693
520 12 397
520 54 505
520 145 906
520 468 215
520 470 27
520 517 329
521 606 296
521 187 725
521 192 557
521 296 173
521 321 971
521 331 8
521 364 816
521 378 63
521 440 171
521 469 100
522 526 835
522 129 948
522 169 447
522 179 270
522 204 331
522 274 832
522 289 602
522 374 312
522 421 588
523 534 20
523 575 468
523 604 672
523 635 252
523 650 721
523 2 420
523 193 48
523 196 217
523 199 992
523 200 752
523 361 193
523 446 486
523 460 145
523 481 461
524 531 473
524 556 711
524 578 445
524 78 974
524 97 102
524 300 666
524 305 870
524 332 691
524 393 725
524 452 367
525 549 546
525 577 959
525 660 640
525 694 865
525 157 637
525 199 318
525 228 703
525 325 477
525 375 142
525 468 981
525 489 585
525 510 732
526 580 313
526 48 280
526 85 504
526 97 307
526 105 563
526 238 201
526 361 104
526 395 122
526 431 249
526 468 904
526 678 664
527 641 887
527 664 836
527 119 885
527 134 871
527 144 712
527 170 311
527 180 665
527 194 754
527 220 82
527 247 373
527 361 648
527 409 944
527 412 563
527 425 599
527 431 592
527 434 1000
527 457 18
527 502 724
528 617 491
528 638 733
528 677 623
528 3 714
528 10 326
528 109 558
528 127 658
528 139 827
528 264 481
528 294 623
528 472 601
528 492 839
528 511 488
529 543 724
529 579 994
529 622 738
529 644 764
529 677 78
529 44 133
529 60 119
529 93 864
529 153 291
529 158 709
529 248 773
529 255 537
529 306 462
529 341 199
529 355 642
529 391 123
529 473 926
529 502 470
530 535 839
530 559 814
530 571 420
530 609 106
530 615 344
530 30 623
530 129 206
530 159 389
530 233 14
530 395 976
531 632 562
531 5 516
531 64 688
531 117 150
531 156 333
531 200 789
531 215 979
531 290 840
531 292 412
531 458 490
532 533 512
532 550 76
532 643 368
532 669 540
532 696 687
532 31 486
532 60 484
532 81 149
532 106 854
532 113 194
532 142 618
532 173 160
532 191 609
532 300 998
532 504 565
532 629 14
533 656 437
533 659 560
533 674 86
533 146 129
533 234 416
533 258 120
533 269 387
533 310 929
533 458 461
533 496 516
533 501 55
533 620 860
534 621 567
534 665 901
534 676 36
534 77 59
534 199 854
534 203 58
534 300 422
534 345 304
534 361 25
534 370 120
534 376 276
534 482 814
534 498 415
535 655 706
535 90 366
535 151 706
535 211 297
535 296 959
535 451 99
535 475 280
535 484 426
535 499 996
536 572 881
536 604 593
536 687 806
536 80 287
536 405 49
536 442 854
536 452 992
537 540 9
537 690 291
537 158 598
537 248 575
537 261 325
537 309 885
537 325 18
537 365 545
537 374 897
537 502 766
537 503 128
538 541 960
538 576 673
538 593 864
538 684 900
538 68 141
538 102 874
538 193 273
538 208 904
538 232 848
538 238 944
538 304 171
538 341 798
538 395 847
538 420 484
538 478 945
538 532 331
539 555 401
539 674 122
539 32 580
539 78 216
539 131 266
539 193 935
539 254 660
539 307 60
539 325 98
539 356 110
539 509 752
539 513 599
540 319 877
541 677 389
541 45 937
541 46 803
541 103 795
541 122 908
541 131 784
541 155 744
541 276 737
541 327 758
541 374 52
541 405 314
541 472 599
541 505 932
542 26 542
542 34 295
542 87 748
542 137 780
542 187 843
542 219 628
542 229 761
542 275 477
542 346 967
542 402 588
542 490 292
542 521 906
543 569 728
543 575 966
543 631 73
543 5 652
543 67 600
543 165 384
543 278 262
543 314 67
543 396 938
543 422 587
543 460 316
543 486 524
543 494 213
544 545 383
544 578 43
544 656 646
544 3 201
544 364 64
544 420 216
545 557 389
545 639 285
545 94 898
545 98 388
545 125 634
545 148 366
545 182 178
545 285 103
545 290 908
545 378 155
545 412 2
545 425 769
545 443 740
545 451 940
545 469 149
546 626 245
546 644 643
546 674 396
546 684 448
546 63 690
546 148 724
546 159 964
546 173 783
546 324 523
546 448 297
546 485 60
546 519 386
547 593 157
547 667 981
547 7 872
547 9 71
547 121 439
547 160 178
547 178 919
547 363 228
547 404 240
547 432 241
547 535 503
547 550 581
548 622 352
548 655 842
548 29 217
548 43 90
548 45 802
548 136 249
548 223 6
548 225 736
548 297 18
548 309 748
548 408 617
548 457 199
548 514 176
548 566 389
549 587 112
549 614 812
549 666 69
549 675 838
549 18 420
549 27 79
549 92 580
549 150 56
549 288 384
549 295 753
549 301 977
549 323 247
549 369 224
549 525 841
550 639 432
550 651 996
550 685 710
550 31 797
550 39 900
550 114 600
550 166 565
550 205 518
550 253 949
550 255 418
550 297 97
550 312 135
550 408 1000
550 511 861
550 515 841
550 534 369
551 588 350
551 672 880
551 100 302
551 105 938
551 134 26
551 173 758
551 291 662
551 414 338
551 506 160
551 527 988
551 547 907
552 572 318
552 598 2
552 623 210
552 639 886
552 21 510
552 25 151
552 53 337
552 113 387
552 126 304
552 356 487
552 405 693
552 436 346
552 479 549
552 518 328
552 519 294
553 583 75
553 601 850
553 613 800
553 693 26
553 56 95
553 70 246
553 119 845
553 286 456
553 296 619
553 332 421
553 490 255
553 503 144
553 505 195
553 562 11
554 567 824
554 603 487
554 660 594
554 110 690
554 141 347
554 228 276
554 248 770
554 251 174
554 294 466
554 502 28
555 590 524
555 686 327
555 103 131
555 144 437
555 217 141
555 223 344
555 235 436
555 339 49
555 406 909
555 450 355
555 474 482
556 566 387
556 3 883
556 36 353
556 42 187
556 118 101
556 187 944
556 359 986
556 407 360
556 409 136
556 420 846
556 433 981
556 461 579
556 469 281
556 655 154
557 575 210
557 661 436
557 675 340
557 210 208
557 269 994
557 278 153
557 344 668
557 365 319
557 456 914
557 511 586
557 545 617
558 598 710
558 614 984
558 646 643
558 653 339
558 155 560
558 277 800
558 359 730
558 481 747
558 484 199
559 625 433
559 699 882
559 130 283
559 204 866
559 414 759
559 453 447
559 502 381
559 504 942
559 506 781
559 517 172
560 641 293
560 650 427
560 189 988
560 277 687
560 290 941
560 424 72
560 469 637
560 488 949
560 532 255
561 595 662
561 623 489
561 665 99
561 24 232
561 297 108
561 337 293
561 413 351
561 415 371
561 427 278
561 455 617
562 596 443
562 633 704
562 49 14
562 185 259
562 362 35
562 476 983
562 481 938
562 508 182
563 679 385
563 7 551
563 60 251
563 298 108
563 336 548
563 362 888
563 413 662
563 415 21
563 438 348
564 595 931
564 62 461
564 71 628
564 137 701
564 156 637
564 281 499
564 347 552
564 403 493
564 405 757
564 448 71
565 627 6
565 661 338
565 143 765
565 293 77
565 300 166
565 317 562
565 407 935
565 582 726
566 608 453
566 628 328
566 640 355
566 649 991
566 666 355
566 673 659
566 688 314
566 0 301
566 19 173
566 227 135
566 385 341
567 6 166
567 84 441
567 107 345
567 156 475
567 224 12
567 235 773
567 272 669
567 274 995
567 331 340
567 406 855
567 458 271
567 472 22
568 620 482
568 52 666
568 53 142
568 70 256
568 184 194
568 266 329
568 383 598
568 473 811
568 481 819
568 503 13
568 533 713
569 591 45
569 26 441
569 92 542
569 150 974
569 166 825
569 172 624
569 177 522
569 214 92
569 338 901
569 380 122
570 632 922
570 688 196
570 28 70
570 66 32
570 96 268
570 114 94
570 132 995
570 208 243
570 289 287
570 333 511
570 349 117
570 354 821
570 543 27
571 615 870
571 631 486
571 126 276
571 361 585
571 429 479
571 465 992
571 525 454
572 31 524
572 218 901
572 250 325
572 276 241
572 355 179
572 484 371
572 551 184
573 587 700
573 95 472
573 139 153
573 186 505
573 205 356
573 228 556
573 387 90
573 402 314
573 474 347
573 477 570
573 537 12
573 571 931
574 627 823
574 635 578
574 636 393
574 694 587
574 10 392
574 101 582
574 173 257
574 191 407
574 270 962
574 321 154
574 369 502
574 464 352
574 524 640
574 549 176
575 641 385
575 642 850
575 56 775
575 67 80
575 118 114
575 124 750
575 194 509
575 252 160
575 319 765
576 45 273
576 71 304
576 93 407
576 215 188
576 229 421
576 535 820
577 617 253
577 659 830
577 5 287
577 73 535
577 76 657
577 93 171
577 141 485
577 191 232
577 192 777
577 206 810
577 228 252
577 259 892
577 377 378
577 477 627
577 482 865
577 518 619
578 593 709
578 632 191
578 4 966
578 105 195
578 153 543
578 167 767
578 260 72
578 293 335
578 310 752
578 467 621
578 520 917
578 686 143
579 665 391
579 690 959
579 24 23
579 33 104
579 226 849
579 266 562
579 525 769
579 544 755
580 628 679
580 643 736
580 685 995
580 33 165
580 100 356
580 127 776
580 360 609
580 365 796
580 535 524
581 598 725
581 618 348
581 694 302
581 14 65
581 60 687
581 148 67
581 257 99
581 373 316
581 496 504
582 614 605
582 649 652
582 666 392
582 149 317
582 298 886
582 320 521
582 458 650
582 486 25
583 184 394
583 481 369
583 531 157
583 556 333
583 602 874
584 612 882
584 667 879
584 671 78
584 227 206
584 383 152
585 606 246
585 623 477
585 657 89
585 658 346
585 29 960
585 39 69
585 143 486
585 213 728
585 224 659
585 275 233
585 426 616
585 466 549
585 544 814
585 546 292
586 609 546
586 63 274
586 199 84
586 271 918
586 284 549
586 312 29
586 395 747
586 453 894
586 469 964
586 501 733
587 599 511
587 16 430
587 131 757
587 209 596
587 305 321
587 452 429
587 546 225
587 568 308
587 582 916
588 50 70
588 71 273
588 193 844
588 208 7
588 229 142
588 238 946
588 352 899
588 374 284
588 444 981
588 477 498
588 507 746
588 513 339
588 562 84
589 89 280
589 193 377
589 225 355
589 269 174
589 292 648
589 301 684
589 329 300
589 365 558
589 369 435
589 400 897
589 457 88
589 505 919
589 530 673
590 12 429
590 185 839
590 258 509
590 358 995
590 442 834
590 586 129
591 601 992
591 603 294
591 645 455
591 678 402
591 4 171
591 104 524
591 126 244
591 219 155
591 230 932
591 293 83
591 308 721
591 337 27
592 596 283
592 172 45
592 317 310
592 408 368
592 418 447
592 441 741
592 444 887
592 553 332
592 589 889
592 647 224
593 40 255
593 42 792
593 62 74
593 145 321
593 152 566
593 155 180
593 309 373
593 496 183
593 508 142
593 522 332
593 549 543
594 627 671
594 9 101
594 26 527
594 147 194
594 152 139
594 248 717
594 415 987
594 476 52
594 540 437
594 551 271
595 126 829
595 145 130
595 147 226
595 176 132
595 193 777
595 255 664
595 294 607
595 326 785
595 340 232
595 355 532
595 400 745
595 414 241
595 439 99
595 480 875
595 527 745
596 22 512
596 142 721
596 169 124
596 186 978
596 342 730
596 347 920
596 409 201
596 457 888
596 490 756
596 511 78
597 643 953
597 644 392
597 652 760
597 673 363
597 16 360
597 22 318
597 76 699
597 125 344
597 359 148
597 377 951
597 407 223
597 436 31
597 536 262
597 570 436
598 639 267
598 682 687
598 6 510
598 84 357
598 95 826
598 129 149
598 494 461
598 556 763
598 573 21
598 587 613
599 654 541
599 689 410
599 84 60
599 137 303
599 209 37
599 227 561
599 290 127
599 294 236
599 296 555
599 355 645
599 481 757
599 508 279
599 513 643
599 588 399
600 638 249
600 663 878
600 42 865
600 80 805
600 130 628
600 139 34
600 183 581
600 421 746
600 507 740
601 656 269
601 657 418
601 689 597
601 68 89
601 175 384
601 198 549
601 219 941
601 253 556
601 345 617
601 358 255
601 375 387
602 639 847
602 668 905
602 254 514
602 270 849
602 303 773
602 311 960
602 327 885
602 458 157
602 476 137
602 483 619
602 553 559
602 577 227
603 652 595
603 20 723
603 34 850
603 171 175
603 283 966
603 384 746
603 406 785
603 413 529
603 464 372
603 575 120
604 606 36
604 624 49
604 650 976
604 668 588
604 112 476
604 186 719
604 224 292
604 232 902
604 279 850
604 353 215
604 503 676
604 532 726
604 596 931
604 597 164
605 628 846
605 674 875
605 50 644
605 59 462
605 68 56
605 105 202
605 190 602
605 202 22
605 341 877
605 347 190
605 495 789
605 555 697
606 617 987
606 138 891
606 170 184
606 256 224
606 345 263
606 358 319
606 396 945
606 523 277
607 681 147
607 11 897
607 16 895
607 37 248
607 87 237
607 114 7
607 160 431
607 186 265
607 201 237
607 284 196
607 406 176
607 527 277
607 532 45
607 556 172
608 614 963
608 634 991
608 690 297
608 80 742
608 127 508
608 167 180
608 228 246
608 414 676
608 432 757
608 488 593
608 541 357
609 25 876
609 49 923
609 104 16
609 307 92
609 564 735
610 630 366
610 8 204
610 103 966
610 168 144
610 212 533
610 294 408
610 310 935
610 369 9
610 424 142
610 448 502
610 532 550
611 32 207
611 85 906
611 100 587
611 108 514
611 175 826
611 299 889
611 305 458
611 368 370
611 398 396
611 449 49
611 547 527
611 591 875
612 694 348
612 83 427
612 196 675
612 209 891
612 213 85
612 254 500
612 454 125
612 522 102
612 539 511
612 554 680
612 581 766
613 691 912
613 152 676
613 501 189
613 568 555
614 620 163
614 631 40
614 691 35
614 698 977
614 0 928
614 152 520
614 153 926
614 241 407
614 269 891
614 306 405
614 350 975
614 386 950
614 398 721
614 513 761
614 541 772
614 619 34
615 56 910
615 114 917
615 155 194
615 175 180
615 183 257
615 272 181
615 337 335
615 416 399
615 459 164
615 500 147
615 572 784
616 674 421
616 686 615
616 101 570
616 125 985
616 144 426
616 289 245
616 307 493
616 378 464
616 456 487
616 497 205
616 521 740
617 682 487
617 692 312
617 66 196
617 171 824
617 298 336
617 385 579
617 441 78
617 494 646
617 557 462
618 23 35
618 212 885
618 223 999
618 229 341
618 407 495
618 541 25
618 574 390
619 678 795
619 39 793
619 268 920
619 302 594
619 313 719
619 365 350
619 514 671
619 548 866
619 689 820
620 679 733
620 101 786
620 120 709
620 320 86
620 339 78
620 365 679
620 447 994
620 450 188
620 479 60
620 505 241
620 527 39
620 543 278
620 608 198
621 680 497
621 698 442
621 107 562
621 155 671
621 159 645
621 231 826
621 290 491
621 317 786
621 372 293
621 415 57
621 461 57
621 515 816
621 579 619
622 100 795
622 297 714
622 317 913
622 371 514
622 409 778
622 454 271
622 546 594
622 654 472
623 685 565
623 85 15
623 114 310
623 178 495
623 223 703
623 417 390
623 485 688
623 518 63
623 600 663
623 611 114
623 622 703
624 657 533
624 120 660
624 267 254
624 284 324
624 380 734
624 407 518
624 413 413
624 418 150
624 468 144
624 490 511
624 562 729
625 645 949
625 12 453
625 17 616
625 127 933
625 164 367
625 281 550
625 360 22
625 414 564
625 538 580
625 542 672
625 622 490
626 45 805
626 127 916
626 177 244
626 477 433
626 591 389
627 6 296
627 17 286
627 44 464
627 111 240
627 165 500
627 193 873
627 451 370
627 466 657
627 523 110
627 541 926
627 592 382
628 634 674
628 38 510
628 75 150
628 101 479
628 173 706
628 289 236
628 295 348
628 300 273
628 301 277
628 408 698
628 413 866
628 420 468
628 426 752
628 468 120
628 471 884
628 478 481
629 121 130
629 179 228
629 274 205
629 318 463
629 343 265
629 405 360
629 473 335
629 596 689
629 606 403
630 642 951
630 678 797
630 393 429
630 394 661
630 425 955
630 468 440
630 474 868
630 511 252
630 569 460
630 588 741
630 618 509
631 688 893
631 65 330
631 90 3
631 184 615
631 220 308
631 234 450
631 241 114
631 257 276
631 258 389
631 451 292
631 493 414
631 501 863
631 555 596
631 629 899
632 23 428
632 46 598
632 77 148
632 78 60
632 93 833
632 116 828
632 187 26
632 438 350
632 455 26
632 505 504
632 534 589
633 680 94
633 686 154
633 689 680
633 37 792
633 94 305
633 132 998
633 276 624
633 317 189
633 452 787
633 457 92
633 458 411
633 463 459
633 477 270
633 481 325
634 680 626
634 690 23
634 84 427
634 146 764
634 230 993
634 232 50
634 323 884
634 354 127
634 371 782
634 390 439
634 428 759
634 455 193
634 571 910
634 632 374
635 661 611
635 666 869
635 152 970
635 276 158
635 351 675
635 393 316
635 454 359
635 460 781
635 613 202
635 624 880
636 641 946
636 661 944
636 47 300
636 85 467
636 92 508
636 402 647
636 505 470
636 582 857
637 697 304
637 125 24
637 139 165
637 221 58
637 244 280
637 270 46
637 465 368
637 547 637
638 651 149
638 9 626
638 19 485
638 46 231
638 209 21
638 307 377
638 358 893
638 384 85
638 427 775
638 611 810
639 51 39
639 60 330
639 105 797
639 106 116
639 159 199
639 181 976
639 210 811
639 234 367
639 349 781
639 382 764
639 417 301
639 514 300
639 521 348
639 556 642
639 576 619
640 185 569
640 260 348
640 299 772
640 394 57
640 412 244
640 440 216
640 451 361
640 505 59
640 530 490
640 613 940
640 616 271
641 32 538
641 50 754
641 94 552
641 100 449
641 298 430
641 390 145
641 498 283
641 520 937
641 560 138
641 570 670
642 16 726
642 34 931
642 126 134
642 155 557
642 158 469
642 195 884
642 297 29
642 317 37
642 328 15
642 332 567
642 388 67
642 480 443
642 504 431
643 63 260
643 122 395
643 229 921
643 350 521
643 372 291
643 460 686
643 566 646
643 690 494
644 677 125
644 66 817
644 200 479
644 324 702
644 329 872
644 368 79
644 443 17
644 472 355
644 564 551
645 661 141
645 220 384
645 266 194
645 276 363
645 304 398
645 331 761
645 371 622
645 409 135
645 556 743
645 605 712
646 650 626
646 675 68
646 680 185
646 18 573
646 37 103
646 90 960
646 92 74
646 179 358
646 234 851
646 311 941
646 312 462
646 338 38
646 353 318
646 472 938
646 505 922
646 569 946
646 632 307
647 687 949
647 8 951
647 71 220
647 72 810
647 146 314
647 164 398
647 165 914
647 185 971
647 373 876
647 539 808
647 571 831
648 60 83
648 134 686
648 177 231
648 202 382
648 226 581
648 333 783
648 397 595
648 434 549
648 575 816
649 119 346
649 143 219
649 148 628
649 263 830
650 672 31
650 191 129
650 207 116
650 239 426
650 349 66
650 405 138
650 433 464
650 454 937
650 500 182
650 618 222
651 658 198
651 123 196
651 296 263
651 323 692
651 376 404
651 468 291
651 491 863
651 533 124
651 574 652
651 634 97
651 639 136
652 88 376
652 150 754
652 202 192
652 234 853
652 254 665
652 301 617
652 343 478
652 476 543
652 494 405
652 605 244
652 607 28
652 621 291
652 626 354
653 658 19
653 659 934
653 82 270
653 89 797
653 153 378
653 182 928
653 226 587
653 256 610
653 322 435
653 459 921
653 473 846
654 660 12
654 14 387
654 79 672
654 121 130
654 131 398
654 161 973
654 197 877
654 222 587
654 319 247
654 461 951
654 465 715
654 474 161
654 567 826
655 695 97
655 29 150
655 82 674
655 162 210
655 266 75
655 273 290
655 307 755
655 354 603
655 460 993
655 462 751
655 473 72
655 564 453
656 23 666
656 46 693
656 116 83
656 201 137
656 236 578
656 352 620
656 385 717
656 442 132
656 498 137
656 558 920
656 596 230
656 603 6
657 104 809
657 106 745
657 121 632
657 165 438
657 177 165
657 363 936
657 413 670
657 500 737
657 541 644
657 577 919
657 584 69
657 614 757
657 616 224
657 618 150
658 97 565
658 126 285
658 180 354
658 242 283
658 401 289
658 405 625
658 424 523
658 476 656
658 602 740
658 618 289
659 5 347
659 81 140
659 95 98
659 119 396
659 312 128
659 592 937
660 138 293
660 184 107
660 199 386
660 270 997
660 498 45
660 512 32
660 571 46
661 39 802
661 79 788
661 109 649
661 145 509
661 316 474
661 358 832
661 433 311
661 482 776
661 566 19
662 676 451
662 106 723
662 116 63
662 126 878
662 162 825
662 233 729
662 255 4
662 377 523
662 389 514
662 476 86
662 543 640
662 558 365
662 594 996
662 595 698
663 11 67
663 121 195
663 125 895
663 188 600
663 272 805
663 414 146
663 428 448
663 451 940
663 520 801
663 647 770
663 653 748
664 44 806
664 59 3
664 230 752
664 236 755
664 311 521
664 390 167
664 420 140
664 460 527
664 520 820
664 565 396
664 632 836
664 643 543
665 677 237
665 4 93
665 30 831
665 273 110
665 456 907
665 519 926
665 525 116
665 565 681
665 577 880
666 677 64
666 118 176
666 121 402
666 168 460
666 332 437
666 340 419
666 364 704
666 407 965
666 438 839
666 478 105
666 624 900
666 637 864
666 682 775
667 7 66
667 230 617
667 343 35
667 346 639
667 361 499
667 370 120
667 511 290
667 567 564
667 569 664
667 602 305
668 261 25
668 316 269
668 408 223
668 503 12
668 568 154
669 679 909
669 13 498
669 25 759
669 83 199
669 147 470
669 242 709
669 398 474
669 543 462
669 649 841
670 317 182
670 402 202
670 431 199
670 442 772
670 459 884
670 494 364
670 654 464
671 161 2
671 186 884
671 198 421
671 240 256
671 336 322
671 373 743
671 386 312
671 454 471
671 481 50
672 678 336
672 92 155
672 109 828
672 229 106
672 416 488
672 422 457
672 454 145
673 9 204
674 121 57
674 135 508
674 216 748
674 400 331
674 462 734
674 467 716
674 597 400
674 661 802
675 208 482
675 215 520
675 255 370
675 438 903
675 541 60
676 59 469
676 102 802
676 185 982
676 226 606
676 234 102
676 271 84
676 277 163
677 691 796
677 167 587
677 170 245
677 229 105
677 249 521
677 298 96
677 355 482
677 567 62
677 585 909
678 61 585
678 102 870
678 119 781
678 293 391
678 382 156
678 451 335
678 515 582
678 517 483
678 538 14
678 607 131
678 656 952
679 55 40
679 97 458
679 165 111
679 184 845
679 242 574
679 251 475
679 274 627
679 331 122
679 431 609
679 471 705
679 521 192
679 529 742
679 626 956
679 676 953
680 683 378
680 14 16
680 132 850
680 195 608
680 232 282
680 304 970
680 419 977
680 426 735
680 475 335
680 597 891
680 614 400
681 42 757
681 55 967
681 139 205
681 227 706
681 256 699
681 298 987
681 339 399
681 348 648
681 395 804
681 470 13
681 527 386
681 540 928
681 622 83
682 47 647
682 68 969
682 80 763
682 110 783
682 133 372
682 141 104
682 142 708
682 209 544
682 227 447
682 242 244
682 261 276
682 313 301
682 332 456
682 443 405
682 538 279
682 564 885
683 686 33
683 692 363
683 226 349
683 307 318
683 340 523
683 397 286
683 507 403
683 518 541
683 558 310
683 648 808
683 662 979
684 688 444
684 35 470
684 155 405
684 169 110
684 253 242
684 256 594
684 265 619
684 266 654
684 372 509
684 416 111
684 434 74
685 4 578
685 78 407
685 110 708
685 112 956
685 159 514
685 201 964
685 326 154
685 347 754
685 364 995
685 467 871
685 498 868
685 579 301
685 655 455
686 693 260
686 15 655
686 32 373
686 160 61
686 213 876
686 314 656
686 371 646
686 421 624
686 434 869
686 460 575
686 501 567
686 502 140
686 564 193
686 648 63
686 653 600
686 659 283
687 6 21
687 20 150
687 21 553
687 33 391
687 65 248
687 66 886
687 166 979
687 250 132
687 298 831
687 352 245
687 370 368
687 522 782
687 523 329
687 640 955
687 653 672
688 67 404
688 87 271
688 132 498
688 170 307
688 205 795
688 270 273
688 293 906
688 380 83
688 390 921
688 399 971
688 419 525
688 437 838
689 690 532
689 40 482
689 63 566
689 125 785
689 132 437
689 418 135
689 421 423
689 445 214
689 521 608
690 84 186
690 124 950
690 170 885
690 212 139
690 286 927
690 346 134
690 383 928
690 485 932
690 500 896
690 582 759
691 71 296
691 101 138
691 118 104
691 176 416
691 205 501
691 229 54
691 273 182
691 351 972
691 356 341
691 384 301
691 461 911
691 472 957
691 516 709
691 541 223
691 648 553
692 401 988
692 408 371
692 446 518
693 105 131
693 123 795
693 219 176
693 285 24
693 296 217
693 325 590
693 357 773
693 561 459
693 593 782
693 637 662
694 43 337
694 135 503
694 330 195
694 373 335
694 385 907
694 444 174
694 449 512
694 595 77
695 4 384
695 143 841
695 416 215
695 428 775
695 483 235
695 677 27
696 135 598
696 176 642
696 219 35
696 227 157
696 289 204
696 449 461
696 497 625
696 567 919
697 11 739
697 87 237
697 250 110
697 291 630
697 301 877
697 486 141
697 587 732
698 47 581
698 121 562
698 124 493
698 169 871
698 195 846
698 229 200
698 298 922
698 379 590
698 388 568
698 567 384
698 617 884
698 637 941
698 660 265
699 141 41
699 267 338
699 382 880
699 577 608
699 682 613
