600 6641 0
0 42 549
0 189 868
0 288 907
0 362 721
0 445 542
0 583 15
0 1 732
0 2 799
0 59 372
0 95 103
0 184 102
1 143 247
1 269 600
1 350 805
1 370 547
1 380 998
1 415 624
1 474 62
1 501 162
1 521 956
1 531 21
1 566 946
1 3 57
1 4 490
1 8 555
1 17 777
1 21 701
1 37 944
1 60 476
1 149 443
2 120 934
2 248 525
2 271 516
2 295 401
2 299 846
2 386 556
2 440 966
2 563 272
2 5 162
2 32 42
2 35 739
2 102 995
2 107 526
3 46 671
3 67 306
3 114 747
3 131 115
3 216 269
3 236 752
3 410 254
3 547 532
3 558 514
3 582 522
3 598 38
3 6 158
3 7 592
3 16 271
3 40 656
3 79 861
3 82 786
3 135 309
3 142 426
3 456 611
4 79 996
4 140 505
4 186 876
4 243 285
4 296 611
4 347 260
4 392 688
4 402 649
4 439 861
4 473 280
4 562 452
4 15 494
4 30 769
4 36 588
4 151 719
4 234 107
5 178 51
5 182 988
5 280 20
5 308 13
5 418 590
5 430 836
5 12 971
5 22 881
6 20 288
6 165 764
6 208 559
6 228 829
6 309 908
6 335 52
6 357 869
6 404 451
6 492 366
6 507 133
6 547 367
6 561 853
6 581 581
6 160 940
6 175 69
6 250 979
6 434 554
7 117 445
7 140 635
7 225 350
7 291 380
7 455 84
7 10 291
7 11 941
7 86 859
7 108 531
7 134 260
7 252 745
8 196 664
8 207 532
8 246 190
8 326 140
8 345 51
8 367 926
8 456 569
8 488 297
8 579 596
8 9 134
8 23 84
8 27 962
8 41 935
8 297 765
9 27 864
9 69 961
9 88 878
9 149 696
9 189 934
9 211 283
9 229 588
9 246 614
9 294 361
9 417 870
9 465 300
9 467 491
9 514 685
9 26 30
9 57 642
9 90 127
9 144 838
10 116 861
10 237 447
10 303 764
10 305 111
10 316 178
10 342 268
10 375 477
10 414 8
10 440 531
10 451 172
10 494 830
10 510 922
10 577 58
10 592 509
10 18 247
10 213 703
11 54 367
11 72 730
11 91 18
11 140 548
11 201 229
11 323 785
11 375 231
11 460 790
11 565 902
11 576 164
11 7 398
11 55 498
11 162 741
11 430 554
11 498 990
12 19 603
12 109 443
12 264 468
12 277 84
12 327 807
12 439 710
12 510 176
12 596 362
12 13 907
12 14 941
12 52 635
13 125 261
13 133 539
13 162 757
13 249 746
13 361 450
13 370 98
13 401 725
13 418 402
13 520 872
13 538 241
13 542 611
13 45 737
13 101 568
13 323 54
14 49 357
14 69 701
14 120 29
14 190 178
14 212 666
14 482 11
14 513 800
14 571 121
14 118 50
15 37 358
15 62 289
15 86 790
15 127 269
15 160 89
15 283 62
15 303 46
15 310 779
15 319 77
15 325 841
15 436 450
15 517 516
15 549 338
15 567 527
15 5 394
15 93 140
15 99 298
15 167 963
16 53 553
16 234 709
16 286 86
16 290 840
16 348 364
16 450 879
16 470 790
16 517 606
16 64 103
16 196 596
17 47 326
17 69 397
17 131 692
17 146 913
17 359 591
17 422 639
17 455 271
17 487 951
17 512 729
17 568 869
17 29 62
17 132 999
17 528 929
17 575 783
18 70 359
18 173 1
18 202 780
18 293 907
18 305 547
18 312 476
18 19 504
18 42 454
18 189 920
19 72 830
19 258 152
19 283 187
19 302 69
19 345 354
19 434 592
19 465 80
19 481 295
19 485 206
19 532 354
19 538 909
19 564 673
19 18 860
19 20 504
19 24 832
19 187 310
19 210 58
20 31 863
20 106 259
20 187 402
20 191 843
20 203 477
20 246 440
20 383 105
20 398 312
20 438 780
20 477 852
20 584 907
20 596 8
20 34 737
20 51 951
20 54 630
20 186 143
20 478 908
20 506 340
21 125 729
21 277 724
21 279 226
21 308 795
21 355 336
21 360 726
21 408 867
21 481 765
21 511 128
21 25 505
21 39 263
22 93 534
22 113 71
22 138 885
22 143 931
22 176 496
22 231 860
22 255 57
22 335 287
22 363 859
22 389 919
22 423 954
22 152 673
22 336 208
22 395 65
23 48 776
23 191 932
23 219 876
23 458 32
23 474 893
23 506 598
23 554 996
23 562 148
23 577 194
23 33 879
23 38 293
23 460 78
24 46 882
24 105 218
24 138 8
24 247 688
24 284 626
24 397 188
24 436 504
24 527 266
24 572 801
24 17 625
24 21 298
24 31 558
24 127 4
24 499 43
25 130 172
25 157 873
25 184 155
25 214 864
25 240 592
25 312 172
25 341 572
25 374 710
25 399 209
25 430 635
25 442 958
25 112 523
25 247 185
26 44 15
26 163 10
26 193 703
26 215 35
26 246 341
26 290 638
26 295 315
26 327 510
26 332 577
26 394 344
26 501 871
26 509 536
26 522 41
26 544 853
26 580 477
26 586 872
26 28 738
26 49 632
26 146 281
27 31 976
27 40 460
27 93 633
27 439 754
27 497 140
27 535 539
27 125 817
28 52 462
28 103 397
28 140 851
28 214 718
28 274 48
28 372 1000
28 413 588
28 449 679
28 508 742
28 516 793
28 548 993
28 550 36
28 557 934
28 568 160
28 393 8
28 488 374
29 82 17
29 86 798
29 138 605
29 237 232
29 463 483
29 472 343
29 482 750
29 497 57
29 26 161
29 43 479
29 87 232
29 89 193
30 54 32
30 125 277
30 181 376
30 254 656
30 299 302
30 343 988
30 443 138
30 61 336
30 120 410
31 52 304
31 121 158
31 145 107
31 174 307
31 177 942
31 317 606
31 449 311
31 482 274
31 484 535
31 494 836
31 543 308
31 583 506
31 56 640
32 75 752
32 277 95
32 335 755
32 353 429
32 361 93
32 470 52
32 486 168
32 494 0
32 589 273
32 597 778
32 48 17
32 65 567
32 72 124
32 73 179
32 248 521
32 286 760
33 81 148
33 98 744
33 196 644
33 210 160
33 259 626
33 322 90
33 434 481
33 496 759
33 539 615
33 555 877
33 597 469
33 2 344
33 17 953
33 121 773
34 56 613
34 126 108
34 282 101
34 300 279
34 393 50
34 567 166
34 570 881
34 201 840
35 64 378
35 106 955
35 183 897
35 221 399
35 254 161
35 361 635
35 377 336
35 379 9
35 401 74
35 493 637
35 544 427
35 581 8
35 66 647
35 284 497
36 144 454
36 232 915
36 368 744
36 421 688
36 484 833
36 567 285
36 575 915
36 324 437
37 117 243
37 198 160
37 205 721
37 248 625
37 269 726
37 283 370
37 316 853
37 489 597
37 528 867
37 558 673
37 592 807
37 94 206
38 73 866
38 100 627
38 128 251
38 166 2
38 279 881
38 327 188
38 406 44
38 418 956
38 434 553
38 493 363
38 500 270
38 563 932
38 580 186
38 62 333
38 296 694
39 40 448
39 289 392
39 327 433
39 524 336
39 565 254
39 574 358
39 124 407
40 170 613
40 176 91
40 189 800
40 208 933
40 308 80
40 574 102
40 589 845
40 21 851
40 47 688
40 68 883
41 143 827
41 220 486
41 227 722
41 256 236
41 333 330
41 346 501
41 375 525
41 397 327
41 418 195
41 557 2
41 593 76
41 7 859
41 30 69
41 91 607
42 96 811
42 251 249
42 385 467
42 418 259
42 471 443
42 493 717
42 534 200
42 44 607
42 53 440
42 76 3
43 73 592
43 99 664
43 159 243
43 191 612
43 267 948
43 329 947
43 396 530
43 415 222
43 434 740
43 455 583
43 498 218
43 524 531
43 544 775
43 574 555
43 37 791
43 39 2
43 50 701
43 523 624
44 120 455
44 178 673
44 179 271
44 214 383
44 215 960
44 217 573
44 238 219
44 559 138
44 69 33
44 92 826
45 93 803
45 100 738
45 145 611
45 151 296
45 196 611
45 216 923
45 218 725
45 350 549
45 374 134
45 423 472
45 445 594
45 511 347
45 0 433
45 4 760
45 46 911
45 78 89
45 326 59
45 351 918
46 98 240
46 148 670
46 181 767
46 315 697
46 352 225
46 368 706
46 484 878
46 498 514
46 113 698
46 390 121
46 407 361
47 193 868
47 225 212
47 330 282
47 368 220
47 399 233
47 419 236
47 428 237
47 500 11
47 501 126
47 128 380
48 192 899
48 242 56
48 256 354
48 306 839
48 308 653
48 393 516
48 596 122
48 3 811
48 40 331
48 105 677
48 404 268
49 57 527
49 102 1000
49 161 126
49 176 956
49 223 872
49 505 558
49 546 575
49 566 659
49 573 336
49 593 60
49 21 56
49 80 302
49 559 307
50 416 885
50 473 917
50 476 289
50 522 926
50 537 262
50 23 65
50 24 416
50 35 935
50 239 288
50 467 980
51 62 198
51 113 359
51 264 389
51 360 756
51 397 473
51 479 382
51 480 313
51 491 536
51 179 942
51 299 112
52 205 709
52 217 705
52 267 579
52 321 577
52 350 257
52 361 855
52 362 571
52 5 265
52 25 681
52 130 183
52 185 947
52 262 775
52 441 70
52 461 801
52 527 689
53 61 203
53 79 441
53 123 131
53 179 777
53 288 733
53 353 505
53 364 175
53 403 316
53 488 120
53 490 81
53 18 232
53 71 678
53 138 367
53 190 259
53 357 319
54 108 590
54 172 566
54 247 412
54 261 755
54 292 32
54 408 346
54 482 138
54 514 654
54 528 332
54 560 289
54 10 972
55 250 717
55 306 350
55 313 637
55 397 454
55 434 466
55 454 996
55 553 210
55 7 630
55 34 939
55 58 867
55 63 455
55 163 447
55 273 781
55 342 832
55 384 728
56 72 164
56 87 869
56 360 730
56 448 741
56 451 909
56 530 381
56 8 880
56 207 162
56 444 113
56 524 494
57 156 674
57 199 712
57 237 984
57 337 864
57 478 453
57 480 546
57 7 335
57 31 412
57 45 226
57 77 939
58 78 662
58 204 242
58 238 15
58 266 628
58 374 423
58 512 545
58 67 560
58 137 518
58 158 693
58 278 448
59 278 800
59 324 535
59 371 666
59 380 89
59 417 250
59 449 435
59 576 253
59 31 506
59 154 156
59 556 663
60 150 160
60 235 983
60 240 594
60 492 234
60 564 121
60 592 109
60 38 216
60 81 315
60 327 906
61 65 558
61 107 953
61 165 562
61 262 781
61 290 31
61 307 312
61 372 487
61 452 751
61 453 116
61 552 30
61 253 995
61 295 541
62 84 415
62 138 959
62 206 258
62 289 951
62 422 919
62 469 387
62 499 421
62 508 546
62 512 483
62 586 265
62 5 451
62 382 671
63 84 768
63 141 739
63 187 931
63 250 789
63 268 365
63 301 964
63 335 147
63 379 336
63 392 695
63 531 281
63 32 814
63 223 44
64 129 665
64 251 916
64 272 356
64 293 114
64 34 453
64 50 937
64 229 794
65 71 706
65 99 597
65 159 801
65 271 52
65 317 432
65 392 218
65 404 8
65 565 245
65 59 241
65 85 462
65 148 2
65 164 353
65 435 668
66 137 419
66 151 520
66 208 304
66 253 883
66 355 691
66 367 306
66 389 916
66 399 527
66 463 639
66 505 109
66 554 852
66 7 159
66 11 847
66 24 731
66 38 355
66 70 829
66 153 209
66 256 2
66 267 94
66 305 761
66 491 387
67 71 739
67 78 201
67 122 227
67 128 29
67 253 393
67 260 900
67 270 366
67 281 800
67 313 772
67 330 828
67 518 150
67 519 194
67 75 755
67 106 822
67 177 102
67 364 179
68 228 923
68 258 198
68 268 22
68 298 606
68 352 364
68 403 382
68 444 651
68 491 438
68 577 586
68 8 234
68 200 722
68 211 40
68 431 31
69 74 108
69 76 188
69 172 885
69 226 58
69 320 337
69 376 575
69 387 454
69 436 945
69 446 101
69 459 746
69 500 856
69 522 228
69 20 299
69 42 981
69 578 421
70 83 796
70 176 427
70 268 606
70 342 559
70 381 693
70 548 918
70 96 62
70 122 273
70 536 952
71 178 459
71 301 738
71 313 403
71 484 884
71 499 870
71 526 928
71 204 912
72 142 101
72 156 719
72 202 904
72 275 771
72 483 856
72 572 858
72 74 927
73 205 829
73 220 964
73 253 489
73 255 715
73 355 408
73 361 166
73 503 705
73 14 388
73 31 780
74 275 552
74 368 677
74 435 753
74 489 663
74 525 512
74 527 124
74 592 340
74 12 729
74 88 953
74 109 583
74 136 225
74 139 815
74 580 744
75 177 901
75 301 409
75 392 947
75 552 787
75 83 73
76 85 268
76 141 180
76 189 370
76 251 420
76 359 447
76 368 22
76 450 435
76 597 117
76 178 560
76 329 896
77 170 849
77 195 394
77 202 385
77 273 330
77 293 52
77 363 545
77 431 29
77 546 819
77 585 702
77 597 136
77 18 738
77 438 690
78 366 53
78 440 996
78 4 523
78 57 64
78 147 88
78 298 138
79 83 485
79 115 962
79 179 553
79 258 539
79 266 164
79 412 15
79 433 770
79 481 424
79 525 835
79 529 175
79 584 994
79 39 887
79 110 370
79 117 13
79 195 72
79 263 954
79 500 173
80 119 57
80 125 266
80 132 748
80 286 573
80 449 885
80 487 795
80 16 326
80 40 391
80 198 490
80 221 429
80 565 567
80 571 757
81 109 992
81 121 319
81 148 667
81 159 928
81 307 615
81 366 703
81 434 921
81 463 698
81 467 316
81 526 169
81 22 759
81 48 275
81 84 462
81 261 344
81 397 203
81 546 637
82 90 519
82 177 392
82 190 915
82 222 68
82 273 441
82 382 51
82 434 840
82 494 52
82 504 809
82 577 0
82 37 727
82 126 126
83 135 914
83 150 557
83 211 138
83 279 241
83 410 23
83 444 842
83 453 97
83 483 758
83 556 108
83 45 348
83 97 7
83 98 422
84 144 91
84 228 669
84 329 720
84 376 104
84 448 187
84 453 901
84 468 654
84 473 80
84 487 404
84 492 829
84 509 202
84 527 346
84 583 181
84 80 76
84 111 60
84 123 632
85 156 227
85 192 146
85 200 920
85 220 666
85 276 925
85 443 491
85 455 314
85 486 71
85 497 408
85 513 400
85 526 525
85 577 659
85 203 995
85 212 486
85 218 991
85 518 916
86 119 915
86 126 943
86 160 877
86 246 197
86 285 887
86 411 687
86 473 887
86 482 828
86 265 291
87 206 739
87 242 599
87 273 187
87 283 1000
87 304 698
87 346 734
87 461 770
87 533 485
87 540 41
87 18 223
87 54 321
88 153 845
88 196 775
88 228 594
88 326 667
88 348 696
88 401 651
88 440 830
88 496 210
88 502 809
88 510 804
88 551 999
88 6 763
88 82 675
88 100 577
88 170 155
88 172 399
88 208 707
89 90 587
89 109 201
89 155 915
89 164 194
89 207 348
89 582 221
89 306 333
89 369 446
90 265 976
90 374 313
90 380 360
90 385 206
90 405 623
90 475 406
90 488 920
90 494 515
90 39 287
90 103 624
90 174 306
90 197 733
90 367 100
90 445 835
91 137 435
91 206 574
91 282 136
91 401 929
91 312 107
92 193 346
92 349 837
92 358 708
92 387 450
92 414 627
92 464 467
92 30 131
92 44 214
92 67 697
92 74 204
92 91 392
92 228 43
92 432 590
93 242 943
93 262 970
93 350 177
93 440 591
93 490 125
93 547 1000
93 550 717
93 9 878
93 33 849
93 75 510
93 82 654
93 90 563
93 150 955
93 209 310
93 293 169
94 124 47
94 339 243
94 367 984
94 550 687
94 566 944
94 63 961
94 104 900
94 532 560
95 287 68
95 415 13
95 585 431
95 587 157
95 596 239
95 280 308
95 359 633
95 399 985
95 403 783
96 114 779
96 146 655
96 169 744
96 208 930
96 247 12
96 333 980
96 355 910
96 394 774
96 471 886
96 594 334
96 21 531
96 119 336
96 145 970
97 239 439
97 287 619
97 343 834
97 386 676
97 461 188
97 514 368
97 525 78
97 539 32
97 24 786
97 78 91
97 81 38
97 85 761
97 92 307
97 94 962
97 303 152
98 103 419
98 105 94
98 109 733
98 158 409
98 224 563
98 329 944
98 351 310
98 404 81
98 431 439
98 461 903
98 468 973
98 515 945
98 528 787
98 532 70
98 37 391
98 282 473
98 349 55
99 107 874
99 165 275
99 171 333
99 176 239
99 262 742
99 270 808
99 288 534
99 417 486
99 470 50
99 564 69
99 86 25
99 116 53
99 216 959
99 219 991
100 122 95
100 185 641
100 270 750
100 275 715
100 277 675
100 347 824
100 411 820
100 485 256
100 506 224
100 584 916
100 590 997
100 48 416
100 65 809
100 95 143
101 145 643
101 174 394
101 180 5
101 272 433
101 314 699
101 320 781
101 326 243
101 335 209
101 348 720
101 376 390
101 383 501
101 438 86
101 456 427
101 468 479
101 560 19
101 41 222
101 115 274
101 143 327
102 125 648
102 174 816
102 271 574
102 596 39
102 46 99
102 157 857
102 227 551
102 353 899
103 191 33
103 195 730
103 203 820
103 279 438
103 291 725
103 385 511
103 468 958
103 530 529
103 546 987
103 31 479
103 129 857
104 127 144
104 150 422
104 181 625
104 192 273
104 206 177
104 209 156
104 262 671
104 300 116
104 322 267
104 335 32
104 345 134
104 404 767
104 456 76
104 18 408
104 165 656
105 169 758
105 246 124
105 290 582
105 331 430
105 398 535
105 546 528
105 188 541
105 465 841
106 111 245
106 140 103
106 276 246
106 410 342
106 429 217
106 590 436
106 31 995
106 83 972
106 419 400
106 423 397
106 425 216
107 118 906
107 132 695
107 208 509
107 260 12
107 310 959
107 315 451
107 326 522
107 335 608
107 401 310
107 487 698
107 493 621
107 537 233
107 562 750
107 34 20
107 65 770
107 84 525
108 150 792
108 198 510
108 210 61
108 232 699
108 7 172
108 31 413
108 37 716
108 52 309
108 59 41
108 66 863
108 241 143
108 245 84
108 291 33
109 194 801
109 364 617
109 369 21
109 387 74
109 556 857
109 565 866
109 0 754
110 133 624
110 158 611
110 216 465
110 228 221
110 288 847
110 364 141
110 407 36
110 450 59
111 115 651
111 123 507
111 177 908
111 246 621
111 356 135
111 360 454
111 385 585
111 477 843
111 525 18
111 9 0
111 66 864
111 83 214
111 169 459
112 198 836
112 281 842
112 352 312
112 523 8
112 568 238
112 95 549
112 236 142
113 279 450
113 368 865
113 400 400
113 493 361
113 574 665
113 42 105
113 114 631
114 198 82
114 208 824
114 367 266
114 396 621
114 80 234
114 191 747
114 233 874
115 130 627
115 230 156
115 257 707
115 259 165
115 269 151
115 365 362
115 433 687
115 514 860
115 516 459
115 524 196
115 572 343
115 486 359
116 209 751
116 273 971
116 341 544
116 445 125
116 483 838
116 528 875
116 587 525
116 95 100
116 325 890
116 354 42
116 416 618
117 149 482
117 158 143
117 518 868
117 556 588
117 574 104
117 15 206
117 43 588
117 53 661
117 84 837
118 204 697
118 225 254
118 285 935
118 364 189
118 399 570
118 409 814
118 465 303
118 479 317
118 498 369
118 535 598
118 567 438
118 590 754
118 65 422
118 437 636
119 123 702
119 131 860
119 373 70
119 11 247
119 27 128
119 61 311
119 225 305
119 540 212
120 129 589
120 149 729
120 205 597
120 210 790
120 278 234
120 431 408
120 463 444
120 477 322
120 482 760
120 495 146
120 510 654
120 571 3
120 71 908
121 124 594
121 155 530
121 199 42
121 202 910
121 208 288
121 284 616
121 324 231
121 487 921
121 61 279
121 133 465
121 141 908
121 222 32
121 562 281
122 169 530
122 225 268
122 386 897
122 444 707
122 446 884
122 551 807
122 570 401
122 580 983
122 2 24
122 32 807
122 94 625
122 318 428
122 371 662
122 450 322
123 187 793
123 230 586
123 236 535
123 263 858
123 274 740
123 434 383
123 456 245
123 483 461
123 584 530
123 22 18
123 105 586
123 220 905
123 272 120
123 512 454
123 515 509
124 131 546
124 245 600
124 320 533
124 332 46
124 408 795
124 587 322
124 32 310
124 67 38
125 173 371
125 192 536
125 194 811
125 236 450
125 334 195
125 351 445
125 595 149
125 27 97
125 40 104
125 64 43
125 92 32
125 102 345
125 283 993
125 308 615
126 128 367
126 150 867
126 336 77
126 345 113
126 379 880
126 390 45
126 477 967
126 486 880
126 518 668
126 532 524
126 537 835
126 32 341
126 381 575
127 134 235
127 151 728
127 165 752
127 213 589
127 269 412
127 343 516
127 370 422
127 485 717
127 68 994
127 70 175
127 131 610
127 275 626
127 582 862
128 312 161
128 338 957
128 384 706
128 420 987
128 447 694
128 479 707
128 549 25
128 569 338
128 45 590
128 56 500
128 114 63
129 167 923
129 177 228
129 199 974
129 227 849
129 251 413
129 333 568
129 435 296
129 458 199
129 485 117
129 502 548
129 560 394
129 140 680
129 155 112
129 206 859
129 279 87
130 153 833
130 194 673
130 271 67
130 297 54
130 356 526
130 362 45
130 437 60
130 443 956
130 461 518
130 69 576
130 230 886
130 426 26
131 225 961
131 240 480
131 393 531
131 535 157
131 560 532
132 220 371
132 277 8
132 291 464
132 298 211
132 331 436
132 445 269
132 547 403
132 93 371
133 146 248
133 190 382
133 219 170
133 290 397
133 344 822
133 348 794
133 423 186
133 507 482
133 549 149
133 599 505
133 69 518
133 115 131
133 224 490
134 139 462
134 145 674
134 272 629
134 322 725
134 357 624
134 376 441
134 436 19
134 488 954
134 583 614
134 20 789
134 115 302
134 156 774
134 194 434
135 163 636
135 176 886
135 329 216
135 357 714
135 398 126
135 510 572
135 547 53
135 551 945
135 24 960
135 90 211
135 159 662
135 290 740
135 294 175
135 409 979
136 150 664
136 184 654
136 368 859
136 503 143
136 528 12
136 541 217
136 579 781
136 27 883
136 45 191
136 55 847
136 127 916
136 214 228
136 332 727
137 156 70
137 266 361
137 329 890
137 447 832
137 473 39
137 536 54
137 8 114
137 33 411
137 50 656
137 132 216
137 136 730
137 343 197
137 360 561
138 144 308
138 249 972
138 401 698
138 463 944
138 554 147
138 50 439
138 131 936
138 161 181
138 168 252
138 215 735
139 184 47
139 191 426
139 229 900
139 409 408
139 518 481
139 526 915
139 8 902
139 127 192
139 568 873
140 221 693
140 238 498
140 255 878
140 256 793
140 415 479
140 554 559
140 21 169
140 180 627
140 344 127
141 253 624
141 366 976
141 394 515
141 509 804
141 519 204
141 541 76
141 596 792
141 54 951
141 109 325
141 270 580
142 218 753
142 229 662
142 320 723
142 322 821
142 337 460
142 403 441
142 424 851
142 523 118
142 42 133
142 98 567
142 133 804
142 255 985
143 162 781
143 181 123
143 199 318
143 312 300
143 321 753
143 372 13
143 376 800
143 378 7
143 424 707
143 446 242
143 538 751
143 39 994
143 85 588
143 91 6
143 93 772
143 103 407
143 109 384
143 132 720
143 362 196
144 145 386
144 160 367
144 189 179
144 414 833
144 86 224
144 102 416
144 199 67
145 231 640
145 237 211
145 258 764
145 436 551
145 450 760
145 544 777
145 581 979
145 33 825
145 91 805
145 100 527
145 232 970
146 239 555
146 263 995
146 308 534
146 319 120
146 364 198
146 422 588
146 423 968
146 433 809
146 443 283
146 3 307
146 94 165
146 243 925
146 583 455
147 198 986
147 286 394
147 400 392
147 429 199
147 436 866
147 440 342
147 447 647
147 471 900
147 507 199
147 518 787
147 526 740
147 564 336
148 164 581
148 196 977
148 198 275
148 240 659
148 276 678
148 296 850
148 301 70
148 303 585
148 309 41
148 334 966
148 340 933
148 486 229
148 506 956
148 36 29
148 55 289
148 235 220
148 375 833
149 172 277
149 259 946
149 263 866
149 286 523
149 369 377
149 397 857
149 495 216
149 505 406
149 525 156
149 533 390
149 11 629
149 406 150
149 408 894
149 554 623
150 154 712
150 324 238
150 361 962
150 362 529
150 387 120
150 425 782
150 437 199
150 464 140
150 472 931
150 497 751
150 538 13
150 3 334
150 13 415
150 47 539
150 96 534
150 138 413
151 268 514
151 322 890
151 326 974
151 378 396
151 419 780
151 441 214
151 502 93
151 551 623
151 25 675
151 64 785
151 107 747
151 116 474
152 196 677
152 222 721
152 264 989
152 342 955
152 428 845
152 431 489
152 535 984
152 550 705
152 14 710
152 27 724
152 50 888
152 59 967
152 100 791
152 111 754
153 174 907
153 229 103
153 384 179
153 386 233
153 473 503
153 588 409
153 23 982
153 72 456
153 142 590
153 358 309
154 180 354
154 184 431
154 303 742
154 349 26
154 418 802
154 484 115
154 516 215
154 520 498
154 91 300
154 166 689
154 269 737
154 334 161
154 422 330
155 177 489
155 206 488
155 215 777
155 496 617
155 515 756
155 536 792
155 145 299
156 181 190
156 267 343
156 275 586
156 488 505
156 542 486
156 590 168
156 593 88
156 50 951
156 122 398
156 151 170
157 159 395
157 179 258
157 305 486
157 456 408
157 466 891
157 19 700
157 25 331
157 50 494
157 107 526
157 285 832
158 299 176
158 450 764
158 459 474
158 501 222
158 585 950
158 20 831
158 73 41
158 120 880
158 133 710
158 147 383
158 469 771
159 235 838
159 340 832
159 357 939
159 423 427
159 446 687
159 508 536
159 521 83
159 4 712
159 94 124
159 176 324
159 181 246
160 208 945
160 235 688
160 293 106
160 382 469
160 413 178
160 504 520
160 585 97
160 59 615
160 182 983
161 235 444
161 286 906
161 335 153
161 375 509
161 3 149
161 76 777
162 164 25
162 175 983
162 257 824
162 326 450
162 335 831
162 476 201
162 525 135
162 543 473
162 1 270
162 50 624
162 123 335
162 133 988
162 137 10
163 172 750
163 289 939
163 297 973
163 303 280
163 318 847
163 375 585
163 446 456
163 547 923
163 586 260
163 24 262
163 36 561
163 38 949
163 79 672
163 116 922
163 134 344
163 155 661
163 271 367
163 396 65
163 398 403
164 172 456
164 180 800
164 190 121
164 262 117
164 348 27
164 402 704
164 408 973
164 424 679
164 560 155
164 69 505
164 117 324
164 118 389
164 149 705
165 185 943
165 204 919
165 217 441
165 251 833
165 278 591
165 315 8
165 444 630
165 503 769
165 524 892
165 531 376
165 593 191
165 598 39
165 171 559
165 320 384
166 168 869
166 191 143
166 200 309
166 246 70
166 278 935
166 458 667
166 536 752
166 117 841
166 134 858
166 264 402
166 530 784
167 236 461
167 358 950
167 457 555
167 466 832
167 526 732
167 9 49
167 49 885
167 124 489
167 335 20
167 420 624
168 274 351
168 283 145
168 291 858
168 437 748
168 458 598
168 110 42
168 116 61
168 120 766
168 134 571
168 322 327
168 346 365
168 452 999
168 587 327
169 212 642
169 216 416
169 257 420
169 275 59
169 320 699
169 342 636
169 369 381
169 408 95
169 427 795
169 483 523
169 511 184
169 530 266
169 38 252
169 466 425
170 181 127
170 213 903
170 277 545
170 280 546
170 294 458
170 298 838
170 322 409
170 337 374
170 338 458
170 362 374
170 407 738
170 450 145
170 457 2
170 521 652
170 39 481
170 154 75
170 192 616
171 240 911
171 252 163
171 346 709
171 386 712
171 445 532
171 504 631
171 529 491
171 542 55
171 60 725
171 106 958
172 206 435
172 374 622
172 381 547
172 384 639
172 407 9
172 17 261
172 105 850
172 144 325
172 154 857
172 155 147
172 231 423
172 257 929
172 338 992
172 361 732
172 440 244
173 180 566
173 184 98
173 236 595
173 364 32
173 440 862
173 504 664
173 533 156
173 536 927
173 33 934
173 37 253
173 39 127
173 102 921
173 158 453
173 183 779
173 394 619
174 297 294
174 405 88
174 414 232
174 432 484
174 497 915
174 572 586
174 578 855
174 59 901
174 71 230
174 78 976
174 442 499
174 561 678
175 200 222
175 294 110
175 401 365
175 405 250
175 406 571
175 411 687
175 448 402
175 543 660
175 71 635
175 97 249
175 138 826
175 161 564
176 191 87
176 214 856
176 241 763
176 366 172
176 454 205
176 7 498
176 115 491
176 341 726
177 202 606
177 217 220
177 259 992
177 365 893
177 427 666
177 435 247
177 519 822
177 123 557
178 204 760
178 209 828
178 224 843
178 232 749
178 238 52
178 254 644
178 357 562
178 437 148
178 476 685
178 538 391
178 547 382
178 594 959
178 75 510
178 90 642
178 116 490
178 146 877
179 200 798
179 216 294
179 265 445
179 392 277
179 598 80
179 22 846
179 57 767
179 277 728
179 356 601
180 183 27
180 245 694
180 349 101
180 491 580
180 508 505
180 582 687
180 21 51
180 40 330
180 98 609
180 109 458
181 294 264
181 337 631
181 343 436
181 493 163
181 551 165
181 46 742
181 103 457
181 169 296
181 205 367
182 200 840
182 213 667
182 271 490
182 289 44
182 373 591
182 381 957
182 500 393
182 525 841
182 67 58
182 202 558
182 238 426
182 244 723
182 315 362
182 355 471
183 199 642
183 311 17
183 340 953
183 380 917
183 493 841
183 513 44
183 515 932
183 76 214
183 82 844
183 102 663
183 173 792
183 405 939
183 418 135
184 223 904
184 261 257
184 324 762
184 325 288
184 332 601
184 562 963
184 16 872
184 37 768
184 62 989
184 96 407
184 137 872
184 145 483
185 196 491
185 403 139
185 445 803
185 546 673
185 38 115
185 65 413
185 155 126
186 195 759
186 265 787
186 270 522
186 414 652
186 525 585
186 537 626
186 584 396
186 6 759
186 22 479
186 46 908
186 58 619
186 95 595
186 447 538
187 249 528
187 306 895
187 350 914
187 367 997
187 371 527
187 382 118
187 383 311
187 427 910
187 473 130
187 475 625
187 523 57
187 585 779
187 17 179
187 57 959
187 259 236
187 379 653
188 230 942
188 264 742
188 275 517
188 365 779
188 386 116
188 459 375
188 481 504
188 490 354
188 63 643
188 164 337
188 274 339
188 594 682
189 191 303
189 197 337
189 206 34
189 294 648
189 302 580
189 408 558
189 505 44
189 508 320
189 548 274
189 555 372
189 570 908
189 44 734
189 53 124
189 93 413
189 143 149
190 194 236
190 270 497
190 384 751
190 525 6
190 537 777
190 581 529
190 22 225
190 63 143
190 144 506
190 152 467
191 196 548
191 283 698
191 333 993
191 373 138
191 414 351
191 525 182
191 24 520
191 36 123
191 237 626
191 276 454
191 558 321
192 256 942
192 313 225
192 325 293
192 348 360
192 435 852
192 477 479
192 515 546
192 47 448
192 74 383
193 211 197
193 224 370
193 237 849
193 379 383
193 461 922
193 482 815
193 573 655
193 578 691
193 583 631
193 598 308
193 38 9
193 95 759
193 110 24
193 135 591
193 147 61
193 178 779
193 226 737
194 308 838
194 367 186
194 368 405
194 440 564
194 448 866
194 494 546
194 533 515
194 7 271
194 46 17
194 56 910
194 108 629
194 117 324
194 122 495
194 167 354
194 173 197
194 184 621
194 380 346
195 277 534
195 317 511
195 335 535
195 399 579
195 556 511
195 7 969
195 78 182
196 244 558
196 315 613
196 338 822
196 371 79
196 381 473
196 552 681
196 595 989
196 181 842
196 183 82
196 288 853
197 221 111
197 275 883
197 403 619
197 53 171
197 126 337
197 140 950
197 184 30
197 372 431
197 539 63
198 200 341
198 206 312
198 264 699
198 568 579
198 132 735
198 159 530
198 178 530
198 292 550
199 220 365
199 257 609
199 293 729
199 342 843
199 434 142
199 449 857
199 490 800
199 514 465
199 592 328
199 34 151
199 492 898
200 226 812
200 298 71
200 325 511
200 444 312
200 479 275
200 481 837
200 501 153
200 516 514
200 522 587
200 18 353
200 33 601
200 103 2
200 169 172
200 254 743
201 295 336
201 300 983
201 312 349
201 417 466
201 488 956
201 73 54
201 117 618
201 168 566
201 476 604
202 206 886
202 285 138
202 293 617
202 357 230
202 370 596
202 372 578
202 592 689
202 27 289
202 50 207
202 133 970
202 182 741
202 249 282
202 392 900
203 353 383
203 374 112
203 385 878
203 425 586
203 440 741
203 464 331
203 514 711
203 112 815
203 150 537
204 227 982
204 449 825
204 522 923
204 560 883
204 31 930
204 43 524
204 113 885
204 117 332
204 121 766
204 134 629
204 166 34
204 181 830
204 191 743
204 307 615
204 309 736
205 234 242
205 281 938
205 412 725
205 503 643
205 597 950
205 599 78
205 52 872
205 121 786
205 176 289
206 429 912
206 477 894
206 567 270
206 579 559
206 581 351
207 257 784
207 268 964
207 292 264
207 539 67
207 79 218
207 93 873
207 139 699
207 153 272
207 246 996
208 323 709
208 325 182
208 350 696
208 456 413
208 501 939
208 22 506
208 113 554
208 129 941
208 171 141
209 246 484
209 286 150
209 303 470
209 343 688
209 440 616
209 466 14
209 470 721
209 547 161
209 559 721
209 560 950
209 32 537
209 141 839
209 557 428
210 247 896
210 331 826
210 357 450
210 451 926
210 488 441
210 491 510
210 596 973
210 22 310
210 47 498
210 146 63
210 181 185
211 300 670
211 462 766
211 499 441
211 519 709
211 524 239
211 532 546
211 20 122
211 38 102
212 229 564
212 230 794
212 232 424
212 281 781
212 326 932
212 373 567
212 395 794
212 407 465
212 441 477
212 467 167
212 485 48
212 544 849
212 14 241
212 25 58
212 187 403
212 199 165
212 251 809
213 300 428
213 445 513
213 456 426
213 543 327
213 551 390
213 59 543
213 117 252
213 153 886
213 287 234
214 263 168
214 272 92
214 286 68
214 350 344
214 380 108
214 424 148
214 581 320
214 70 270
214 90 642
214 155 102
214 189 562
214 378 640
215 314 28
215 410 878
215 463 219
215 521 384
215 533 926
215 560 432
215 79 427
215 110 619
215 155 410
215 196 239
215 204 448
216 326 376
216 360 135
216 375 976
216 523 649
216 573 792
216 574 25
216 82 196
216 98 816
217 260 114
217 308 950
217 380 726
217 494 419
217 563 927
217 85 544
217 109 782
217 198 100
217 205 238
217 428 319
218 252 165
218 344 575
218 377 26
218 420 494
218 500 290
218 562 772
218 568 601
218 115 741
218 187 390
218 211 307
219 222 912
219 250 937
219 327 587
219 405 448
219 512 340
219 32 822
219 53 800
219 98 702
219 191 703
219 205 875
219 212 791
219 317 570
219 411 890
220 303 86
220 312 87
220 441 324
220 474 694
220 485 174
220 499 667
220 525 825
220 534 653
220 553 191
220 21 596
220 29 212
220 83 958
220 101 356
220 128 341
220 164 992
220 171 360
220 479 202
221 243 710
221 273 988
221 388 286
221 392 24
221 502 369
221 24 117
221 114 374
221 144 256
221 188 213
221 206 932
221 218 158
222 254 707
222 263 939
222 378 558
222 379 655
222 412 325
222 549 405
222 551 710
222 174 493
222 179 305
222 210 605
222 304 682
223 267 915
223 276 956
223 291 43
223 342 343
223 395 656
223 447 550
223 530 45
223 543 429
223 555 368
223 15 144
223 67 437
223 109 627
223 153 963
223 163 474
223 242 481
223 551 392
224 273 660
224 293 307
224 296 978
224 513 787
224 562 182
224 123 699
224 150 150
224 157 341
224 172 890
224 210 25
224 216 956
225 238 362
225 363 830
225 0 621
225 37 776
225 82 321
225 85 954
225 118 593
225 169 202
225 179 569
225 258 270
225 301 925
226 332 473
226 343 810
226 547 490
226 584 734
226 158 609
226 201 449
227 229 937
227 420 479
227 423 624
227 476 670
227 512 173
227 577 436
227 155 799
227 205 59
227 266 100
227 345 780
228 317 23
228 395 562
228 495 101
228 565 966
228 31 967
228 70 500
228 78 295
228 105 827
228 138 322
228 240 627
228 591 936
229 271 294
229 291 704
229 368 247
229 371 228
229 390 664
229 539 368
229 593 523
229 22 331
229 86 980
229 103 55
229 106 435
229 137 125
229 167 387
229 220 541
229 347 728
230 346 49
230 505 865
230 536 906
230 537 900
230 25 437
230 48 808
230 84 646
230 93 296
230 340 214
231 336 227
231 448 191
231 467 220
231 575 463
231 168 701
231 198 659
231 321 146
231 352 174
232 237 847
232 261 468
232 268 109
232 525 410
232 527 468
232 537 260
232 59 303
232 81 951
232 89 945
232 102 378
232 542 102
233 364 621
233 430 793
233 487 873
233 544 143
233 97 42
233 118 167
233 178 666
233 179 605
234 283 306
234 329 761
234 359 431
234 471 825
234 72 742
234 232 928
234 495 798
235 469 207
235 518 172
235 31 105
235 459 240
235 545 707
236 295 774
236 320 742
236 334 559
236 358 158
236 373 12
236 374 779
236 389 744
236 470 626
236 531 84
236 559 911
236 47 918
236 65 256
236 67 276
236 102 403
236 192 174
236 214 929
237 286 440
237 361 546
237 437 802
237 538 10
237 563 996
237 1 417
237 29 370
237 46 332
237 155 984
237 218 16
238 322 105
238 398 57
238 407 344
238 562 330
238 5 320
239 297 753
239 373 697
239 484 291
239 208 587
240 287 911
240 301 464
240 341 68
240 395 620
240 444 696
240 462 489
240 478 417
240 540 736
240 550 755
240 557 569
240 14 768
240 102 2
240 181 601
240 531 897
240 541 451
241 329 534
241 469 633
241 506 684
241 558 981
241 561 840
241 31 62
241 33 996
241 71 846
241 93 507
241 114 529
241 186 684
242 354 42
242 355 889
242 360 249
242 403 38
242 484 155
242 509 466
242 527 981
242 578 613
242 582 29
242 7 673
242 50 543
242 61 982
242 81 489
242 96 405
242 131 513
242 167 427
242 168 241
242 480 939
243 269 707
243 270 594
243 273 226
243 280 448
243 312 743
243 378 934
243 395 206
243 476 471
243 494 142
243 537 10
243 583 242
243 11 8
243 146 427
243 166 630
244 253 57
244 255 592
244 403 54
244 417 198
244 437 28
244 533 320
244 543 166
244 14 221
244 82 236
244 150 128
244 170 696
244 176 778
244 443 569
244 475 257
245 330 617
245 338 845
245 342 366
245 374 569
245 397 675
245 523 209
245 52 747
245 139 706
245 182 270
245 421 990
245 436 794
246 280 525
246 286 315
246 412 845
246 421 154
246 454 698
246 522 542
246 6 250
246 69 740
246 184 746
246 206 353
246 289 365
246 387 872
246 548 457
247 254 353
247 397 715
247 481 599
247 525 620
247 554 266
247 556 598
247 69 128
247 222 604
247 385 630
247 520 183
248 271 115
248 384 261
248 390 428
248 447 978
248 543 411
248 51 581
248 93 518
248 210 365
248 214 891
249 313 781
249 332 997
249 359 906
249 444 903
249 531 661
249 540 302
249 561 171
249 19 614
249 48 815
249 50 328
249 82 878
249 134 426
249 148 229
249 235 841
250 557 431
250 302 662
250 348 697
251 359 404
251 368 565
251 444 73
251 453 643
251 460 975
251 503 354
251 521 337
251 543 908
251 579 642
251 584 901
251 153 935
251 202 420
251 400 369
252 281 233
252 283 562
252 299 564
252 334 852
252 375 924
252 484 76
252 106 624
252 134 923
252 234 224
252 249 575
253 524 771
253 528 621
253 584 994
253 82 149
253 114 496
253 160 97
253 190 473
253 238 590
253 311 446
253 496 867
254 259 268
254 418 39
254 517 891
254 523 486
254 550 977
254 9 817
254 174 446
254 214 66
254 232 576
254 243 700
254 328 514
255 259 597
255 336 537
255 376 823
255 401 483
255 493 410
255 583 625
255 27 678
255 133 209
255 142 114
255 477 267
256 271 816
256 339 314
256 343 494
256 361 265
256 367 65
256 497 132
256 551 548
256 43 398
256 56 593
257 270 733
257 304 380
257 306 425
257 406 788
257 413 634
257 431 805
257 438 257
257 492 872
257 506 303
257 507 138
257 528 420
257 53 481
257 316 621
257 366 672
258 430 778
258 483 889
258 24 841
258 67 731
258 401 143
259 327 437
259 443 954
259 482 63
259 21 685
259 76 981
259 152 844
259 195 881
260 417 961
260 442 669
260 0 323
260 9 595
260 38 662
260 72 239
260 82 386
260 113 541
260 122 998
260 145 635
260 200 799
260 220 548
260 231 658
260 502 694
261 457 561
261 542 475
261 591 550
261 57 504
261 90 3
261 191 791
261 252 617
261 255 298
261 300 288
262 324 279
262 356 161
262 412 230
262 120 964
262 227 45
262 427 547
263 281 111
263 321 423
263 330 77
263 382 794
263 480 707
263 587 426
263 86 362
263 148 29
263 155 173
263 203 476
263 204 426
263 386 156
263 417 192
264 281 791
264 302 19
264 350 725
264 365 176
264 474 527
264 476 256
264 482 828
264 564 472
264 246 318
265 295 671
265 324 231
265 424 422
265 439 34
265 482 626
265 509 66
265 511 652
265 561 988
265 58 986
265 174 784
265 235 155
265 242 732
265 373 993
266 273 122
266 297 9
266 332 206
266 354 137
266 355 298
266 429 485
266 437 959
266 445 371
266 544 763
266 568 452
266 5 158
266 15 889
266 30 810
266 113 882
266 120 990
266 202 431
266 339 828
266 507 842
267 293 73
267 298 915
267 320 892
267 407 477
267 478 817
267 566 969
267 92 565
267 134 939
267 220 424
268 319 20
268 341 941
268 504 381
268 512 346
268 40 682
268 43 227
268 63 237
268 100 707
268 337 961
268 535 230
269 486 659
269 531 233
269 589 384
269 266 42
270 516 90
270 560 422
270 570 324
270 41 139
270 57 838
270 127 145
270 166 370
270 171 217
270 187 207
270 264 77
271 275 736
271 278 388
271 319 916
271 341 423
271 426 845
271 451 427
271 513 327
271 531 268
271 563 703
271 568 225
271 574 814
271 594 644
271 75 263
271 103 645
271 106 849
271 136 5
272 306 993
272 341 720
272 451 659
272 545 341
272 31 397
272 198 657
272 227 186
272 376 638
273 291 211
273 309 276
273 322 78
273 444 707
273 464 542
273 585 722
273 59 20
273 65 313
273 123 491
273 143 653
274 321 917
274 411 74
274 422 315
274 558 508
274 597 235
274 42 414
274 90 387
274 145 370
274 229 59
274 260 47
274 263 564
274 264 249
274 374 476
275 351 371
275 377 299
275 384 624
275 428 835
275 518 589
275 566 841
275 573 604
275 577 445
275 113 644
275 209 283
275 247 26
276 346 538
276 436 226
276 42 897
276 46 861
276 195 331
276 236 672
277 309 667
277 395 66
277 410 896
277 441 829
277 502 408
277 46 401
277 87 860
277 132 752
277 219 672
277 333 671
277 388 295
278 345 539
278 364 471
278 455 441
278 23 829
278 99 504
278 117 76
278 261 503
278 566 503
279 326 297
279 374 183
279 392 65
279 421 432
279 459 808
279 498 5
279 500 934
279 502 230
279 513 853
279 564 636
279 571 196
279 18 121
279 30 527
279 40 287
279 71 691
279 131 390
279 183 721
279 221 84
279 242 525
279 248 156
279 363 4
280 323 968
280 407 841
280 503 468
280 508 118
280 592 154
280 593 771
280 216 808
280 229 616
280 247 703
281 321 883
281 482 848
281 523 391
281 550 461
281 4 813
281 85 155
281 203 796
282 470 275
282 479 557
282 495 71
282 521 130
282 536 26
282 551 858
282 596 354
282 56 590
282 98 401
282 133 32
282 216 407
283 290 225
283 363 722
283 400 26
283 598 249
283 49 216
283 144 562
283 167 275
283 182 274
283 278 89
283 391 247
284 335 969
284 362 240
284 437 99
284 456 826
284 478 39
284 483 947
284 66 389
284 107 289
284 124 404
284 191 514
284 249 182
285 301 106
285 318 589
285 322 744
285 356 666
285 370 511
285 446 55
285 471 501
285 533 18
285 37 255
285 68 695
285 87 600
285 195 502
285 206 545
285 254 913
285 414 63
286 330 675
286 348 820
286 351 601
286 383 407
286 436 615
286 455 455
286 507 589
286 520 931
286 36 121
286 161 651
286 229 841
287 327 728
287 335 71
287 337 257
287 363 696
287 408 932
287 465 290
287 496 850
287 507 137
287 7 495
287 47 757
287 59 801
287 111 454
287 165 451
287 282 389
287 310 29
287 377 532
288 332 616
288 336 829
288 346 136
288 399 255
288 410 170
288 519 186
288 550 558
288 579 199
289 345 750
289 396 409
289 427 814
289 524 964
289 2 561
289 45 909
289 77 687
289 132 539
289 144 677
289 217 950
290 307 811
290 350 93
290 399 992
290 416 637
290 421 35
290 556 271
290 82 542
290 132 377
290 182 290
290 219 219
290 289 876
291 468 283
291 471 220
291 552 66
291 559 594
291 575 860
291 29 825
291 41 212
291 80 852
291 141 828
291 203 38
291 209 244
292 334 411
292 348 280
292 449 418
292 475 873
292 41 817
292 268 148
292 368 732
293 367 269
293 493 76
293 512 310
293 519 123
293 527 325
293 566 544
293 133 523
293 229 85
293 249 4
293 263 419
293 412 517
293 458 778
294 375 523
294 395 806
294 493 858
294 520 846
294 581 947
294 40 371
294 194 137
294 213 11
294 214 636
294 241 354
295 392 443
295 421 433
295 497 376
295 506 143
295 27 975
295 82 847
295 148 652
295 177 459
295 178 655
295 183 705
295 244 59
295 252 749
295 259 904
295 262 827
296 307 872
296 353 972
296 363 100
296 364 619
296 467 978
296 571 712
296 595 423
296 6 166
296 67 371
296 102 601
296 282 107
296 291 527
297 394 535
297 404 190
297 438 695
297 524 146
297 579 655
297 583 569
297 586 24
297 22 496
297 116 67
297 120 966
297 160 508
297 172 722
297 183 55
297 244 347
297 319 291
298 319 516
298 357 480
298 417 55
298 589 831
298 76 5
298 130 23
298 257 37
298 509 615
299 375 702
299 412 842
299 438 92
299 476 998
299 508 453
299 543 259
299 597 30
299 81 32
299 116 752
299 142 998
300 323 653
300 397 90
300 422 164
300 430 718
300 551 51
300 586 264
300 177 216
300 224 896
300 485 770
300 588 789
301 547 749
301 256 964
302 373 68
302 424 283
302 439 992
302 463 287
302 472 983
302 583 281
302 42 377
302 66 252
302 101 53
302 135 286
302 156 971
303 332 537
303 402 725
303 443 705
303 461 775
303 479 572
303 486 983
303 507 295
303 586 222
303 598 279
303 6 427
303 145 10
303 228 687
303 238 902
304 391 76
304 469 257
304 587 352
304 26 989
304 73 195
304 97 145
304 162 60
304 171 582
304 182 617
304 183 670
304 189 652
304 240 802
304 278 250
304 293 564
304 297 946
304 313 234
305 363 477
305 381 588
305 423 291
305 496 220
305 542 676
305 582 207
305 69 597
305 82 513
305 88 691
305 275 27
306 336 670
306 456 209
306 501 588
306 509 509
306 540 93
306 598 643
306 38 243
306 137 638
306 150 95
306 167 758
306 200 820
306 266 117
306 277 4
306 433 813
307 308 916
307 340 700
307 438 557
307 533 833
307 536 528
307 578 382
307 582 87
307 584 251
307 24 978
307 94 700
307 114 911
307 239 348
307 288 91
307 415 427
308 349 814
308 350 73
308 434 516
308 475 557
308 29 104
308 146 734
309 435 937
309 493 788
309 502 424
309 524 528
309 576 216
309 5 512
309 14 308
309 31 783
309 48 612
309 52 696
309 143 134
309 153 194
309 189 19
309 209 877
309 258 505
310 379 855
310 416 252
310 576 432
310 35 329
310 93 197
310 138 591
310 213 317
310 331 608
310 508 95
311 318 964
311 359 106
311 474 152
311 11 104
311 187 90
311 236 618
311 314 738
311 365 113
311 484 697
312 487 298
312 561 544
312 12 860
312 23 49
312 24 532
312 47 912
312 121 611
312 197 292
312 270 43
312 309 876
312 574 523
313 343 411
313 357 690
313 394 704
313 471 949
313 548 61
313 581 913
313 583 569
313 589 310
313 27 58
313 30 450
313 60 896
313 330 257
314 343 651
314 376 470
314 429 178
314 433 773
314 434 334
314 489 600
314 524 666
314 552 816
314 558 982
314 570 643
314 14 290
314 152 17
314 186 704
314 228 898
314 232 563
314 237 426
315 320 663
315 379 555
315 425 403
315 432 771
315 434 75
315 472 334
315 550 860
315 559 76
315 14 66
315 34 984
315 60 199
315 76 438
315 233 847
316 327 906
316 450 740
316 64 933
316 181 675
316 221 198
316 268 190
316 298 81
316 451 116
316 585 943
317 374 51
317 392 605
317 398 182
317 449 253
317 456 341
317 531 83
317 164 961
317 168 641
317 246 73
318 393 684
318 482 446
318 519 773
318 543 972
318 26 986
318 29 418
318 30 976
318 41 838
318 190 32
318 253 510
319 575 431
319 593 484
319 50 484
319 193 637
319 261 141
319 278 208
319 309 560
320 370 631
320 378 176
320 469 572
320 562 721
320 584 173
320 109 130
320 167 752
320 193 355
320 218 140
320 243 371
320 260 684
320 293 378
320 306 630
320 453 985
321 444 295
321 486 700
321 493 377
321 507 581
321 579 369
321 95 311
321 102 632
321 225 979
322 333 262
322 356 918
322 386 811
322 417 188
322 449 938
322 517 759
322 30 532
322 80 107
322 200 262
322 213 610
322 246 812
322 510 473
322 584 313
323 370 524
323 396 205
323 421 301
323 516 473
323 536 944
323 28 549
323 99 35
323 146 456
323 200 220
323 240 483
323 287 605
323 590 856
324 328 979
324 391 410
324 463 509
324 594 382
324 22 142
324 52 423
324 143 357
324 180 49
324 283 62
324 299 207
324 313 298
324 483 936
325 531 7
325 571 485
325 1 577
325 140 974
325 164 114
325 178 876
326 348 196
326 377 432
326 503 796
326 513 102
326 547 742
327 346 554
327 381 154
327 395 6
327 427 338
327 475 757
327 476 880
327 82 578
327 109 89
327 174 445
327 325 736
328 393 902
328 453 731
328 505 463
328 59 186
328 146 566
328 158 356
328 501 632
329 368 356
329 523 740
329 572 137
329 11 432
329 41 672
329 42 31
329 51 790
329 64 26
329 144 669
329 168 592
329 241 930
330 347 186
330 377 111
330 458 90
330 477 742
330 536 173
330 543 792
330 33 578
330 78 968
330 94 576
330 236 143
331 458 274
331 522 380
331 558 2
331 14 146
331 66 379
331 109 301
331 140 542
331 169 151
331 214 492
331 310 779
331 567 546
332 362 450
332 432 776
332 480 822
332 481 974
332 7 482
332 41 343
332 43 785
332 67 460
332 71 616
332 96 935
332 112 644
332 171 867
332 228 586
333 457 346
333 562 537
333 580 367
333 582 786
333 18 864
333 43 368
333 88 628
333 130 452
333 136 440
333 220 21
333 350 975
334 360 498
334 384 97
334 391 994
334 407 888
334 485 294
334 523 846
334 541 86
334 545 667
334 571 255
334 576 357
334 25 12
334 114 83
334 200 500
334 257 31
334 273 280
334 299 978
335 382 633
335 421 220
335 594 152
335 23 245
335 140 478
335 287 505
335 306 74
336 343 642
336 396 364
336 9 96
336 14 819
336 53 128
336 106 828
336 327 94
336 490 589
337 380 645
337 396 737
337 428 664
337 465 435
337 466 466
337 581 543
337 8 156
337 124 455
337 138 898
337 140 620
337 162 44
337 180 411
337 257 108
337 262 54
337 383 870
337 464 822
338 386 304
338 388 556
338 441 987
338 489 842
338 564 102
338 585 148
338 14 6
338 16 492
338 52 822
338 69 893
338 132 826
338 146 170
338 223 283
338 231 142
339 372 282
339 434 689
339 435 706
339 542 943
339 23 664
339 51 903
339 139 896
339 231 810
339 236 218
339 307 292
340 378 785
340 383 374
340 386 477
340 550 652
340 12 723
340 28 363
340 96 412
340 122 87
340 192 55
340 290 940
340 413 965
340 429 506
341 387 635
341 399 118
341 433 816
341 435 471
341 452 36
341 476 884
341 556 31
341 30 64
341 439 125
341 593 726
342 405 305
342 428 369
342 446 865
342 475 725
342 498 458
342 503 338
342 521 179
342 539 613
342 54 921
342 90 92
342 117 889
342 191 498
342 296 344
343 442 685
343 502 253
343 550 180
343 71 259
343 126 928
343 167 237
343 205 958
343 538 199
343 569 84
344 392 142
344 394 67
344 518 903
344 531 862
344 3 689
344 7 11
344 20 664
344 77 91
344 80 991
344 183 540
344 226 193
345 407 76
345 472 929
345 522 526
345 45 794
345 85 312
345 152 9
345 167 708
345 172 414
345 291 940
345 410 128
346 406 488
346 467 309
346 548 111
346 53 860
346 57 670
346 64 155
346 170 863
346 178 843
346 185 971
346 264 152
346 275 528
346 291 711
347 361 706
347 454 916
347 548 531
347 552 808
347 588 925
347 36 84
347 155 595
347 197 615
347 311 867
347 328 665
347 345 449
348 457 957
348 495 338
348 533 556
348 552 703
348 58 169
348 117 305
348 248 27
348 268 36
349 429 518
349 503 442
349 525 850
349 26 13
349 70 524
349 109 461
349 116 873
349 190 688
349 289 98
349 293 51
349 300 965
349 462 848
350 526 235
350 145 213
350 170 914
350 202 122
350 239 674
350 324 827
351 411 38
351 510 358
351 536 851
351 588 689
351 27 735
351 341 559
352 465 107
352 480 896
352 514 946
352 531 124
352 536 200
352 40 575
352 49 583
352 164 420
352 304 93
353 421 858
353 473 375
353 19 116
353 59 911
353 76 34
353 151 248
353 263 568
353 320 395
353 341 573
353 463 964
354 410 24
354 445 65
354 591 551
354 597 765
354 3 412
354 34 44
354 39 161
354 82 632
354 110 971
354 160 247
354 169 359
354 180 693
354 193 731
354 207 851
354 221 407
354 289 617
354 312 523
354 529 587
355 384 420
355 460 299
355 475 573
355 483 592
355 579 752
355 38 519
355 71 837
355 85 940
355 98 296
355 115 252
355 167 366
355 174 559
355 195 69
355 207 913
355 305 240
355 534 396
356 433 61
356 440 496
356 498 125
356 518 596
356 555 920
356 27 675
356 56 779
356 79 695
356 201 311
356 212 52
356 234 414
356 243 767
356 245 898
356 246 468
356 274 660
356 355 34
357 375 30
357 398 323
357 537 70
357 585 956
357 79 979
357 95 26
357 105 529
357 227 673
357 249 474
357 282 410
358 377 725
358 470 289
358 577 795
358 80 475
358 93 940
358 212 815
358 239 700
358 267 462
358 287 389
358 309 703
358 370 55
358 455 24
359 365 425
359 391 570
359 393 100
359 31 778
359 68 594
359 198 148
359 244 224
359 342 475
360 363 866
360 370 263
360 388 586
360 564 60
360 588 417
360 31 953
360 122 691
360 187 553
360 267 537
360 277 86
360 356 360
361 394 567
361 407 330
361 465 848
361 474 376
361 483 717
361 41 869
361 80 724
361 93 776
361 121 994
361 132 283
361 134 925
361 136 849
361 171 835
361 239 735
361 311 702
361 345 969
361 573 174
362 400 507
362 471 519
362 478 751
362 488 62
362 510 223
362 549 530
362 20 131
362 32 222
362 91 972
362 157 132
362 159 14
362 227 988
362 229 746
362 234 421
362 262 837
362 313 560
363 429 702
363 441 569
363 474 836
363 26 867
363 62 968
363 313 544
363 526 699
364 414 506
364 457 207
364 473 240
364 476 768
364 594 382
364 18 63
364 20 830
364 68 845
364 98 450
364 125 529
364 170 988
364 245 331
364 331 512
364 337 10
364 356 872
364 359 477
364 468 629
365 378 169
365 446 498
365 551 838
365 70 688
365 129 430
365 189 378
365 198 854
365 224 545
365 278 577
365 361 327
366 420 405
366 511 364
366 519 534
366 572 231
366 590 592
366 599 526
366 149 193
366 308 802
366 336 325
367 376 199
367 380 702
367 428 108
367 460 26
367 533 9
367 589 802
367 35 409
367 64 661
367 177 218
367 209 861
367 259 813
367 276 504
367 306 389
367 319 463
367 325 855
367 326 176
367 346 252
368 421 978
368 583 784
368 204 863
368 218 818
368 259 794
368 329 161
368 341 971
368 354 320
369 377 464
369 394 577
369 400 82
369 496 800
369 569 257
369 106 697
369 159 211
369 325 652
369 343 767
369 424 464
370 418 776
370 471 288
370 473 149
370 576 970
370 588 619
370 8 407
370 101 863
370 124 634
370 148 598
370 257 97
370 355 574
370 357 86
371 409 253
371 471 331
371 528 323
371 587 75
371 224 273
371 233 446
371 313 493
371 389 486
371 473 779
372 557 95
372 560 985
372 567 370
372 579 161
372 595 944
372 7 777
372 40 3
372 69 315
372 127 683
372 148 531
372 212 171
372 312 840
372 315 801
372 328 159
373 406 176
373 407 210
373 469 557
373 42 250
373 87 18
373 148 612
373 172 781
373 180 482
373 295 170
373 349 186
374 416 232
374 431 845
374 470 886
374 74 257
374 85 10
374 268 97
374 284 139
375 464 889
375 484 22
375 506 578
375 584 30
375 83 517
375 242 574
375 271 348
375 296 997
376 499 32
376 550 616
376 58 17
376 117 838
376 204 768
376 248 654
376 271 412
376 306 579
376 346 61
376 497 798
376 555 293
377 436 997
377 518 454
377 582 72
377 593 176
377 597 424
377 16 121
377 38 119
377 249 628
377 280 502
378 462 176
378 13 453
378 197 960
378 334 698
378 352 235
378 357 963
378 448 597
379 402 535
379 429 939
379 533 118
379 537 744
379 549 8
379 15 716
379 70 569
379 131 941
379 152 746
379 155 114
379 227 836
379 282 343
379 298 24
379 299 616
380 390 477
380 451 396
380 476 864
380 501 851
380 61 218
380 95 699
380 192 866
380 272 341
380 303 129
380 310 611
380 503 244
381 403 802
381 473 482
381 527 168
381 536 703
381 557 484
381 128 821
381 207 717
381 208 23
381 221 226
381 255 159
381 265 72
381 315 728
381 321 700
381 552 739
382 435 764
382 474 65
382 542 881
382 138 248
382 145 478
382 183 754
382 271 319
382 376 879
383 450 544
383 470 992
383 471 204
383 570 584
383 86 966
383 127 714
383 154 946
383 170 144
383 245 619
383 330 113
383 360 360
383 362 228
383 449 340
384 477 594
384 504 899
384 565 748
384 593 50
384 5 656
384 68 648
384 232 184
384 343 682
384 376 961
385 495 867
385 588 142
385 3 962
385 75 990
385 162 86
385 163 229
385 239 555
385 310 33
385 334 777
386 445 473
386 491 236
386 504 990
386 62 208
386 81 393
386 117 1
386 171 960
386 189 529
386 356 130
386 371 432
387 485 49
387 546 928
387 129 525
387 304 427
387 308 891
387 327 977
387 368 574
388 395 746
388 414 288
388 508 0
388 519 699
388 534 226
388 535 144
388 565 749
388 133 769
388 216 49
388 256 899
388 340 637
388 385 115
388 493 675
389 411 842
389 477 713
389 543 690
389 547 228
389 558 598
389 31 855
389 68 448
389 261 888
389 303 584
389 335 153
389 513 951
390 432 484
390 439 586
390 66 980
390 116 410
390 172 79
390 186 138
390 287 532
390 289 768
390 345 619
390 355 916
390 402 944
391 430 80
391 467 984
391 514 399
391 529 366
391 550 866
391 588 736
391 121 678
391 146 674
391 149 636
391 158 205
391 202 997
391 263 835
391 341 958
391 356 345
392 437 208
392 460 744
392 461 988
392 493 274
392 542 511
392 559 169
392 104 0
392 201 287
392 203 534
392 249 293
392 256 21
392 325 821
392 525 389
393 484 247
393 303 524
393 332 746
393 383 784
393 387 191
393 446 999
394 435 490
394 495 237
394 110 163
394 166 651
394 306 159
394 312 585
394 323 271
394 356 658
395 506 659
395 518 171
395 534 260
395 559 46
395 24 502
395 152 882
395 213 547
395 216 297
395 267 970
395 304 370
395 334 517
395 360 146
395 570 147
396 413 50
396 432 664
396 449 431
396 536 685
396 582 708
396 0 298
396 13 112
396 130 221
396 241 615
396 273 137
396 304 293
397 398 842
397 413 662
397 453 620
397 540 108
397 548 560
397 62 630
397 75 196
397 88 585
397 119 855
397 235 842
397 358 840
397 391 273
398 402 888
398 443 959
398 467 604
398 483 343
398 521 837
398 568 576
398 582 943
398 44 186
398 332 286
399 403 375
399 481 832
399 485 149
399 496 151
399 554 372
399 581 492
399 105 530
399 121 571
399 203 560
399 229 921
399 320 452
399 387 874
400 422 714
400 473 244
400 596 216
400 22 314
400 43 307
400 86 619
400 215 158
400 276 403
400 383 844
400 550 714
401 487 633
401 535 380
401 545 603
401 34 821
401 93 979
401 330 229
401 336 856
401 337 213
401 357 217
401 386 160
401 489 236
401 514 975
402 527 89
402 594 391
402 28 980
402 33 253
402 34 123
402 73 138
402 158 154
402 230 90
402 308 412
402 377 526
402 394 16
403 432 688
403 438 227
403 522 728
403 553 946
403 559 228
403 87 606
403 163 177
403 186 891
403 274 648
403 292 785
403 369 965
403 454 222
404 470 252
404 480 269
404 592 932
404 18 55
404 87 627
404 101 421
404 204 427
404 214 942
404 241 643
404 274 13
404 344 213
404 400 237
404 481 677
405 435 722
405 469 866
405 473 936
405 6 825
405 39 402
405 111 905
405 167 92
405 247 834
405 264 130
405 297 466
405 312 759
405 351 71
406 541 427
406 594 61
406 4 3
406 123 233
406 137 559
406 152 207
406 253 304
406 254 405
406 328 29
406 379 161
406 397 235
407 494 980
407 530 244
407 590 680
407 111 272
407 127 257
407 143 250
407 219 674
407 374 348
408 438 742
408 441 963
408 444 393
408 450 524
408 512 386
408 556 994
408 576 956
408 73 376
408 74 204
408 80 889
408 127 305
408 201 550
408 268 429
409 567 373
409 579 332
409 35 860
409 80 205
409 268 990
409 275 767
409 323 97
409 377 210
409 390 916
409 406 844
410 508 625
410 517 225
410 569 849
410 89 941
410 163 311
410 252 617
410 263 545
410 280 647
410 291 168
410 352 898
410 379 199
410 382 796
410 384 264
411 431 627
411 444 12
411 445 785
411 594 209
411 24 91
411 28 360
411 57 278
411 67 539
411 84 909
411 97 78
411 100 709
411 156 742
411 159 108
411 218 391
411 335 262
411 382 882
411 516 578
411 544 101
412 493 942
412 565 861
412 94 357
412 121 479
412 268 392
412 316 28
412 537 365
412 553 301
413 4 782
413 52 895
413 70 848
413 81 126
413 216 328
413 222 113
413 272 428
413 361 95
413 395 674
413 399 106
413 411 306
414 486 716
414 501 76
414 538 487
414 577 288
414 20 898
414 227 886
414 256 541
414 320 384
414 361 645
415 552 855
415 562 294
415 7 910
415 13 687
415 60 644
415 194 633
415 203 214
415 210 152
415 252 69
415 253 172
415 265 646
415 302 294
415 370 322
415 471 486
416 444 599
416 532 695
416 575 357
416 20 187
416 38 805
416 66 655
416 68 692
416 166 3
416 169 321
416 242 650
416 275 738
416 382 61
416 395 468
417 480 428
417 558 761
417 21 814
417 37 945
417 72 66
417 97 292
417 101 358
417 156 404
417 167 595
417 201 395
417 251 75
417 265 799
417 300 201
418 449 994
418 589 940
418 85 165
418 159 566
418 205 482
418 346 947
418 381 909
419 427 729
419 463 121
419 480 499
419 525 221
419 592 139
419 5 58
419 108 707
419 208 189
419 280 545
419 286 439
419 304 270
419 310 118
419 312 802
419 412 443
420 590 586
420 1 760
420 34 937
420 147 818
420 157 817
420 339 864
421 582 192
421 263 623
421 321 137
421 359 890
421 381 464
421 390 859
421 394 100
422 433 98
422 475 873
422 18 704
422 34 728
422 77 271
422 116 80
422 152 21
422 169 586
422 201 219
422 246 679
422 283 883
422 365 467
422 386 400
422 389 490
422 419 680
422 457 547
422 505 602
423 530 627
423 32 838
423 116 992
423 146 931
423 260 74
423 277 989
423 304 114
423 388 888
423 415 296
423 417 797
424 459 293
424 21 379
424 196 346
424 223 333
424 271 49
424 318 451
424 321 519
424 325 470
424 365 229
424 380 77
425 495 176
425 18 214
425 134 869
425 208 145
425 243 895
425 292 282
425 343 629
425 361 823
425 383 549
425 387 100
426 524 419
426 535 159
426 545 703
426 597 738
426 63 102
426 101 186
426 172 852
426 288 439
426 302 100
426 356 142
426 410 531
427 5 744
427 101 796
427 106 890
427 161 897
427 225 409
427 375 98
428 441 889
428 459 829
428 496 975
428 543 46
428 3 598
428 126 266
428 217 567
428 273 993
428 328 759
429 444 389
429 454 919
429 469 203
429 491 33
429 521 453
429 179 675
429 184 261
429 186 491
429 233 643
429 275 94
429 368 705
430 458 749
430 502 455
430 570 821
430 35 452
430 108 198
430 138 393
430 165 394
430 172 475
430 263 438
430 317 229
430 328 518
430 368 222
431 439 451
431 444 291
431 470 718
431 9 951
431 19 361
431 77 130
431 112 632
431 149 894
431 152 363
431 182 977
431 322 415
431 380 341
432 476 883
432 23 231
432 38 521
432 74 333
432 82 314
432 174 147
432 203 132
432 230 904
432 239 797
432 254 881
432 259 549
432 296 917
432 342 990
433 434 833
433 569 127
433 576 159
433 5 65
433 56 568
433 86 895
433 178 800
433 179 172
433 181 142
433 349 966
433 389 325
433 592 679
434 473 452
434 97 624
434 122 865
434 174 140
434 183 183
434 192 629
434 214 50
434 409 735
434 511 393
435 455 749
435 460 202
435 491 581
435 513 595
435 540 939
435 568 312
435 159 420
435 219 808
436 453 883
436 459 35
436 584 742
436 19 603
436 102 623
436 129 139
436 143 837
436 340 52
436 351 415
436 487 65
436 549 668
437 532 478
437 14 152
437 52 185
437 54 74
437 99 568
437 139 342
437 179 832
437 270 187
437 329 848
437 376 271
437 416 196
437 598 684
438 554 781
438 12 27
438 29 21
438 60 197
438 73 773
438 100 867
438 106 829
438 188 733
438 226 295
438 245 752
438 309 84
438 368 175
438 387 505
439 528 933
439 6 817
439 7 140
439 226 388
439 328 833
439 399 975
439 474 247
440 508 240
440 521 148
440 540 748
440 579 323
440 584 761
440 593 957
440 77 53
440 155 72
440 193 496
440 213 395
440 217 122
440 281 520
440 395 689
441 480 491
441 571 291
441 573 778
441 584 628
441 83 316
441 181 83
441 241 685
441 295 751
441 392 906
442 473 770
442 580 428
442 17 763
442 75 428
442 160 309
442 212 475
442 371 883
442 387 114
442 420 335
442 440 657
443 482 858
443 546 808
443 90 192
443 160 664
443 182 698
443 206 666
443 265 541
443 285 342
443 309 120
443 324 734
443 470 62
444 488 399
444 491 319
444 589 487
444 25 286
444 111 810
444 135 865
444 197 545
444 271 118
444 413 899
445 571 674
445 10 63
445 27 845
445 309 57
445 359 126
445 372 237
445 379 255
446 531 34
446 45 261
446 99 486
446 105 565
446 116 221
446 307 950
446 329 923
446 371 190
446 389 495
446 398 912
447 453 192
447 493 291
447 538 205
447 34 802
447 72 326
447 153 927
447 159 656
447 190 166
447 193 46
447 232 58
447 271 21
447 293 379
447 303 635
447 317 232
447 385 102
447 472 819
448 483 648
448 22 959
448 27 844
448 38 212
448 49 581
448 194 376
448 239 406
448 264 276
448 302 182
448 326 506
448 354 291
449 528 192
449 579 51
449 5 784
449 69 403
449 122 841
449 160 499
449 162 622
449 223 79
449 271 50
449 311 472
450 199 402
450 315 325
450 385 896
450 517 966
451 474 721
451 478 739
451 479 73
451 559 456
451 561 917
451 115 740
451 248 983
451 249 166
451 360 163
451 374 631
451 394 273
451 563 853
452 494 543
452 517 92
452 52 86
452 56 27
452 74 367
452 254 128
452 324 656
452 370 835
453 464 975
453 79 26
453 167 293
453 262 788
453 263 488
453 409 575
454 477 349
454 504 151
454 2 36
454 165 602
454 354 726
455 488 922
455 533 764
455 556 884
455 564 217
455 149 254
455 184 807
455 227 333
455 240 838
455 268 689
455 338 114
455 388 163
455 393 476
455 444 296
456 471 970
456 525 766
456 573 157
456 36 189
456 48 164
456 127 723
456 138 9
456 250 319
456 318 391
456 389 670
456 422 497
456 576 496
457 474 141
457 514 183
457 539 59
457 55 542
457 311 350
457 320 415
457 323 431
457 378 264
457 395 847
457 428 619
457 448 120
458 485 760
458 511 709
458 40 137
458 131 384
458 163 727
458 172 538
458 189 923
458 246 12
458 258 950
458 315 633
458 333 248
458 351 740
458 378 464
458 383 90
459 571 361
459 26 984
459 116 829
459 137 97
459 261 801
459 283 112
459 299 408
459 309 922
460 498 944
460 19 335
460 215 512
460 262 412
460 340 902
460 391 987
460 420 38
460 482 613
461 478 724
461 542 556
461 563 516
461 568 17
461 2 23
461 6 406
461 27 28
461 124 322
461 133 141
461 148 311
461 152 388
461 183 429
461 265 582
461 288 523
461 444 305
461 494 884
462 496 101
462 538 301
462 569 862
462 580 634
462 582 314
462 7 956
462 30 95
462 49 232
462 74 926
462 118 914
462 184 89
462 241 632
462 264 594
462 349 137
462 424 342
462 439 725
462 597 605
463 34 858
463 49 699
463 50 143
463 89 1000
463 144 607
463 163 243
463 231 914
463 381 1000
463 433 960
464 468 982
464 557 895
464 590 312
464 43 587
464 136 172
464 214 413
464 227 756
464 369 646
464 403 811
464 456 95
465 524 820
465 42 892
465 45 236
465 379 220
466 472 459
466 544 164
466 551 759
466 580 719
466 592 912
466 26 895
466 73 164
466 162 197
466 243 118
466 258 179
466 292 247
466 355 331
466 401 63
466 564 611
467 491 335
467 526 149
467 99 782
467 125 296
467 211 909
467 228 133
467 253 516
467 377 573
468 505 243
468 517 746
468 108 836
468 136 345
468 225 212
468 228 310
468 236 436
468 266 680
468 288 986
468 521 325
469 487 434
469 584 491
469 593 866
469 73 29
469 81 886
469 125 845
469 147 308
469 180 150
469 210 627
469 254 64
470 507 133
470 21 679
470 85 976
470 192 968
470 267 437
470 300 348
470 351 81
470 406 688
470 441 195
471 526 253
471 44 353
471 109 274
471 315 697
472 488 917
472 571 835
472 579 29
472 591 326
472 29 114
472 65 993
472 157 373
472 169 480
472 195 109
472 196 66
472 227 547
472 403 546
473 38 465
473 103 369
473 199 481
473 313 107
473 383 172
473 456 582
474 565 142
474 585 910
474 82 480
474 284 771
474 334 208
474 403 945
474 421 936
474 425 162
475 559 853
475 596 616
475 13 806
475 140 985
475 314 444
475 342 428
475 391 115
475 394 539
475 434 260
475 437 578
475 461 98
475 586 644
476 556 375
476 118 859
476 148 564
476 205 831
476 209 865
476 224 820
476 296 318
477 491 202
477 501 179
477 553 345
477 19 903
477 120 200
477 138 192
477 150 272
477 223 976
477 327 544
477 330 33
477 346 451
477 427 379
477 473 234
478 548 289
478 585 306
478 77 171
478 127 13
478 203 963
478 287 750
478 446 489
479 161 252
479 172 818
479 209 89
479 251 880
479 276 332
479 384 655
480 539 923
480 599 770
480 62 722
480 110 982
480 210 134
480 288 585
480 313 591
480 345 916
480 361 245
480 440 161
480 459 805
480 504 876
481 566 936
481 582 851
481 33 209
481 93 396
481 94 709
481 218 708
481 240 509
481 253 705
481 271 544
482 542 950
482 566 400
482 575 823
482 35 363
482 40 618
482 131 995
482 133 834
482 204 713
482 279 325
482 325 492
482 335 509
482 368 28
482 422 41
482 459 79
483 516 297
483 556 482
483 31 355
483 75 403
483 281 86
483 361 17
483 416 866
483 431 943
484 530 234
484 31 108
484 244 601
484 373 909
485 585 98
485 241 321
485 349 573
485 479 27
486 529 354
486 18 9
486 102 886
486 106 376
486 133 559
486 157 61
486 187 201
486 195 69
486 234 359
486 338 990
486 363 607
486 458 904
487 539 342
487 549 163
487 59 426
487 112 360
487 159 393
487 203 284
487 246 531
487 259 829
487 386 212
488 495 664
488 521 900
488 526 370
488 527 737
488 17 834
488 59 628
488 68 858
488 98 381
488 111 956
488 121 360
488 132 106
488 145 241
488 298 949
488 334 631
488 389 443
489 496 287
489 525 344
489 562 96
489 88 232
489 103 425
489 213 24
489 250 553
489 389 475
490 497 366
490 540 740
490 558 314
490 572 880
490 16 283
490 17 848
490 71 560
490 120 807
490 159 498
490 166 343
490 247 179
490 301 313
491 517 289
491 69 229
491 171 113
491 225 989
491 436 508
492 504 638
492 509 626
492 525 252
492 529 45
492 596 201
492 127 324
492 299 530
492 338 6
492 362 18
492 437 763
492 487 423
493 512 688
493 538 41
493 599 787
493 228 527
493 234 79
493 372 14
493 378 647
493 442 838
493 481 43
494 513 290
494 535 529
494 576 952
494 577 72
494 85 228
494 116 807
494 198 58
494 216 260
494 281 912
494 308 488
494 322 464
494 325 787
494 329 157
494 386 614
494 404 426
494 412 437
494 413 449
495 507 508
495 533 766
495 598 592
495 46 56
495 158 933
495 189 117
495 250 8
495 268 563
495 320 305
495 416 800
495 436 306
496 532 713
496 546 789
496 45 39
496 114 934
496 187 599
496 258 406
496 318 734
496 320 958
496 321 573
496 345 519
496 403 78
496 437 627
497 60 191
497 96 939
497 106 898
497 236 139
497 307 497
497 406 979
498 35 534
498 95 989
498 158 445
498 200 422
498 215 548
498 353 42
498 469 732
498 480 525
498 482 485
498 494 89
499 521 7
499 56 10
499 147 618
499 156 37
499 199 926
499 268 150
499 269 814
499 311 458
499 333 341
499 407 974
499 449 132
499 460 199
500 592 103
500 204 111
500 402 308
500 439 683
501 525 828
501 59 284
501 144 701
501 321 44
501 446 276
501 497 274
502 536 365
502 548 202
502 175 577
502 305 876
503 47 992
503 154 353
503 163 384
503 173 715
503 176 909
503 299 879
503 319 111
503 377 423
503 429 193
503 439 105
503 476 697
503 479 992
503 599 764
504 535 346
504 11 891
504 31 997
504 39 75
504 208 798
504 233 71
504 247 570
504 259 770
504 289 121
504 348 22
504 356 807
504 357 975
504 359 778
504 396 550
504 450 142
505 547 767
505 60 692
505 89 930
505 112 561
505 182 696
505 333 777
505 338 27
505 410 601
505 480 765
506 586 426
506 28 785
506 62 817
506 107 775
506 117 689
506 242 606
506 355 685
506 361 947
506 370 447
506 393 116
506 457 590
507 74 580
507 92 148
507 149 195
507 204 71
507 246 340
508 561 656
508 41 995
508 79 322
508 241 442
508 297 311
508 305 137
508 318 690
509 36 811
509 94 705
509 133 325
509 167 193
509 259 920
509 289 945
509 331 286
509 408 81
509 449 252
509 452 810
509 501 448
510 574 234
510 45 162
510 59 893
510 86 240
510 105 61
510 175 544
510 177 209
510 184 375
510 256 690
510 261 941
510 373 330
510 376 793
510 381 522
510 388 847
510 432 46
510 437 858
511 530 926
511 96 734
511 141 32
511 166 662
511 213 926
511 220 400
511 236 126
511 242 776
511 251 92
512 28 186
512 123 823
512 143 16
512 202 651
512 215 843
512 284 866
512 443 735
512 522 850
513 518 410
513 527 767
513 573 174
513 13 726
513 40 8
513 82 342
513 109 985
513 120 963
513 132 83
513 189 951
513 194 640
513 251 672
513 260 760
513 279 765
513 374 454
513 378 117
513 403 22
513 432 861
513 442 395
513 469 785
513 479 298
514 596 778
514 24 811
514 114 987
514 157 727
514 167 913
514 218 856
514 370 53
514 400 958
515 558 680
515 583 585
515 10 704
515 17 542
515 33 560
515 35 183
515 44 928
515 70 209
515 190 184
515 224 818
515 240 684
515 328 370
515 341 706
515 342 390
515 392 427
515 446 807
515 499 916
515 519 313
515 589 175
516 29 501
516 129 178
516 162 95
516 171 47
516 267 257
516 292 81
516 330 692
516 359 90
516 406 580
516 465 606
517 554 740
517 557 277
517 576 138
517 588 650
517 86 54
517 99 992
517 193 217
517 368 873
517 384 926
517 409 929
518 530 113
518 592 936
518 116 622
518 170 674
518 182 400
518 194 201
518 261 726
518 438 198
518 472 471
518 476 693
519 579 5
519 29 824
519 38 980
519 59 392
519 85 647
519 152 223
519 266 55
519 384 553
519 445 314
519 511 59
520 579 778
520 162 139
520 206 139
520 220 177
520 310 144
521 550 433
521 567 994
521 15 796
521 18 143
521 32 774
521 81 668
521 87 523
521 121 766
521 211 50
521 260 546
521 292 763
521 338 518
521 415 240
521 444 281
522 557 399
522 7 458
522 13 99
522 39 157
522 153 913
522 169 802
522 192 783
522 203 210
522 261 28
522 274 618
522 314 526
522 330 713
522 344 861
522 435 833
523 67 961
523 82 804
523 110 797
523 126 269
523 187 553
523 426 422
523 437 330
523 457 225
524 564 656
524 32 259
524 69 470
524 76 288
524 171 854
524 208 519
524 230 136
524 255 658
524 493 200
525 589 239
525 89 581
525 97 985
525 100 835
525 125 595
525 314 846
525 316 779
525 368 634
525 371 353
525 374 487
525 441 403
525 472 746
526 532 226
526 560 249
526 17 54
526 24 914
526 135 477
526 272 679
526 309 707
526 424 485
526 461 228
526 480 500
526 497 512
527 40 860
527 52 13
527 106 360
527 127 964
527 218 689
527 221 624
527 460 505
528 68 33
528 70 746
528 114 86
528 124 10
528 188 364
528 294 59
528 346 579
528 375 215
528 418 24
528 464 933
528 473 650
528 507 269
528 527 308
529 535 480
529 563 105
529 10 29
529 28 745
529 50 436
529 53 186
529 122 95
529 130 615
529 207 330
529 219 154
529 241 967
529 247 409
529 313 482
529 327 107
529 396 631
529 441 241
529 512 980
530 577 986
530 25 487
530 29 803
530 129 746
530 177 791
530 232 740
530 247 21
530 252 978
530 409 888
530 437 390
530 503 278
531 16 74
531 57 953
531 80 2
531 91 719
531 154 358
531 198 907
531 255 78
531 275 778
531 323 688
532 566 898
532 594 263
532 50 644
532 189 373
532 219 116
532 467 271
532 475 37
533 583 193
533 47 703
533 110 717
533 176 573
533 239 715
533 269 156
533 271 970
533 329 590
533 456 582
533 475 990
533 496 461
533 516 525
534 535 604
534 555 808
534 569 248
534 574 771
534 10 865
534 34 442
534 77 642
534 88 215
534 237 882
534 333 121
534 531 929
534 532 61
535 11 986
535 36 49
535 57 187
535 80 705
535 86 583
535 152 883
535 263 561
535 284 813
535 360 609
535 388 682
535 476 391
535 490 246
536 559 425
536 587 603
536 588 857
536 9 833
536 63 538
536 123 752
536 216 894
536 238 557
536 296 919
536 324 691
536 336 238
536 364 1000
537 586 837
537 71 423
537 104 882
537 133 325
537 228 954
537 246 611
537 366 705
537 435 300
538 546 731
538 595 719
538 68 208
538 87 664
538 229 618
538 240 5
538 246 509
538 252 658
538 378 234
538 417 5
538 453 162
539 62 621
539 108 891
539 141 76
539 150 726
539 167 842
539 293 592
539 385 302
539 473 195
540 59 541
540 130 808
540 302 129
541 562 626
541 594 383
541 83 592
541 369 914
541 443 8
542 556 573
542 591 704
542 76 890
542 90 619
542 124 717
542 137 983
542 147 364
542 348 631
542 370 689
542 398 652
542 406 613
542 411 780
542 421 18
542 435 818
542 446 92
542 448 590
542 478 529
543 34 12
543 62 709
543 177 288
543 204 339
543 239 339
543 307 299
543 362 234
543 401 35
543 447 899
543 520 721
544 555 853
544 74 319
544 130 300
544 192 849
544 233 558
544 239 806
544 280 392
544 284 813
544 316 758
545 547 299
545 37 78
545 98 521
545 113 379
545 132 727
545 220 266
545 275 291
545 277 222
545 298 489
545 304 295
545 395 522
545 432 8
546 579 415
546 592 196
546 2 924
546 32 806
546 137 90
546 158 840
546 191 377
546 330 774
546 379 906
546 412 609
546 419 446
546 445 364
546 499 400
546 506 150
546 577 303
547 100 741
547 129 13
547 151 532
547 181 535
547 393 676
547 411 403
547 412 800
547 454 346
548 42 80
548 57 778
548 232 337
548 253 713
548 254 214
548 321 353
548 373 887
548 406 853
548 477 123
548 539 138
549 301 662
549 335 460
550 37 120
550 76 556
550 139 336
550 143 112
550 160 803
550 173 537
550 196 152
550 260 253
550 308 483
550 434 840
550 460 866
550 484 312
550 529 511
551 555 922
551 566 702
551 201 479
551 296 646
551 408 883
551 446 187
551 508 731
551 512 518
552 579 616
552 84 9
552 86 110
552 132 49
552 134 387
552 242 749
552 264 234
552 543 487
553 61 81
553 94 2
553 107 793
553 154 270
553 290 924
553 327 79
553 357 87
553 366 847
553 375 641
553 422 364
554 58 531
554 72 325
554 111 571
554 181 896
554 219 93
554 225 901
554 262 633
554 276 664
554 429 662
554 439 399
554 450 11
554 482 864
554 545 879
554 546 721
555 592 618
555 93 752
555 129 381
555 145 89
555 195 201
555 329 942
555 346 457
555 450 351
555 463 413
555 528 245
555 547 103
556 120 438
556 229 199
556 265 681
556 268 396
556 348 896
556 431 849
556 457 133
556 528 587
557 560 614
557 561 852
557 574 153
557 99 415
557 124 556
557 127 410
557 141 864
557 260 579
557 309 937
557 326 403
557 333 730
557 416 216
558 562 839
558 565 808
558 582 993
558 60 250
558 165 131
558 247 281
558 271 297
558 276 160
558 283 401
558 318 21
558 332 234
558 541 573
559 21 255
559 42 933
559 50 876
559 156 722
559 268 960
559 391 221
559 395 339
559 476 111
560 4 247
560 117 777
560 129 730
560 133 589
560 248 943
560 267 941
560 398 973
560 410 426
560 551 775
561 164 193
561 170 436
561 306 141
561 341 384
561 343 894
561 462 85
561 572 995
562 63 597
562 234 944
562 280 466
562 316 536
562 484 750
562 492 773
562 518 791
562 549 601
563 131 891
563 138 434
563 151 242
563 156 235
563 161 453
563 183 739
563 227 356
563 278 627
563 340 547
563 450 561
563 524 65
563 525 244
564 76 739
564 212 294
564 298 674
564 402 151
564 404 483
564 406 900
564 476 681
564 503 527
565 68 185
565 109 590
565 212 350
565 223 18
565 361 204
565 408 674
565 495 717
566 183 459
566 193 140
566 308 523
566 377 959
566 532 517
567 4 380
567 13 467
567 55 177
567 119 708
567 239 331
567 274 874
567 334 799
567 374 644
567 388 118
567 434 169
567 526 195
568 62 240
568 63 95
568 86 905
568 123 138
568 141 798
568 152 542
568 292 950
568 295 367
568 311 344
568 339 330
568 376 592
568 486 431
568 496 297
568 537 850
568 561 767
569 10 927
569 24 138
569 177 876
569 233 660
569 234 421
569 249 959
569 255 150
569 330 168
569 343 291
569 420 629
569 447 306
569 459 864
569 475 589
569 476 540
569 512 405
570 31 723
570 107 14
570 165 645
570 200 425
570 239 205
570 295 911
570 328 39
570 383 735
570 390 820
570 477 692
571 72 479
571 102 426
571 125 185
571 136 956
571 141 429
571 172 2
571 272 484
571 277 545
571 373 107
571 417 181
571 418 776
571 435 876
571 448 333
571 539 3
571 568 368
572 34 402
572 206 742
572 215 675
572 304 498
572 345 310
572 351 87
572 393 377
572 436 362
572 437 198
572 494 129
572 527 553
572 545 728
572 595 726
573 575 96
573 65 287
573 139 203
573 176 406
573 239 389
573 247 54
573 274 71
573 314 927
573 340 903
573 405 701
573 423 667
573 560 337
574 590 335
574 594 748
574 111 349
574 310 451
574 323 392
574 335 280
574 403 332
574 408 497
574 558 853
575 597 406
575 598 241
575 39 245
575 50 534
575 103 137
575 163 81
575 340 907
575 352 151
575 528 630
576 24 561
576 198 799
576 283 922
576 287 5
576 460 237
576 537 281
577 598 771
577 5 637
577 66 15
577 112 855
577 126 942
577 168 318
577 196 127
577 205 203
577 229 545
577 289 441
577 290 318
577 300 778
577 397 454
577 419 874
577 433 169
577 508 783
577 520 593
577 540 370
578 589 250
578 14 495
578 37 348
578 55 798
578 104 10
578 155 409
578 198 416
578 368 702
578 370 37
578 469 61
578 550 946
579 59 257
579 107 666
579 163 780
579 208 30
579 300 422
579 365 800
579 368 723
579 468 357
579 499 836
579 516 179
579 520 494
579 557 946
580 205 831
580 280 329
580 384 484
580 391 981
580 405 576
580 427 365
580 452 241
580 474 501
580 499 425
581 10 685
581 42 22
581 55 2
581 59 267
581 62 656
581 72 230
581 288 671
581 301 867
581 310 587
581 387 523
581 432 854
581 475 223
582 39 426
582 68 994
582 152 698
582 214 232
582 454 744
582 481 213
582 495 340
582 500 328
583 115 461
583 146 1000
583 228 152
583 355 333
583 359 683
583 392 611
583 403 664
583 463 354
583 465 35
583 467 585
583 509 274
583 546 634
584 36 301
584 168 372
584 195 311
584 218 229
584 298 872
584 332 215
584 335 612
584 365 471
584 379 408
584 444 602
584 458 147
585 62 188
585 89 442
585 98 890
585 114 322
585 156 38
585 192 166
585 210 156
585 249 91
585 279 470
585 324 204
585 483 760
585 505 223
585 534 527
585 555 858
585 574 437
585 582 195
585 596 897
586 103 88
586 108 77
586 120 561
586 126 831
586 285 641
586 369 704
587 596 32
587 50 419
587 117 642
587 126 68
587 178 154
587 187 926
587 210 539
587 249 301
587 258 821
587 262 864
587 283 512
587 376 613
587 380 742
587 424 355
587 495 878
587 509 102
588 20 284
588 101 998
588 109 294
588 134 17
588 203 108
588 239 398
588 266 228
588 320 445
588 426 954
588 429 179
588 473 369
589 2 348
589 32 784
589 40 214
589 102 129
589 109 446
589 130 880
589 141 265
589 279 899
589 301 802
589 340 273
589 440 712
589 584 157
590 73 321
590 85 588
590 99 180
590 139 102
590 218 964
590 293 530
590 362 41
590 423 581
590 435 647
590 446 851
590 505 304
590 558 695
591 58 22
591 76 240
591 165 633
591 179 605
591 185 340
591 294 185
591 483 996
591 485 119
592 4 831
592 55 229
592 58 352
592 310 574
592 335 24
592 510 50
593 41 39
593 123 13
593 133 82
593 146 828
593 163 857
593 281 853
593 372 240
593 418 971
593 421 75
593 571 444
593 582 345
594 595 100
594 16 761
594 18 920
594 287 613
594 333 475
594 547 329
595 63 307
595 143 963
595 173 317
595 210 241
595 212 72
595 246 443
595 323 909
595 330 741
595 410 155
595 448 811
595 482 466
595 496 850
596 100 882
596 192 190
596 227 197
596 230 447
596 278 23
596 314 520
596 317 121
596 413 438
597 54 171
597 242 401
597 278 173
597 311 196
597 366 986
597 369 848
597 521 15
597 565 207
598 59 949
598 81 406
598 197 902
598 204 105
598 254 352
598 280 420
598 321 50
598 360 70
598 402 876
598 415 839
598 460 965
598 524 572
598 544 553
599 94 480
599 125 638
599 185 926
599 190 530
599 289 397
599 316 5
599 406 780
599 410 792
599 430 330
599 431 463
599 508 194
599 537 276
599 595 56
599 596 797
