100 1102 0
0 13 885
0 19 355
0 21 369
0 43 4
0 52 71
0 60 195
0 61 734
0 71 113
0 79 687
0 84 553
0 85 482
0 1 44
0 6 322
0 18 950
1 9 861
1 12 865
1 16 977
1 33 967
1 45 25
1 58 322
1 63 402
1 69 926
1 74 128
1 91 783
1 2 650
1 3 281
1 25 416
1 40 686
1 75 145
2 6 609
2 10 151
2 35 413
2 42 887
2 48 313
2 63 523
2 77 61
2 4 166
2 5 128
3 8 914
3 33 137
3 35 932
3 49 492
3 57 722
3 64 657
3 65 733
3 70 782
3 77 740
3 7 47
3 15 747
3 73 843
3 92 532
4 9 44
4 39 843
4 71 568
4 99 707
4 1 762
4 8 714
4 17 646
4 20 396
4 47 972
4 63 184
4 83 352
5 12 819
5 15 599
5 25 832
5 28 84
5 36 82
5 40 573
5 50 178
5 59 832
5 60 271
5 63 206
5 68 819
5 80 267
5 13 335
5 14 717
5 97 725
6 25 259
6 32 801
6 66 265
6 80 529
6 88 957
6 89 467
6 98 931
6 58 158
7 10 774
7 30 921
7 35 459
7 36 565
7 44 156
7 50 39
7 70 647
7 75 599
7 80 181
7 95 656
7 96 524
7 97 34
7 98 917
8 75 775
8 98 323
8 4 837
8 10 969
8 11 73
8 12 197
9 13 663
9 17 810
9 32 467
9 59 625
9 63 244
9 82 831
9 96 469
10 31 534
10 49 163
10 50 726
10 51 341
10 55 934
10 62 670
10 71 138
10 75 487
10 78 790
10 87 569
10 88 58
10 36 556
10 60 84
10 98 840
11 24 530
11 31 351
11 33 2
11 44 832
11 51 793
11 52 81
11 55 106
11 90 437
11 93 622
11 3 360
11 9 583
11 10 462
11 23 343
11 45 853
11 71 387
12 15 524
12 17 370
12 23 861
12 25 882
12 30 651
12 52 121
12 59 139
12 63 324
12 74 947
12 88 23
12 93 186
12 99 751
12 22 128
12 37 19
13 32 345
13 39 907
13 69 622
13 93 197
13 1 45
13 16 423
13 27 660
14 33 63
14 34 715
14 35 318
14 69 815
14 75 398
14 78 933
14 88 53
14 95 614
14 1 785
14 2 813
14 8 728
14 24 172
14 32 366
15 16 940
15 29 855
15 36 949
15 37 79
15 54 418
15 64 55
15 89 451
15 99 363
15 5 618
15 6 923
15 41 635
15 43 774
15 50 261
16 21 688
16 40 317
16 46 576
16 91 869
16 99 823
16 15 464
16 19 422
16 88 185
17 22 31
17 54 464
17 55 821
17 65 270
17 72 195
17 83 972
17 92 396
17 26 65
17 44 366
17 96 98
18 31 126
18 38 26
18 39 359
18 41 21
18 86 181
18 94 413
18 13 630
18 21 707
19 26 669
19 54 918
19 55 13
19 87 330
19 93 467
19 8 809
19 9 567
19 10 763
19 15 892
19 16 711
19 29 507
20 42 487
20 49 82
20 51 878
20 62 52
20 83 548
20 2 882
20 3 411
20 28 809
21 22 802
21 25 879
21 57 947
21 59 268
21 64 28
21 72 663
21 76 528
21 78 98
21 80 856
21 82 846
21 91 82
21 18 341
22 24 367
22 52 978
22 54 100
22 55 482
22 63 991
22 72 33
22 80 157
22 83 930
22 14 528
22 15 640
22 38 824
23 29 293
23 37 982
23 40 37
23 45 0
23 60 385
23 72 345
23 80 160
23 94 967
23 97 561
23 15 712
23 18 150
23 21 164
23 34 178
24 28 798
24 29 942
24 40 162
24 74 655
24 79 696
24 85 248
24 90 965
24 9 899
25 27 956
25 43 639
25 46 336
25 50 968
25 55 24
25 71 494
25 73 981
25 76 909
25 83 640
25 88 694
25 12 407
25 14 45
25 15 231
25 20 246
25 21 650
25 30 288
25 31 336
25 77 174
26 48 989
26 60 243
26 66 360
26 77 231
26 89 167
26 93 899
26 5 430
26 24 474
26 46 372
27 28 897
27 36 578
27 38 141
27 39 395
27 44 578
27 59 789
27 63 13
27 0 166
27 2 952
27 6 597
28 80 5
28 85 703
28 10 399
28 12 735
28 49 820
28 53 176
28 61 152
29 30 19
29 50 25
29 59 843
29 61 331
29 75 522
29 16 3
29 21 39
29 28 48
30 34 795
30 62 947
30 76 114
30 83 586
30 91 626
30 97 151
30 3 797
30 29 156
31 39 689
31 46 805
31 52 388
31 69 806
31 87 27
31 29 428
32 45 446
32 64 581
32 94 935
32 96 702
32 8 340
32 10 728
32 54 253
32 67 944
32 76 141
33 39 372
33 43 522
33 58 221
33 64 546
33 77 409
33 78 74
33 99 132
33 25 417
33 27 579
33 35 674
34 58 359
34 60 989
34 61 98
34 72 441
34 79 917
34 98 446
34 3 251
34 5 482
34 27 390
34 66 230
35 36 938
35 39 404
35 53 245
35 55 660
35 59 492
35 60 406
35 80 942
35 85 595
35 95 70
35 21 855
35 90 258
36 38 282
36 53 906
36 2 539
36 6 380
36 9 555
36 23 22
36 27 618
36 33 626
36 34 798
36 42 485
36 48 897
37 53 242
37 94 282
37 0 41
37 1 625
37 2 329
37 3 888
37 9 817
37 17 400
37 30 987
37 32 641
38 40 109
38 43 547
38 49 898
38 54 873
38 56 49
38 61 147
38 65 730
38 76 401
38 83 27
38 94 786
38 1 431
38 11 748
38 12 891
38 18 999
38 23 402
39 64 443
39 69 946
39 78 107
39 79 730
39 84 471
39 13 618
39 14 473
39 19 165
39 25 173
39 38 348
39 72 485
40 52 420
40 55 162
40 59 604
40 69 940
40 83 885
40 86 290
40 3 780
40 6 515
40 10 115
40 16 955
41 48 377
41 49 353
41 56 146
41 75 643
41 80 366
41 81 784
41 84 484
41 98 645
41 5 531
41 20 771
41 24 55
41 32 200
41 70 898
41 91 980
42 46 263
42 48 181
42 55 740
42 62 597
42 64 332
42 66 303
42 69 389
42 72 649
42 76 42
42 85 298
42 89 564
42 2 441
42 17 35
42 23 698
42 28 420
43 51 275
43 61 384
43 78 745
43 82 213
43 0 355
43 6 137
43 9 135
43 15 112
43 41 627
44 64 365
44 66 169
44 70 31
44 71 440
44 81 590
44 92 407
44 94 474
44 95 77
44 0 657
44 6 727
44 16 724
44 23 697
44 26 79
44 27 796
44 39 435
45 50 557
45 52 743
45 57 567
45 58 141
45 65 173
45 70 156
45 75 212
45 93 168
45 97 233
45 5 30
45 6 537
45 10 138
45 24 838
45 34 504
45 42 365
45 44 921
45 69 903
45 86 638
46 50 753
46 56 294
46 68 733
46 71 812
46 74 343
46 84 700
46 94 121
46 11 821
46 17 985
46 28 936
46 42 875
46 45 858
47 57 418
47 62 791
47 63 883
47 87 268
47 90 920
47 94 162
47 97 350
47 13 643
47 17 513
47 51 991
48 50 339
48 59 545
48 60 711
48 67 148
48 73 934
48 80 385
48 87 757
48 91 761
48 92 568
48 96 312
48 9 240
48 11 901
48 32 936
48 33 387
48 36 354
48 44 399
49 55 971
49 65 482
49 73 523
49 76 313
49 82 987
49 87 419
49 5 416
49 10 832
49 12 100
49 15 699
49 19 996
49 33 157
49 79 151
50 52 5
50 55 597
50 90 609
50 95 649
50 7 721
50 16 957
50 17 902
50 32 529
50 36 109
50 40 713
50 48 797
50 65 662
50 78 714
50 93 209
51 55 610
51 68 659
51 77 617
51 1 525
51 25 113
51 27 273
51 33 705
51 37 749
51 44 629
51 56 172
52 60 384
52 64 87
52 69 812
52 76 36
52 2 10
52 12 118
52 20 913
52 25 370
52 35 836
52 40 739
53 60 492
53 62 325
53 71 110
53 76 692
53 85 463
53 92 377
53 3 598
53 18 713
53 22 259
53 27 682
53 37 498
53 39 831
53 51 794
54 99 234
54 3 944
54 12 162
54 14 575
54 25 564
54 30 847
54 37 916
54 43 79
54 50 799
54 64 876
55 59 520
55 63 942
55 65 907
55 75 172
55 76 26
55 8 847
55 12 658
55 22 869
55 23 170
55 27 899
55 40 529
55 41 418
55 51 622
55 52 676
55 68 213
55 80 448
56 74 725
56 75 700
56 78 414
56 85 270
56 89 21
56 3 601
56 24 137
56 25 941
56 33 397
56 34 175
56 53 906
57 60 451
57 80 578
57 84 54
57 86 938
57 93 384
57 94 951
57 8 821
57 21 88
57 32 659
57 33 602
57 34 414
57 44 342
58 67 238
58 75 518
58 86 894
58 88 466
58 90 40
59 64 491
59 67 634
59 81 104
59 5 275
59 25 853
59 37 519
59 50 502
59 53 564
59 62 660
59 85 403
60 82 484
60 86 271
60 95 185
60 8 235
60 12 553
60 14 373
60 20 163
60 24 309
60 26 872
60 32 623
60 54 851
60 94 938
61 63 147
61 74 467
61 0 70
61 6 985
61 18 70
61 25 489
61 27 402
61 50 579
61 56 975
62 68 419
62 73 569
62 76 94
62 82 271
62 97 493
62 10 235
62 15 834
62 31 113
62 36 303
62 39 144
62 42 368
63 71 831
63 76 96
63 86 141
63 98 674
63 7 884
63 16 58
63 17 842
63 22 681
63 25 140
63 26 600
63 28 572
63 29 203
63 39 7
63 41 33
63 50 882
63 59 414
63 74 571
64 70 716
64 91 773
64 95 616
64 8 502
64 15 731
64 19 706
64 39 109
64 44 953
64 50 484
64 60 572
65 81 355
65 85 895
65 88 798
65 3 351
65 33 893
65 63 99
66 68 702
66 95 5
66 23 247
66 49 232
66 58 509
66 65 858
67 82 318
67 90 281
67 94 230
67 11 9
67 14 507
67 17 363
67 18 969
67 20 977
67 21 521
67 31 948
67 33 349
67 48 93
67 59 79
68 71 312
68 76 587
68 80 432
68 85 231
68 93 756
68 97 376
68 26 986
68 31 390
68 55 881
68 61 776
68 65 148
68 67 237
69 70 294
69 74 958
69 87 204
69 92 760
69 94 794
69 99 492
69 20 675
69 35 901
69 39 800
69 45 367
69 49 289
69 50 393
69 51 627
69 56 132
69 59 851
69 66 797
69 68 122
70 72 410
70 81 363
70 82 512
70 87 889
70 92 482
70 93 234
70 2 671
70 13 726
70 26 382
70 30 647
70 49 937
70 52 367
70 56 442
70 68 284
70 69 367
71 81 996
71 82 410
71 25 785
71 26 784
71 32 731
71 45 289
71 46 887
71 62 107
72 74 491
72 76 925
72 85 298
72 96 123
72 28 456
72 34 157
72 36 352
72 37 955
72 38 249
72 52 761
72 58 191
72 87 951
72 89 978
72 99 346
73 87 511
73 10 234
73 16 112
73 17 697
73 23 393
73 37 998
73 54 398
73 55 475
73 57 525
73 64 472
73 66 958
74 79 1000
74 80 579
74 87 848
74 13 632
74 39 225
74 43 691
74 49 408
74 57 514
74 61 318
74 69 498
74 72 238
74 84 322
75 87 530
75 91 700
75 2 1
75 8 94
75 17 483
75 25 324
75 28 403
75 31 912
75 33 972
75 48 232
75 49 840
75 62 990
75 65 441
75 69 49
76 91 589
76 7 789
76 18 41
76 31 416
76 38 95
76 57 269
76 59 205
76 69 742
76 71 334
77 84 182
77 94 115
77 95 185
77 8 816
77 13 715
77 24 372
77 36 28
77 47 239
77 50 975
77 67 44
77 70 8
78 86 391
78 91 547
78 0 4
78 11 132
78 14 119
78 24 841
78 28 619
78 30 620
78 46 957
78 54 934
78 58 204
78 67 83
78 68 758
78 70 477
78 75 202
79 80 868
79 32 1
79 39 532
79 40 918
79 54 636
79 69 866
80 92 425
80 5 68
80 13 549
80 25 181
80 28 948
80 41 239
80 57 232
80 71 950
80 76 425
80 81 391
81 94 486
81 99 826
81 5 0
81 15 446
81 37 215
81 39 390
81 56 999
81 64 783
81 69 42
81 75 630
81 76 977
81 79 275
82 92 29
82 97 596
82 8 355
82 19 720
82 26 376
82 55 846
82 62 345
82 66 693
83 2 464
83 5 656
83 14 137
83 26 610
83 43 529
83 58 94
83 63 257
83 64 967
83 65 105
83 78 731
84 90 105
84 26 279
84 30 24
84 36 708
84 49 145
84 60 635
84 63 790
84 74 674
84 78 139
84 83 388
85 91 212
85 7 586
85 20 999
85 22 675
85 23 327
85 33 206
85 34 431
85 35 520
85 38 512
85 48 123
85 49 573
85 50 108
85 84 709
86 92 932
86 94 486
86 5 127
86 26 521
86 29 914
86 35 458
86 40 481
86 42 182
86 46 465
87 88 560
87 95 347
87 99 131
87 1 426
87 14 260
87 19 386
87 24 80
87 27 578
87 35 517
87 48 343
87 59 839
87 65 841
87 66 883
88 91 239
88 97 464
88 3 254
88 8 359
88 13 492
88 14 793
88 16 957
88 36 420
88 43 24
88 56 457
88 58 740
88 62 909
88 80 6
89 91 565
89 9 414
89 12 981
89 13 782
89 29 793
89 31 456
89 46 229
89 57 439
89 59 246
89 60 259
89 85 488
90 5 486
90 15 144
90 21 233
90 23 451
90 32 290
90 35 368
90 51 668
90 64 497
90 65 613
91 98 954
91 99 951
91 1 152
91 2 992
91 3 851
91 7 534
91 9 700
91 12 89
91 17 192
91 30 307
91 35 955
91 38 530
91 45 646
91 50 689
91 54 125
91 76 968
91 84 60
92 96 158
92 29 351
92 43 37
92 51 342
92 54 890
92 65 636
92 71 824
92 84 164
92 89 784
93 99 921
93 4 479
93 5 399
93 18 694
93 19 192
93 30 421
93 39 508
93 54 196
93 58 171
93 69 400
93 72 48
93 80 805
93 84 970
94 28 821
94 62 790
94 65 984
94 73 347
94 77 908
95 16 778
95 41 698
95 50 849
95 62 533
95 73 192
95 78 741
96 7 335
96 29 187
96 33 531
96 46 945
96 47 555
96 63 729
96 71 871
97 4 608
97 9 596
97 19 444
97 23 155
97 38 648
97 47 705
97 89 632
97 90 505
97 92 920
97 93 679
97 95 584
98 23 951
98 51 218
98 58 612
98 86 451
99 5 33
99 20 248
99 33 499
99 35 926
99 43 618
99 49 863
99 78 325
99 80 569
99 82 748
99 93 201
99 95 0
99 97 44
