300 3341 0
0 10 713
0 14 969
0 28 743
0 49 700
0 72 954
0 74 412
0 147 112
0 157 127
0 200 518
0 221 547
0 243 235
0 245 727
0 268 253
0 1 611
0 2 25
0 5 117
0 6 680
0 149 863
0 190 787
0 237 84
1 5 929
1 11 40
1 22 788
1 28 670
1 62 627
1 91 334
1 201 965
1 211 195
1 231 373
1 263 116
1 3 323
1 10 131
1 26 325
1 83 229
1 243 602
1 248 872
2 5 50
2 133 702
2 179 537
2 221 556
2 236 501
2 259 103
2 264 593
2 266 134
2 8 955
2 9 677
2 11 701
2 21 602
3 34 335
3 85 844
3 106 489
3 119 156
3 120 519
3 132 183
3 141 947
3 143 499
3 220 656
3 228 852
3 247 355
3 288 138
3 4 908
3 59 957
3 91 45
4 11 705
4 35 175
4 64 709
4 83 285
4 92 355
4 110 979
4 126 870
4 145 897
4 152 347
4 174 250
4 182 273
4 222 598
4 229 423
4 233 294
4 264 662
4 7 958
4 23 325
4 39 638
4 43 17
4 47 746
4 164 673
5 27 953
5 56 487
5 64 825
5 121 300
5 139 950
5 140 807
5 147 155
5 148 696
5 153 265
5 188 199
5 220 892
5 237 16
5 271 866
5 298 501
5 67 786
5 293 315
6 9 736
6 28 981
6 39 875
6 81 769
6 82 486
6 139 8
6 162 102
6 194 378
6 208 744
6 236 824
6 249 252
6 12 890
6 16 623
6 19 663
6 41 573
6 131 245
7 32 398
7 120 198
7 163 671
7 179 796
7 187 394
7 220 956
7 274 98
7 290 180
7 20 881
7 77 261
7 150 867
7 211 102
7 246 289
8 94 172
8 117 573
8 169 876
8 181 137
8 200 591
8 201 755
8 204 886
8 259 466
8 13 422
8 15 392
8 28 424
8 44 953
8 298 237
9 29 847
9 44 575
9 63 863
9 79 848
9 92 825
9 106 82
9 116 744
9 121 95
9 124 924
9 145 438
9 161 327
9 178 314
9 191 941
9 233 510
9 241 425
9 258 771
9 275 421
9 296 355
9 22 412
9 30 482
9 71 407
9 84 254
9 228 33
10 11 119
10 40 288
10 69 328
10 76 536
10 115 54
10 129 927
10 177 320
10 184 310
10 192 334
10 200 501
10 213 79
10 249 629
10 75 588
10 142 129
10 212 861
11 18 34
11 37 625
11 38 723
11 42 107
11 87 403
11 229 255
11 291 2
11 299 303
11 53 236
12 29 319
12 30 102
12 32 746
12 45 395
12 75 429
12 96 282
12 106 65
12 140 798
12 192 712
12 196 15
12 225 231
12 232 295
12 256 568
12 289 23
12 292 72
12 5 839
12 10 731
13 59 522
13 114 604
13 134 272
13 135 844
13 145 157
13 221 230
13 274 208
13 281 243
13 14 293
13 27 799
13 103 65
14 31 85
14 85 886
14 102 907
14 164 227
14 234 474
14 256 68
14 17 23
14 196 503
14 266 774
15 16 133
15 83 774
15 113 362
15 146 893
15 164 895
15 211 817
15 221 887
15 273 435
15 18 973
16 17 391
16 46 664
16 71 341
16 79 897
16 141 792
16 181 475
16 183 139
16 188 631
16 215 659
16 220 622
16 239 7
16 277 984
16 290 782
16 31 940
16 35 200
16 114 842
17 35 954
17 40 445
17 66 222
17 90 780
17 103 983
17 109 669
17 110 75
17 118 284
17 162 535
17 167 811
17 175 867
17 195 800
17 206 118
17 254 618
17 292 308
17 32 927
17 50 478
17 159 694
17 277 394
18 76 723
18 83 199
18 92 389
18 101 255
18 107 104
18 176 830
18 181 417
18 278 54
18 6 65
18 85 835
19 43 327
19 84 343
19 104 315
19 114 697
19 146 169
19 209 854
19 218 131
19 296 635
19 8 29
19 24 247
19 54 643
19 56 713
19 61 661
19 249 672
20 41 986
20 71 940
20 109 92
20 145 300
20 147 943
20 169 36
20 249 234
20 73 177
20 207 446
21 99 990
21 106 882
21 137 650
21 190 587
21 255 427
21 267 870
21 271 703
21 37 805
21 45 340
21 78 658
21 201 120
22 26 484
22 30 610
22 35 943
22 39 934
22 63 861
22 71 77
22 132 677
22 135 386
22 150 659
22 181 482
22 287 758
22 3 619
22 12 49
22 18 970
22 79 942
22 279 863
23 29 110
23 63 991
23 87 173
23 105 484
23 242 712
23 274 420
23 284 791
23 287 775
23 6 268
23 46 223
24 38 718
24 76 424
24 93 318
24 135 174
24 142 87
24 156 101
24 209 466
24 213 805
24 220 648
24 7 17
24 20 296
24 25 719
24 65 167
24 180 836
25 66 889
25 73 959
25 77 866
25 99 853
25 115 653
25 119 828
25 183 860
25 189 975
25 193 129
25 288 395
25 34 155
25 52 239
25 161 715
25 186 115
26 47 397
26 155 153
26 201 198
26 209 167
26 290 498
26 48 382
26 68 929
26 215 582
26 270 639
27 86 107
27 112 16
27 174 779
27 190 719
27 218 829
27 244 394
27 263 26
27 29 876
27 148 417
28 46 872
28 74 274
28 85 260
28 99 978
28 151 334
28 183 790
28 193 730
28 215 523
28 216 829
28 227 557
28 271 574
28 288 90
28 2 212
28 7 361
28 27 754
28 138 811
29 113 680
29 126 68
29 130 355
29 149 33
29 193 821
29 195 254
29 212 513
29 231 661
29 257 696
29 261 851
29 26 415
29 214 773
30 114 92
30 140 620
30 179 669
30 202 67
30 223 523
30 231 78
30 245 632
30 267 312
30 279 37
30 292 397
30 12 28
30 20 591
30 22 950
30 33 819
30 42 909
30 288 963
31 36 523
31 61 404
31 70 421
31 103 833
31 164 100
31 165 354
31 170 853
31 182 979
31 198 803
31 235 219
31 244 672
31 254 869
31 20 821
31 174 771
32 45 506
32 62 794
32 64 854
32 77 815
32 104 178
32 132 36
32 135 70
32 161 192
32 183 560
32 185 140
32 207 571
32 210 275
32 227 592
32 234 448
32 274 235
32 291 189
32 2 403
32 27 489
32 55 123
32 140 277
33 57 832
33 68 274
33 98 867
33 146 760
33 227 664
33 238 424
33 282 989
33 29 71
33 60 643
33 62 669
33 264 957
34 56 573
34 71 826
34 80 522
34 81 916
34 98 389
34 138 380
34 147 627
34 160 96
34 185 100
34 187 148
34 231 942
34 277 655
35 52 298
35 97 808
35 124 225
35 166 452
35 181 909
35 190 811
35 218 604
35 237 695
35 274 197
35 22 209
35 36 511
35 70 193
35 74 639
36 53 206
36 71 201
36 78 273
36 85 443
36 213 258
36 237 559
36 253 557
36 283 769
37 74 243
37 108 261
37 110 587
37 233 490
37 26 636
37 40 630
37 57 816
37 69 141
37 134 678
38 69 781
38 87 699
38 115 498
38 136 253
38 140 28
38 243 659
38 251 339
38 283 77
38 289 641
39 43 967
39 130 492
39 167 941
39 264 415
39 292 187
39 34 479
39 121 32
40 58 34
40 102 451
40 111 728
40 134 227
40 165 228
40 188 865
40 220 639
40 235 553
40 238 863
40 246 732
40 266 900
40 270 661
40 39 778
40 269 239
41 54 717
41 79 415
41 150 5
41 178 865
41 192 659
41 193 247
41 201 483
41 254 953
41 27 837
41 76 824
41 200 221
42 46 522
42 87 796
42 106 554
42 137 705
42 141 523
42 165 719
42 193 732
42 207 393
42 227 655
42 237 757
42 238 835
42 252 361
42 266 538
42 280 500
42 82 915
42 189 846
42 272 84
43 90 36
43 118 808
43 139 509
43 204 901
43 240 252
43 259 808
43 35 935
43 81 121
43 100 205
44 61 527
44 72 479
44 105 130
44 123 305
44 199 681
44 244 117
44 271 599
44 7 747
44 26 720
44 49 676
44 97 681
45 104 556
45 139 569
45 141 761
45 162 62
45 261 975
45 273 685
45 283 339
45 284 41
45 15 287
45 89 140
45 182 936
45 250 664
46 109 601
46 116 880
46 172 68
46 216 522
46 217 320
46 219 793
46 227 388
46 269 536
46 275 476
46 23 587
46 34 627
46 38 592
46 39 295
46 51 74
46 88 104
46 92 981
47 74 484
47 94 366
47 167 966
47 170 766
47 195 218
47 225 813
47 255 768
47 256 20
47 260 100
47 1 859
47 43 524
47 45 387
47 169 528
47 193 598
48 96 194
48 101 861
48 138 585
48 165 340
48 177 917
48 185 438
48 213 863
48 233 467
48 277 939
48 1 349
48 12 272
48 25 407
48 118 761
48 256 495
49 89 790
49 145 749
49 188 81
49 206 443
49 259 923
49 261 567
49 263 744
49 294 261
49 13 762
49 30 196
49 34 195
49 38 992
50 102 131
50 104 157
50 123 664
50 34 374
50 139 992
50 232 649
51 54 498
51 154 959
51 181 965
51 216 702
51 260 367
51 294 784
52 77 465
52 176 928
52 190 258
52 196 306
52 201 769
52 208 49
52 219 453
52 233 335
52 244 360
52 270 907
52 286 611
52 19 249
52 287 367
53 79 17
53 92 650
53 139 136
53 193 222
53 199 73
53 255 359
53 277 436
53 58 175
54 65 749
54 131 196
54 141 82
54 162 398
54 237 589
54 1 333
54 15 265
54 18 589
54 27 354
54 80 865
54 90 823
54 128 186
54 137 895
55 68 394
55 79 690
55 128 926
55 138 762
55 148 844
55 183 969
55 268 1
55 66 581
56 62 722
56 84 862
56 181 761
56 293 153
56 1 805
56 157 889
57 126 96
57 146 45
57 147 480
57 167 21
57 219 965
57 242 232
57 285 512
57 18 814
57 52 230
57 72 726
57 113 473
57 117 901
57 273 758
58 90 350
58 133 939
58 145 912
58 146 882
58 246 834
58 290 362
58 40 445
58 102 565
59 83 877
59 107 353
59 119 334
59 134 810
59 158 607
59 175 792
59 185 235
59 219 69
59 291 287
59 19 317
59 40 773
59 50 673
59 155 910
60 104 135
60 118 3
60 173 208
60 201 835
60 245 776
60 271 860
60 290 348
60 293 996
60 299 291
60 43 689
60 50 470
60 64 140
60 199 962
61 77 975
61 85 164
61 194 907
61 202 126
61 233 762
61 248 887
61 294 520
61 40 727
61 119 693
61 184 838
61 229 588
62 104 517
62 154 772
62 190 89
62 196 157
62 231 394
62 260 416
62 264 401
62 8 42
62 55 468
62 127 678
62 283 845
63 66 596
63 119 306
63 145 389
63 187 110
63 204 182
63 258 208
63 261 880
63 278 570
63 49 362
63 57 412
63 290 630
64 84 993
64 100 657
64 147 131
64 150 730
64 160 528
64 208 922
64 229 824
64 244 770
64 256 293
64 258 383
64 264 914
64 277 628
64 21 846
65 70 870
65 72 429
65 131 536
65 132 779
65 161 839
65 200 438
65 223 266
65 226 801
65 283 804
65 291 346
65 9 671
65 10 578
66 72 17
66 82 418
66 84 35
66 120 294
66 134 605
66 139 465
66 165 705
66 199 425
66 206 938
66 232 734
66 236 978
66 267 240
66 298 135
66 0 968
66 33 118
66 178 767
67 95 251
67 98 768
67 119 821
67 162 407
67 177 132
67 208 919
67 36 264
67 37 578
68 127 542
68 193 913
68 219 719
68 227 486
68 242 756
68 269 987
68 276 194
68 1 273
68 47 316
68 66 213
68 145 941
69 84 231
69 110 515
69 126 370
69 185 665
69 197 797
69 202 240
69 248 46
69 259 751
69 39 628
69 68 308
69 162 319
69 231 613
69 297 503
70 77 550
70 79 303
70 88 563
70 145 406
70 152 970
70 159 428
70 169 363
70 182 126
70 190 0
70 194 759
70 228 131
70 288 352
70 21 824
70 34 96
70 111 681
70 223 836
71 90 95
71 117 222
71 150 275
71 181 743
71 210 443
71 240 609
71 255 501
71 273 38
71 15 654
71 23 969
71 63 419
71 120 993
71 152 14
71 299 749
72 94 381
72 216 95
72 232 469
72 235 714
72 260 291
72 286 196
72 289 340
72 19 474
72 62 407
73 102 507
73 184 14
73 187 260
73 275 374
73 290 844
73 299 950
73 11 127
73 17 937
73 20 489
73 41 332
73 60 619
73 95 296
74 97 771
74 143 632
74 153 881
74 166 204
74 251 584
74 256 227
74 298 993
74 14 619
74 23 64
74 63 195
74 64 344
74 96 265
75 97 825
75 108 8
75 122 225
75 144 485
75 191 422
75 230 878
75 240 447
75 241 344
75 249 535
75 259 749
75 263 137
75 291 506
75 298 779
75 49 143
75 135 77
76 105 652
76 107 531
76 160 710
76 181 594
76 217 259
76 5 704
76 15 201
76 17 752
76 44 358
76 99 332
77 172 289
77 191 86
77 206 421
77 243 870
77 7 547
77 54 88
78 89 513
78 111 857
78 117 658
78 122 416
78 173 238
78 189 259
78 197 166
78 213 138
78 260 241
78 265 190
78 268 97
78 29 238
78 198 291
78 274 990
79 106 263
79 162 39
79 184 574
79 210 102
79 221 805
79 280 419
79 26 290
79 110 628
80 100 628
80 104 806
80 118 332
80 224 798
80 230 106
80 3 67
80 55 407
80 130 742
80 136 77
80 276 920
81 90 548
81 122 169
81 143 678
81 169 21
81 182 681
81 233 495
81 240 630
81 248 225
81 257 188
81 270 979
81 298 439
81 0 432
81 30 293
81 50 611
81 54 816
81 258 398
82 97 446
82 181 498
82 201 84
82 237 140
82 262 290
82 33 68
82 35 870
82 50 118
82 59 461
82 213 450
83 109 735
83 174 931
83 189 291
83 193 470
83 221 825
83 224 969
83 230 647
83 254 983
83 0 604
83 13 332
83 18 565
83 23 241
83 62 813
83 65 258
83 86 174
83 98 487
83 126 846
83 204 871
83 210 8
83 263 837
84 85 447
84 92 104
84 103 911
84 107 727
84 119 667
84 129 170
84 137 233
84 168 702
84 181 20
84 186 508
84 242 485
84 252 549
84 53 672
84 68 816
84 72 653
84 146 379
85 154 358
85 157 516
85 218 644
85 248 598
85 288 750
85 0 593
85 5 696
85 20 470
85 30 796
85 87 327
85 177 660
85 179 284
86 90 227
86 118 757
86 166 43
86 174 771
86 225 545
86 238 841
86 262 631
86 35 339
86 49 95
86 55 878
86 57 932
86 64 166
86 67 453
86 125 322
86 144 139
87 105 638
87 188 547
87 216 447
87 230 464
87 240 737
87 258 818
87 261 682
87 40 82
87 49 664
87 67 128
87 84 483
87 109 150
88 107 70
88 118 949
88 120 874
88 128 439
88 151 285
88 176 477
88 203 50
88 4 849
88 26 557
88 44 336
88 64 517
88 69 425
89 146 42
89 180 523
89 186 288
89 205 785
89 206 731
89 259 583
89 1 679
89 40 760
89 54 817
89 88 281
89 93 846
89 107 580
89 222 736
90 130 753
90 133 699
90 143 8
90 157 577
90 228 141
90 231 875
90 247 258
90 252 686
90 295 146
90 33 744
90 76 925
90 291 293
91 100 459
91 114 451
91 196 615
91 206 508
91 285 306
91 288 13
91 22 505
91 29 124
91 31 135
91 86 177
91 194 119
92 143 50
92 156 824
92 157 254
92 202 420
92 204 38
92 214 202
92 241 388
92 243 728
92 247 200
92 253 78
92 257 513
92 258 219
92 264 295
92 290 1000
92 291 547
92 293 527
92 296 621
92 297 557
92 9 805
92 24 212
92 46 630
92 48 752
92 170 415
92 252 829
93 154 697
93 161 144
93 165 927
93 189 753
93 198 927
93 205 84
93 251 667
93 37 122
93 42 942
93 51 625
93 87 442
93 116 595
93 123 243
94 96 817
94 98 319
94 117 579
94 154 11
94 174 100
94 202 1000
94 205 831
94 254 941
94 281 470
94 289 694
94 20 592
94 105 506
95 118 360
95 141 628
95 162 420
95 196 58
95 213 44
95 263 194
95 37 519
95 56 123
95 108 545
95 124 46
95 151 843
95 167 152
95 260 368
96 120 347
96 143 198
96 173 29
96 176 999
96 183 721
96 271 880
96 283 215
96 297 277
96 299 149
96 11 982
96 38 104
96 51 153
96 79 363
96 171 120
97 116 921
97 128 833
97 48 819
97 56 30
97 86 885
97 220 11
98 106 658
98 127 991
98 131 613
98 154 80
98 185 280
98 200 754
98 252 841
98 261 279
98 280 446
98 283 584
98 5 894
98 10 489
98 32 321
98 60 146
98 82 382
98 97 105
98 104 983
98 289 629
99 100 527
99 112 216
99 131 213
99 185 566
99 197 651
99 209 190
99 243 128
99 13 822
99 25 887
99 50 585
99 156 693
100 113 909
100 199 857
100 203 299
100 217 145
100 229 151
100 7 295
101 143 983
101 157 754
101 190 629
101 201 60
101 202 194
101 210 853
101 244 218
101 247 727
101 253 177
101 256 390
101 261 715
101 275 658
101 282 784
101 13 268
101 25 304
101 43 570
101 100 224
101 165 35
102 106 157
102 109 136
102 110 902
102 132 202
102 147 698
102 191 386
102 249 26
102 3 592
102 23 863
102 29 468
102 37 94
102 43 436
102 47 112
102 77 981
103 108 723
103 129 896
103 163 572
103 181 649
103 224 44
103 263 379
103 281 425
103 11 988
103 24 247
103 70 124
103 96 98
103 102 571
103 106 476
103 168 133
104 107 153
104 114 560
104 127 441
104 139 467
104 160 750
104 204 278
104 271 573
104 283 722
104 30 847
104 48 62
104 56 862
104 72 610
104 102 339
104 133 415
105 129 609
105 187 342
105 237 192
105 248 363
105 290 355
105 4 556
105 6 420
105 35 484
105 45 213
105 66 467
105 141 820
106 285 952
106 293 669
106 8 377
106 28 614
106 45 409
106 216 406
107 119 193
107 124 149
107 130 405
107 238 225
107 259 243
107 268 200
107 282 315
107 4 809
107 13 14
107 15 61
107 39 439
107 112 809
107 153 564
108 119 478
108 199 105
108 287 748
108 296 350
108 18 858
108 60 47
108 86 653
108 99 295
108 115 634
108 129 215
108 176 193
109 140 867
109 147 230
109 252 91
109 270 666
109 282 280
109 26 963
109 43 650
109 67 549
109 96 924
109 122 17
110 155 790
110 158 867
110 162 79
110 224 931
110 281 60
110 297 141
110 49 318
110 52 407
110 60 965
110 68 731
110 99 102
111 116 443
111 129 237
111 136 479
111 155 837
111 187 820
111 257 47
111 260 814
111 291 176
111 20 532
112 121 643
112 124 694
112 126 784
112 130 309
112 140 633
112 167 596
112 175 786
112 212 648
112 217 191
112 220 261
112 235 240
112 264 30
112 292 848
112 47 560
112 70 382
112 76 463
112 92 31
112 101 116
112 104 61
113 161 601
113 175 658
113 189 336
113 198 97
113 203 887
113 210 513
113 247 383
113 35 511
113 36 399
113 47 398
113 66 260
113 71 278
113 183 850
114 120 390
114 146 203
114 174 979
114 229 577
114 278 8
114 280 507
114 25 139
114 39 677
114 82 402
114 187 273
115 216 883
115 220 667
115 231 885
115 244 877
115 88 306
115 99 539
115 114 880
116 118 285
116 203 892
116 248 728
116 278 624
116 32 137
116 49 394
116 106 526
117 118 964
117 131 992
117 171 951
117 198 755
117 201 71
117 204 951
117 205 601
117 9 61
117 47 688
117 72 844
117 78 383
117 253 483
118 120 299
118 125 224
118 153 107
118 166 461
118 293 558
118 298 172
118 26 703
118 93 616
119 146 544
119 159 148
119 240 166
119 250 992
119 253 822
119 274 357
119 291 747
119 4 345
119 10 24
119 26 507
119 41 491
119 88 195
120 176 796
120 190 76
120 215 651
120 217 182
120 229 596
120 266 224
120 24 937
120 48 825
120 64 428
120 82 663
120 85 715
121 256 152
121 292 868
121 0 505
121 15 30
121 16 661
121 51 409
121 94 969
121 102 166
121 103 220
122 132 925
122 198 617
122 200 537
122 214 74
122 222 812
122 224 404
122 81 59
122 205 567
122 217 593
123 147 25
123 192 173
123 193 520
123 214 495
123 245 312
123 246 298
123 257 563
123 266 561
123 271 492
123 297 120
123 8 642
123 19 597
123 69 16
124 192 25
124 224 201
124 252 622
124 254 354
124 256 975
124 268 57
124 271 184
124 3 975
124 132 778
125 150 537
125 173 810
125 190 585
125 230 684
125 242 891
125 294 860
125 8 460
125 115 611
125 143 75
126 134 734
126 150 533
126 209 328
126 274 327
126 285 938
126 12 512
126 26 729
126 39 969
126 42 673
126 86 366
126 241 350
126 254 832
127 139 696
127 142 278
127 232 616
127 244 376
127 280 450
127 24 991
127 77 570
127 78 209
127 83 897
128 184 689
128 215 446
128 277 33
128 292 342
128 3 374
128 94 677
129 230 426
129 276 96
129 27 668
129 39 866
129 42 663
129 69 918
129 79 798
129 84 724
129 245 863
130 194 890
130 233 788
130 244 737
130 265 201
130 266 133
130 1 656
130 27 493
130 58 560
130 85 899
130 102 745
130 115 934
131 145 460
131 151 308
131 163 790
131 168 575
131 187 362
131 189 556
131 198 178
131 205 802
131 222 37
131 293 977
131 26 237
131 61 724
131 80 777
131 84 809
131 85 882
131 94 293
131 98 731
131 101 826
132 142 344
132 178 82
132 53 873
132 118 466
132 240 139
133 140 986
133 148 438
133 187 790
133 215 515
133 235 92
133 241 994
133 262 197
133 263 69
133 286 986
133 1 524
133 15 176
133 38 836
133 39 72
133 55 274
133 86 401
134 204 787
134 234 747
134 236 213
134 289 515
134 26 537
134 39 84
134 40 334
134 80 809
134 86 127
134 92 687
135 154 8
135 181 596
135 222 793
135 57 167
135 75 157
136 138 15
136 142 130
136 184 860
136 209 156
136 223 190
136 235 299
136 255 191
136 279 221
136 38 586
136 58 897
136 95 622
137 139 769
137 149 41
137 210 611
137 252 183
137 261 334
137 274 931
137 4 334
137 36 422
137 50 524
137 56 891
137 58 605
137 76 707
137 93 745
137 107 783
137 108 529
137 117 180
137 202 772
138 167 657
138 189 730
138 233 581
138 273 324
138 286 529
138 45 853
139 140 299
139 144 919
139 155 148
139 163 400
139 166 685
139 181 467
139 245 897
139 258 994
139 55 120
139 62 1000
139 109 181
139 124 264
139 135 788
139 136 777
140 157 161
140 168 760
140 255 863
140 43 652
140 72 376
140 86 952
140 105 450
140 131 313
140 236 245
141 196 44
141 218 459
141 222 399
141 7 751
141 14 837
141 39 645
141 49 8
141 79 315
141 91 192
141 118 518
142 190 662
142 202 92
142 220 608
142 226 995
142 234 250
142 281 359
142 282 239
142 13 909
142 71 186
142 138 269
143 184 92
143 191 344
143 197 174
143 216 921
143 230 844
143 244 950
143 266 596
143 267 659
143 12 942
143 57 607
143 61 85
143 142 98
143 175 76
144 169 728
144 215 662
144 293 987
144 1 815
144 49 573
144 69 71
144 136 962
145 179 588
145 189 220
145 224 408
145 247 1000
145 253 254
145 297 561
145 37 369
145 58 683
145 82 108
145 91 83
145 111 630
145 226 820
146 165 527
146 203 744
146 215 339
146 227 554
146 274 336
146 3 610
146 43 434
146 137 607
146 208 397
146 225 234
147 159 477
147 179 45
147 202 71
147 34 869
147 39 757
147 78 892
147 122 79
147 134 30
147 158 450
147 221 866
148 194 613
148 261 675
148 32 353
148 83 698
148 154 829
149 155 816
149 247 123
149 261 682
149 45 291
149 79 117
149 116 691
149 130 813
149 144 978
149 173 77
149 209 148
150 160 678
150 163 193
150 56 228
150 58 545
150 77 40
150 107 663
151 171 794
151 176 499
151 178 782
151 188 120
151 192 829
151 236 205
151 276 204
151 13 464
151 88 250
151 105 590
151 107 148
151 123 892
152 155 761
152 287 222
152 13 721
152 22 252
152 38 199
152 66 695
152 84 819
153 154 176
153 226 213
153 227 80
153 3 240
153 30 161
154 186 478
154 220 118
154 224 685
154 232 753
154 245 548
154 292 811
154 10 314
154 45 471
154 84 365
154 112 886
154 117 150
154 128 811
154 147 186
154 172 171
155 186 256
155 202 265
155 15 662
155 22 635
155 25 303
155 30 557
155 34 311
155 48 884
155 70 233
155 90 967
155 116 151
156 293 184
156 86 18
157 170 59
157 183 462
157 218 175
157 255 505
157 299 673
157 7 668
157 13 659
157 47 129
157 63 126
157 70 338
157 71 379
157 101 447
157 114 194
157 146 85
157 206 274
158 171 196
158 269 162
158 271 567
158 1 803
158 13 504
158 44 73
158 47 476
158 62 586
158 145 477
158 181 696
159 162 303
159 197 32
159 211 404
159 213 365
159 224 28
159 237 285
159 275 949
159 283 227
159 287 206
159 298 746
159 24 692
159 34 85
159 38 934
159 62 243
159 75 158
159 99 393
159 134 816
159 141 891
159 192 666
160 190 460
160 249 124
160 23 78
160 83 611
160 99 810
160 130 958
160 147 863
161 240 389
161 268 311
161 277 605
161 17 563
161 27 267
161 82 650
161 83 819
161 94 862
161 139 604
161 153 746
161 239 660
162 202 626
162 236 555
162 241 506
162 275 445
162 278 748
162 295 503
162 8 751
162 94 588
162 95 770
162 97 774
162 125 667
162 130 914
162 137 177
162 159 725
162 230 234
163 170 486
163 176 919
163 202 57
163 248 99
163 277 711
163 12 806
163 28 615
163 40 324
163 44 741
163 53 172
163 56 125
163 62 982
163 85 880
163 93 441
163 113 72
163 141 851
163 144 489
164 169 158
164 189 856
164 193 406
164 227 181
164 231 878
164 242 653
164 6 53
164 14 738
164 52 538
164 119 238
164 141 512
164 159 185
165 187 80
165 188 636
165 214 419
165 20 704
165 52 763
165 68 678
165 71 181
165 118 996
165 142 171
165 144 338
165 251 280
166 176 363
166 229 443
166 234 239
166 263 295
166 272 176
166 40 786
166 54 932
166 164 542
167 267 845
167 274 576
167 280 621
167 288 432
167 7 95
167 29 714
167 119 250
167 161 180
168 183 207
168 222 861
168 229 539
168 18 323
168 26 299
168 34 20
168 37 688
168 71 624
168 74 421
168 78 821
168 158 213
169 299 969
169 2 295
169 17 333
169 52 765
169 73 611
169 87 480
169 89 972
169 94 191
169 97 632
169 110 254
169 126 519
169 127 20
169 234 82
169 242 646
170 173 922
170 231 570
170 234 625
170 246 551
170 288 728
170 291 439
170 33 58
170 49 280
170 55 706
170 74 737
170 93 335
170 106 36
170 135 991
170 233 20
171 224 952
171 258 814
171 285 852
171 292 488
171 295 713
171 9 703
171 43 402
171 51 991
171 101 661
171 104 738
171 167 410
171 170 225
172 179 418
172 183 729
172 217 625
172 287 379
172 5 145
172 127 425
172 136 779
172 191 309
173 181 375
173 217 374
173 221 73
173 283 383
173 286 164
173 9 750
173 20 836
173 48 75
173 76 663
173 77 868
173 124 371
173 126 618
174 184 535
174 235 235
174 288 970
174 19 700
174 54 388
174 95 46
174 141 108
174 161 926
174 168 728
174 173 223
175 177 822
175 191 148
175 201 385
175 224 167
175 227 218
175 254 112
175 290 990
175 62 502
175 64 718
175 70 746
175 282 244
176 182 192
176 200 400
176 202 186
176 252 7
176 263 386
176 270 516
176 69 56
176 70 622
177 195 645
177 236 25
177 239 849
177 248 963
177 4 98
177 98 481
177 121 745
177 122 178
177 138 578
177 168 590
178 271 832
178 293 834
178 31 711
178 55 972
178 87 787
178 125 475
178 145 20
178 174 914
179 183 190
179 219 264
179 223 900
179 264 484
179 277 785
179 33 520
179 55 274
179 65 537
179 66 753
179 123 216
179 159 360
179 188 626
180 185 876
180 263 426
180 271 524
180 42 807
180 62 73
180 69 91
180 76 743
180 77 579
180 123 531
181 226 84
181 254 436
181 273 655
181 6 380
181 62 533
181 113 532
181 128 232
181 143 59
181 171 68
182 195 453
182 200 396
182 245 776
182 290 986
182 14 481
182 31 832
182 37 525
182 110 851
182 134 311
183 219 893
183 221 893
183 241 626
183 243 305
183 278 663
183 24 181
183 46 797
183 50 130
183 96 676
183 150 742
184 197 34
184 218 762
184 243 152
184 247 798
184 256 713
184 260 163
184 287 303
184 6 44
184 19 334
184 49 581
184 94 402
184 114 801
184 153 433
184 178 166
185 201 37
185 209 166
185 229 442
185 234 68
185 264 634
185 24 338
185 37 932
185 114 994
185 135 544
185 144 485
186 263 577
186 289 656
186 299 753
186 29 991
186 37 921
186 46 348
186 140 531
186 149 708
186 166 895
186 176 165
186 177 146
186 182 5
187 235 836
187 253 498
187 17 185
187 42 240
187 66 812
187 99 1
187 166 711
188 201 765
188 210 324
188 243 201
188 298 510
188 0 816
188 28 558
188 52 945
188 113 970
188 114 587
188 152 513
188 156 290
188 203 713
188 261 620
189 234 197
189 253 64
189 262 212
189 293 271
189 23 213
189 49 129
189 72 873
189 77 829
189 102 959
189 133 559
189 176 2
189 195 266
189 197 96
190 208 491
190 222 442
190 245 609
190 33 600
190 38 335
190 70 526
190 79 628
190 107 701
190 175 201
190 238 993
190 284 823
191 228 21
191 244 518
191 260 791
191 39 912
191 58 783
191 68 977
191 103 721
191 111 947
191 148 267
191 155 282
191 281 110
192 17 307
192 19 726
192 64 407
192 124 7
192 151 533
192 159 780
193 210 400
193 255 890
193 271 82
193 285 173
193 40 253
193 88 235
193 144 158
193 185 323
194 198 532
194 216 390
194 14 237
194 51 997
194 71 412
194 94 795
194 102 439
194 115 327
194 132 360
194 156 252
194 173 670
195 231 291
195 263 299
195 49 380
195 95 167
195 140 28
195 150 884
195 161 829
195 194 65
195 244 402
196 202 462
196 205 226
196 211 240
196 259 347
196 277 581
196 25 123
196 26 152
196 80 374
196 94 178
196 98 370
196 153 829
196 166 936
196 193 659
196 268 599
197 205 238
197 256 414
197 285 680
197 299 250
197 42 246
197 78 511
197 102 881
197 107 43
197 108 438
197 135 672
197 189 58
198 261 349
198 142 721
198 147 902
199 211 514
199 19 928
199 89 990
199 100 62
199 119 769
199 157 380
199 165 692
199 167 102
199 172 272
199 180 739
199 193 652
200 257 863
200 297 2
200 64 768
200 117 626
200 149 725
201 207 8
201 217 298
201 220 458
201 221 773
201 229 466
201 259 213
201 288 56
201 298 383
201 69 400
201 89 992
201 119 837
201 128 893
202 208 561
202 226 825
202 233 390
202 240 102
202 261 118
202 286 433
202 23 822
202 39 681
202 121 95
202 123 842
202 126 235
202 179 149
202 186 575
203 234 805
203 248 391
203 257 986
203 17 908
203 128 650
203 182 222
203 200 19
204 239 741
204 265 791
204 287 639
204 288 272
204 104 995
204 143 77
204 177 579
205 218 140
205 220 289
205 231 275
205 236 744
205 241 166
205 265 952
205 280 37
205 299 79
205 62 389
205 64 250
205 69 70
205 77 214
205 119 392
205 177 823
205 179 790
205 202 455
206 278 21
206 291 31
206 77 761
206 143 389
206 255 269
206 257 219
207 257 889
207 65 64
207 98 585
207 112 106
207 120 585
207 144 548
207 170 931
207 227 261
208 213 102
208 262 472
208 275 443
208 9 334
208 51 212
208 62 549
208 70 391
208 145 337
208 165 35
208 171 440
208 179 867
209 219 975
209 243 5
209 252 434
209 276 756
209 41 520
209 146 516
210 248 620
210 251 637
210 257 791
210 260 10
210 282 54
210 120 9
210 122 235
210 177 293
210 208 645
211 266 860
211 10 217
211 33 962
211 35 17
211 106 316
211 107 113
211 114 964
211 117 700
211 137 228
211 183 435
212 172 633
212 193 787
212 195 251
212 218 310
212 285 575
213 214 376
213 226 507
213 1 857
213 5 404
213 84 593
213 86 687
213 92 653
213 158 368
213 295 732
214 229 12
214 247 761
214 11 28
214 14 72
214 47 619
214 84 786
214 96 274
214 119 594
214 150 289
214 168 444
214 193 863
214 202 535
214 212 671
215 226 164
215 236 456
215 241 419
215 261 408
215 286 956
215 12 307
215 27 635
215 33 900
215 122 270
215 133 22
216 223 270
216 226 819
216 228 735
216 231 375
216 275 791
216 280 185
216 281 338
216 284 342
216 285 472
216 296 363
216 0 457
216 9 562
216 17 702
216 75 443
216 83 186
216 84 776
216 138 731
216 150 795
216 153 500
216 154 948
216 168 945
216 200 792
216 202 355
217 220 302
217 11 190
217 21 195
217 27 588
217 54 576
217 79 494
217 88 177
217 91 931
217 138 428
217 186 891
217 219 17
218 219 778
218 221 662
218 240 5
218 249 484
218 111 162
218 211 249
219 229 545
219 251 244
219 257 460
219 262 483
219 264 759
219 287 618
219 288 406
219 16 135
219 93 704
219 95 416
219 108 776
219 137 946
219 194 66
219 211 534
220 261 19
220 278 550
220 289 369
220 10 260
220 26 531
220 145 517
220 154 338
220 200 165
221 284 434
221 48 336
221 121 254
221 183 743
221 206 87
221 280 450
222 229 30
222 238 662
222 241 912
222 284 99
222 50 643
222 78 377
222 94 848
222 130 44
222 131 324
222 137 413
222 196 745
223 232 107
223 240 598
223 43 171
223 161 649
223 198 718
223 200 93
224 229 429
224 247 564
224 255 437
224 262 113
224 284 435
224 27 389
224 39 189
224 80 405
224 81 78
224 82 434
224 96 332
224 99 593
224 154 429
224 162 150
224 189 324
225 235 231
225 290 392
225 293 517
225 41 412
225 54 205
225 78 96
225 94 908
225 98 853
225 179 192
225 275 325
226 258 3
226 264 501
226 287 720
226 16 386
226 21 429
226 38 689
226 39 400
226 131 903
226 157 522
226 169 499
226 170 445
226 177 130
226 203 462
227 232 944
227 269 333
227 270 272
227 286 919
227 294 995
227 18 167
227 55 695
227 83 586
227 108 562
227 128 756
227 136 236
227 156 837
227 183 669
227 247 787
228 266 180
228 299 76
228 27 391
228 44 185
228 55 998
228 72 484
228 81 957
228 101 177
228 104 209
228 140 898
228 141 313
228 151 753
228 173 677
228 204 398
229 239 844
229 251 870
229 284 880
229 286 157
229 288 167
229 131 651
230 233 809
230 269 49
230 276 166
230 53 207
230 91 114
230 105 71
230 166 936
230 198 301
231 232 353
231 2 478
231 14 177
231 65 521
231 79 82
231 91 450
231 118 587
231 120 209
231 122 432
231 140 412
231 156 921
231 195 384
231 205 130
232 281 608
232 294 529
232 299 628
232 29 388
232 98 107
232 157 190
232 160 232
232 213 500
232 221 447
233 234 398
233 262 30
233 279 256
233 47 160
233 158 418
233 170 735
233 176 552
233 223 899
234 260 492
234 33 839
234 96 181
234 148 117
234 197 884
234 200 546
234 292 519
235 253 805
235 27 689
235 31 259
235 80 448
235 173 528
235 220 434
236 257 634
236 286 310
236 297 713
236 0 142
236 15 301
236 27 548
236 108 411
236 131 395
236 168 31
236 179 290
236 213 779
236 259 883
236 265 529
236 271 36
237 27 604
237 130 870
237 136 523
237 157 258
237 168 238
237 172 61
237 187 735
237 229 873
238 271 478
238 282 792
238 291 559
238 216 92
238 229 606
238 262 605
238 267 581
239 243 373
239 251 44
239 257 990
239 29 795
239 96 535
239 110 734
239 137 588
240 263 162
240 17 906
240 51 225
240 64 241
240 65 695
240 159 994
240 194 440
241 273 327
241 287 265
241 9 37
241 18 248
241 73 627
241 84 945
241 117 808
241 142 531
241 159 316
241 168 67
241 211 972
242 267 781
242 281 250
242 299 608
242 6 326
242 32 190
242 39 412
242 135 322
242 212 74
242 217 265
242 235 662
243 291 307
243 16 714
243 57 328
243 61 801
243 67 762
243 122 91
243 140 544
243 146 332
243 186 30
244 260 604
244 287 954
244 296 546
244 2 299
244 8 668
244 9 478
244 46 479
244 63 99
244 118 889
244 120 944
244 145 460
244 202 796
244 223 485
245 268 49
245 299 17
245 66 142
245 144 420
245 184 180
245 203 833
246 259 913
246 6 115
246 45 3
246 46 244
246 50 405
246 59 769
246 122 986
246 137 422
246 211 960
246 214 640
246 218 838
246 234 756
247 262 544
247 29 7
247 68 354
247 75 784
247 87 751
247 91 827
247 139 620
247 147 542
247 206 706
247 221 548
247 223 578
247 227 845
248 279 513
248 15 805
248 33 389
248 47 144
248 149 886
249 27 488
249 33 62
249 70 811
249 80 633
249 137 219
249 194 643
249 229 388
249 241 598
250 263 281
250 3 185
250 127 436
250 214 739
250 238 491
250 242 32
251 289 671
251 27 474
251 36 505
251 110 977
251 126 93
251 131 644
251 190 25
251 230 532
251 238 595
252 274 359
252 69 767
252 110 716
252 121 164
252 123 813
252 153 340
252 168 339
252 178 794
252 294 867
253 264 475
253 274 376
253 283 131
253 291 812
253 5 800
253 6 408
253 22 424
253 23 901
253 48 150
253 58 56
253 59 795
253 74 910
253 98 416
253 127 326
253 170 58
253 190 751
253 236 729
253 239 676
253 241 602
254 263 513
254 296 659
254 4 697
254 13 674
254 63 488
254 64 650
254 67 562
254 107 462
254 151 144
254 198 849
254 205 105
254 223 156
254 237 826
254 250 415
254 286 995
255 279 118
255 295 828
255 69 359
255 108 606
255 145 227
255 146 12
255 161 381
255 188 25
255 204 106
255 216 512
255 221 720
255 229 544
255 236 375
255 251 769
256 269 974
256 295 519
256 83 360
256 124 46
256 168 921
256 211 811
256 244 554
257 19 930
257 42 871
257 44 866
257 94 433
257 101 279
257 102 373
257 114 609
257 118 957
257 127 923
257 139 873
257 154 912
257 166 912
257 172 882
257 215 443
257 224 902
257 238 101
257 253 743
258 263 96
258 270 956
258 274 163
258 44 944
258 71 355
258 146 881
258 173 622
258 182 355
258 224 428
258 225 117
258 231 440
258 242 118
258 254 569
259 17 668
259 134 696
259 150 74
259 190 910
259 208 818
259 214 309
259 217 994
259 231 828
259 245 701
260 267 646
260 33 931
260 35 174
260 57 812
260 92 542
260 122 855
260 125 398
260 183 155
260 208 422
261 268 234
261 275 294
261 283 179
261 295 124
261 67 528
261 70 704
261 157 310
261 162 619
261 255 520
262 53 700
262 64 32
262 67 799
262 70 414
262 75 918
262 102 438
262 225 113
262 248 945
263 13 869
263 18 812
263 87 804
263 122 235
263 125 163
263 171 357
263 213 84
264 273 943
264 287 144
264 297 240
264 2 900
264 55 505
264 68 924
264 77 341
264 96 790
264 133 570
264 142 454
264 202 290
264 244 463
264 255 295
265 278 463
265 287 20
265 4 15
265 19 88
265 31 497
265 115 272
265 142 682
265 147 903
265 155 584
265 221 294
265 232 444
265 241 613
265 246 94
265 249 690
266 273 373
266 274 988
266 283 246
266 57 647
266 78 229
266 128 411
266 131 292
266 139 443
266 173 354
266 179 608
266 189 344
266 190 60
266 193 457
266 202 454
266 214 661
267 13 187
267 18 328
267 51 255
267 86 761
267 117 269
267 144 862
267 160 823
267 174 335
267 199 695
267 203 406
267 221 646
268 277 362
268 278 956
268 285 937
268 15 258
268 32 955
268 36 857
268 53 268
268 64 483
268 74 538
268 89 978
268 94 931
268 110 680
268 115 490
268 137 633
268 212 705
268 220 779
268 227 943
268 238 346
268 249 429
269 273 899
269 286 108
269 0 882
269 72 749
269 99 804
269 112 919
269 123 720
269 159 875
269 180 16
269 181 18
270 288 319
270 60 853
270 61 963
270 99 235
270 102 222
270 112 633
270 133 575
270 165 149
270 235 864
271 279 182
271 82 97
271 160 497
271 187 528
271 195 350
271 198 421
271 231 621
271 257 376
272 278 363
272 283 381
272 287 485
272 291 470
272 19 310
272 33 977
272 37 742
272 40 377
272 50 35
272 99 424
272 113 25
272 121 40
272 132 512
272 139 333
272 144 222
272 176 560
272 184 672
272 252 971
272 257 523
272 267 686
272 268 134
273 294 962
273 5 422
273 35 402
273 65 834
273 86 156
273 95 404
273 174 691
273 183 672
273 214 311
273 216 156
273 230 140
273 247 193
273 272 153
274 2 614
274 33 860
274 46 199
274 49 408
274 52 637
274 69 978
274 82 864
274 94 746
274 128 548
274 196 537
275 78 14
275 101 849
275 185 777
275 239 109
275 244 280
275 260 485
275 267 418
276 27 658
276 29 294
276 40 244
276 47 163
276 116 146
276 133 662
276 155 675
276 178 752
276 182 834
276 266 43
276 267 382
276 274 383
276 296 316
277 23 755
277 39 260
277 44 857
277 85 805
277 103 998
277 122 66
277 134 12
277 177 321
277 199 114
277 238 998
277 255 35
277 258 701
277 260 59
278 279 216
278 13 974
278 58 130
278 89 228
278 92 411
278 153 85
278 168 276
278 183 950
278 220 634
278 227 572
279 280 933
279 287 149
279 58 905
279 143 864
279 145 911
279 166 417
279 177 785
279 203 38
279 238 809
280 285 517
280 45 217
280 47 173
280 53 488
280 63 1
280 79 145
280 88 350
280 126 343
280 133 702
280 153 447
280 183 338
280 195 702
280 196 706
280 238 657
280 243 829
280 253 466
281 293 752
281 40 332
281 79 666
281 101 733
281 127 341
281 173 705
281 245 845
282 284 521
282 19 13
282 36 948
282 55 923
282 71 563
282 87 599
282 141 534
282 148 194
282 149 242
282 175 393
283 289 175
283 292 132
283 27 405
283 57 37
283 152 48
283 196 789
283 202 579
283 216 415
283 223 258
284 5 473
284 43 243
284 99 696
284 208 51
284 279 420
284 280 421
284 281 454
285 33 58
285 43 396
285 53 217
285 80 416
285 96 429
285 99 740
285 100 20
285 108 502
285 130 225
285 131 132
285 143 660
285 283 899
286 0 665
286 23 80
286 31 894
286 54 798
286 72 74
286 92 757
286 155 71
286 181 364
286 274 71
287 13 747
287 38 966
287 57 43
287 102 80
287 128 574
287 132 188
287 225 319
287 227 147
287 258 485
287 260 246
287 277 211
288 63 688
288 142 232
288 162 331
288 163 620
288 164 700
288 198 370
288 205 728
288 250 76
288 276 956
288 279 259
288 283 786
289 56 643
289 72 582
289 109 515
289 116 508
289 245 114
289 286 124
290 3 127
290 20 401
290 28 253
290 116 860
290 150 317
290 183 529
290 198 188
290 282 285
291 7 484
291 22 438
291 33 215
291 43 728
291 48 507
291 74 583
291 106 682
291 118 957
291 126 826
291 128 450
291 144 390
291 160 957
291 168 3
291 182 824
291 188 999
291 241 148
291 264 373
292 294 569
292 10 968
292 54 626
292 121 287
292 143 872
292 162 838
292 163 789
292 220 103
292 226 227
292 243 19
292 279 257
292 284 186
293 296 634
293 3 586
293 24 312
293 73 176
293 79 200
293 86 366
293 142 959
294 26 288
294 31 919
294 57 39
294 126 84
294 134 858
294 150 710
294 170 747
294 201 858
294 224 932
294 227 816
294 244 466
294 279 519
295 35 765
295 42 58
295 55 14
295 133 88
295 203 778
295 212 554
295 247 12
295 259 225
296 13 931
296 93 135
296 101 995
296 117 601
296 200 971
296 201 26
296 263 365
297 11 674
297 28 963
297 55 175
297 70 5
297 94 120
297 96 585
297 134 381
297 137 120
297 179 863
297 186 565
297 221 824
297 259 132
297 285 648
298 14 538
298 66 565
298 130 725
298 142 343
298 178 699
298 210 238
298 230 905
298 241 42
298 260 792
298 262 896
298 271 930
299 20 844
299 31 657
299 40 759
299 72 29
299 176 305
299 184 502
