200 2169 0
0 2 877
0 14 931
0 56 527
0 72 308
0 104 803
0 118 943
0 143 270
0 192 205
0 1 967
0 3 762
0 4 411
0 7 617
0 99 457
1 4 929
1 12 488
1 19 314
1 39 338
1 66 15
1 73 776
1 77 879
1 85 590
1 159 794
1 193 617
1 2 963
1 6 615
1 10 793
1 21 301
1 43 109
1 55 349
1 97 710
1 177 93
1 187 157
2 25 394
2 52 467
2 59 268
2 78 833
2 104 357
2 121 285
2 155 639
2 158 938
2 176 701
2 179 970
2 5 766
2 19 784
2 36 226
2 64 726
2 87 187
3 10 564
3 36 991
3 39 465
3 45 477
3 47 265
3 112 487
3 143 96
3 159 85
3 1 951
3 9 703
3 67 176
3 142 566
4 18 53
4 34 794
4 50 257
4 66 368
4 143 989
4 184 882
4 33 340
4 188 368
4 189 58
5 63 393
5 64 686
5 96 349
5 114 178
5 137 994
5 140 291
5 188 904
5 196 487
5 8 45
5 195 553
6 31 516
6 34 310
6 62 326
6 65 946
6 73 276
6 76 776
6 84 635
6 107 641
6 133 327
6 140 76
6 150 837
6 156 357
6 166 849
6 172 20
6 191 827
6 194 459
6 197 851
6 20 637
6 37 177
6 72 367
6 103 920
7 64 630
7 106 301
7 118 711
7 123 270
7 130 502
7 146 1
7 163 456
7 3 161
7 4 249
7 15 355
7 28 989
8 47 238
8 93 116
8 129 895
8 162 656
8 170 48
8 178 389
8 11 455
8 24 811
8 35 387
8 88 662
9 76 885
9 77 613
9 98 855
9 110 37
9 128 332
9 144 26
9 155 694
9 0 12
9 17 470
10 13 990
10 78 256
10 80 217
10 103 713
10 113 180
10 137 476
10 147 105
10 178 712
10 14 786
10 18 755
10 27 409
10 31 575
10 79 57
10 136 270
11 24 107
11 34 140
11 89 59
11 117 10
11 120 263
11 122 433
11 129 537
11 152 676
11 188 793
11 190 846
11 194 594
11 198 291
11 13 821
11 70 69
11 104 341
12 22 493
12 27 598
12 62 346
12 78 271
12 95 342
12 107 236
12 128 48
12 148 757
12 156 532
12 169 243
12 199 452
12 23 535
12 54 724
12 153 18
13 21 694
13 26 837
13 38 391
13 78 326
13 80 43
13 90 536
13 99 994
13 107 899
13 141 207
13 189 732
13 199 756
14 34 116
14 39 574
14 98 249
14 106 30
14 136 839
14 158 750
14 197 551
14 2 995
14 8 320
15 54 153
15 95 817
15 122 732
15 129 246
15 152 585
15 173 504
15 196 553
15 3 505
15 11 443
15 16 184
15 47 457
15 65 268
16 24 176
16 51 39
16 57 369
16 85 976
16 155 691
16 171 302
16 25 869
16 32 868
16 41 753
16 71 349
17 57 641
17 59 280
17 88 234
17 92 400
17 153 5
17 178 60
17 0 878
17 39 904
18 34 784
18 38 696
18 56 969
18 69 102
18 100 139
18 112 997
18 130 612
18 182 338
18 191 916
18 198 577
18 11 168
18 29 19
19 22 42
19 41 813
19 45 546
19 100 957
19 138 166
19 156 968
19 189 593
19 6 158
19 60 80
19 174 142
20 23 154
20 60 560
20 86 191
20 89 417
20 96 398
20 114 19
20 180 378
20 187 295
20 198 352
20 14 797
20 22 577
20 45 782
20 94 16
20 98 242
21 43 602
21 45 941
21 46 10
21 81 376
21 91 793
21 92 788
21 111 376
21 155 350
21 157 88
21 161 588
21 186 692
21 190 701
21 40 379
21 44 374
21 100 66
22 27 419
22 64 192
22 85 369
22 145 969
22 182 978
22 188 588
22 194 258
22 19 819
22 26 153
22 48 217
22 51 856
23 40 536
23 60 189
23 64 614
23 97 138
23 157 961
23 170 842
23 199 517
23 6 802
23 50 946
23 137 114
24 69 326
24 71 595
24 85 596
24 93 573
24 179 640
24 12 635
24 17 98
24 22 631
24 53 169
25 48 366
25 51 261
25 54 479
25 57 268
25 63 457
25 76 189
25 98 404
25 123 428
25 130 369
25 134 99
25 143 324
25 165 153
25 183 265
25 11 876
25 56 810
25 61 183
25 75 344
25 133 458
26 37 789
26 119 82
26 134 383
26 141 815
26 151 382
26 152 274
26 154 890
26 163 678
26 170 360
26 190 838
26 6 152
26 16 423
26 181 990
27 38 211
27 47 204
27 69 161
27 71 596
27 110 470
27 133 608
27 144 437
27 182 674
27 9 814
27 93 600
27 135 720
27 178 250
28 30 783
28 38 1
28 71 374
28 81 139
28 93 31
28 99 451
28 115 418
28 130 992
28 143 940
28 174 581
28 190 828
28 34 96
28 42 861
28 80 53
28 109 397
28 110 296
28 192 639
29 59 706
29 69 204
29 81 441
29 118 3
29 121 891
29 10 727
29 17 628
29 23 234
30 73 413
30 81 629
30 88 965
30 105 496
30 108 861
30 117 966
30 136 505
30 143 614
30 158 435
30 174 412
30 162 951
31 39 414
31 80 62
31 88 317
31 89 180
31 124 171
31 127 883
31 145 850
31 172 328
31 77 124
32 62 516
32 106 637
32 152 460
32 156 162
32 169 589
32 12 888
32 24 399
32 112 233
32 147 735
33 88 128
33 122 261
33 128 18
33 137 976
33 7 926
33 130 468
34 85 807
34 166 789
34 189 321
34 195 491
34 19 885
34 24 356
34 59 520
35 49 773
35 98 224
35 104 319
35 144 581
35 0 853
35 24 29
35 32 502
35 90 712
35 134 140
36 43 277
36 47 211
36 61 382
36 72 15
36 84 883
36 88 293
36 91 638
36 102 441
36 124 982
36 132 750
36 153 232
36 165 932
36 183 6
36 184 225
36 192 872
36 0 815
36 14 623
36 86 396
37 103 136
37 110 880
37 130 259
37 142 739
37 143 969
37 22 650
37 58 591
37 74 821
38 47 567
38 51 204
38 62 789
38 79 128
38 111 922
38 120 399
38 124 578
38 148 844
38 154 677
38 167 889
38 175 975
38 178 977
38 184 756
38 191 491
38 16 369
38 63 914
39 40 895
39 44 843
39 47 689
39 59 480
39 61 627
39 75 735
39 87 818
39 169 138
39 19 31
39 28 762
39 33 613
39 38 405
39 113 673
40 45 847
40 65 433
40 79 353
40 88 317
40 140 816
40 153 145
40 174 297
40 183 980
40 196 510
40 13 266
40 16 406
40 18 726
40 33 612
40 46 246
40 57 814
40 66 862
40 82 473
40 120 827
41 42 953
41 51 969
41 62 206
41 72 709
41 85 187
41 91 508
41 106 780
41 141 964
41 142 466
41 149 38
41 150 754
41 158 929
41 164 851
41 183 759
41 15 419
41 31 207
42 60 539
42 61 299
42 73 706
42 74 884
42 84 435
42 152 106
42 193 316
42 9 276
42 14 166
42 25 154
42 41 772
43 52 214
43 57 314
43 61 133
43 88 167
43 135 355
43 141 214
43 154 894
43 171 590
43 179 607
43 192 818
43 24 163
43 33 61
44 48 107
44 80 129
44 111 957
44 116 258
44 122 588
44 126 293
44 143 290
44 164 190
44 38 62
44 43 285
45 67 586
45 72 967
45 78 855
45 91 380
45 98 110
45 107 423
45 127 266
45 181 342
45 182 730
45 195 610
45 6 574
45 35 537
45 52 640
46 73 266
46 85 871
46 89 110
46 100 983
46 123 568
46 153 960
46 160 570
46 177 828
46 189 57
46 33 30
46 49 349
46 76 746
47 97 434
47 110 621
47 132 495
47 148 813
47 154 325
47 172 911
47 19 685
47 31 601
47 45 820
47 105 234
47 116 122
48 62 435
48 67 431
48 97 972
48 109 683
48 151 85
48 152 606
48 162 893
48 178 256
48 185 891
48 5 786
48 92 558
49 55 352
49 77 909
49 78 741
49 96 825
49 108 153
49 171 41
49 190 9
49 36 129
49 38 395
49 48 843
50 94 373
50 95 830
50 106 28
50 118 381
50 176 829
50 10 342
50 40 528
50 62 606
50 183 999
51 114 941
51 118 853
51 126 863
51 142 827
51 196 606
51 197 408
51 14 552
51 34 966
51 40 934
52 54 730
52 63 113
52 80 107
52 100 632
52 105 567
52 147 197
52 175 216
52 2 330
52 12 657
52 13 568
52 25 412
52 32 147
52 45 42
53 187 898
53 3 921
53 37 85
53 146 941
54 79 33
54 133 652
54 152 362
54 174 212
54 182 901
54 33 421
54 43 583
54 131 711
55 75 661
55 76 118
55 88 421
55 98 212
55 111 346
55 141 92
55 38 105
55 68 956
55 81 743
56 57 773
56 76 802
56 78 140
56 114 279
56 134 241
56 154 946
56 190 673
56 27 752
57 144 997
57 168 175
57 195 220
57 197 934
57 0 868
57 96 393
58 68 445
58 102 203
58 104 878
58 108 208
58 155 11
58 180 983
58 11 534
58 36 287
58 43 428
58 89 731
59 80 806
59 113 220
59 133 984
59 134 521
59 1 104
59 9 831
59 43 771
59 132 630
60 65 371
60 75 871
60 89 902
60 97 649
60 138 884
60 152 340
60 2 257
60 31 521
60 40 239
60 51 510
60 198 593
61 78 217
61 82 579
61 83 52
61 111 579
61 127 927
61 166 676
61 186 110
61 53 271
62 100 442
62 114 656
62 145 103
62 154 800
62 0 38
62 23 102
62 129 335
63 87 338
63 145 117
63 147 636
63 166 289
63 169 990
63 51 100
63 57 246
63 58 895
63 111 806
63 124 310
63 157 807
64 67 584
64 71 66
64 90 99
64 102 400
64 104 491
64 122 152
64 131 928
64 133 332
64 4 230
64 8 133
64 51 243
64 127 141
65 108 40
65 111 731
65 112 583
65 113 55
65 150 478
65 156 488
65 193 560
65 28 565
65 57 240
65 61 434
65 165 889
66 101 253
66 102 222
66 155 638
66 161 835
66 169 99
66 170 340
66 195 178
66 14 733
66 20 302
67 72 104
67 81 459
67 86 461
67 89 206
67 93 964
67 123 664
67 151 487
67 155 268
67 174 804
67 191 490
67 43 195
67 44 824
67 59 463
67 159 685
68 90 163
68 108 617
68 111 219
68 125 852
68 183 583
68 188 413
68 40 359
68 63 440
68 119 268
68 167 399
69 71 171
69 81 134
69 82 742
69 121 610
69 149 554
69 195 501
69 17 112
69 21 817
69 31 240
69 39 623
69 54 925
69 58 353
69 62 698
70 98 879
70 105 579
70 123 283
70 175 7
70 193 312
70 198 456
70 37 890
70 58 992
70 199 908
71 73 216
71 130 404
71 157 230
71 180 296
71 187 593
71 195 322
71 1 25
71 27 368
71 53 834
71 61 35
72 109 436
72 113 949
72 123 748
72 126 769
72 127 25
72 137 585
72 155 813
72 161 640
72 162 561
72 167 809
72 176 22
72 182 767
72 184 49
72 0 54
72 18 416
72 25 978
72 53 638
72 55 307
72 78 463
72 114 339
73 75 659
73 95 26
73 98 922
73 99 569
73 161 391
73 196 108
73 198 430
73 12 280
73 37 814
73 44 754
73 101 44
74 87 819
74 94 347
74 159 45
74 178 63
74 194 357
74 23 669
74 35 823
74 43 690
75 103 783
75 151 679
75 161 121
75 180 635
75 187 706
75 20 763
75 30 892
75 32 14
75 33 897
75 64 645
75 66 538
75 67 645
75 150 100
76 120 854
76 136 586
76 140 772
76 144 553
76 172 35
76 193 217
76 0 606
76 1 594
76 21 421
76 25 847
76 43 286
76 47 103
76 68 110
76 148 185
77 78 124
77 91 883
77 117 159
77 132 567
77 155 244
77 177 236
77 179 494
77 198 940
77 10 619
77 11 935
77 38 266
77 41 409
77 44 209
77 68 52
78 87 534
78 89 542
78 94 499
78 116 871
78 120 76
78 135 892
78 152 233
78 185 133
78 187 403
78 10 707
78 31 956
78 36 675
78 39 469
78 52 67
78 54 252
78 67 233
78 126 894
78 161 783
79 80 121
79 121 159
79 146 444
79 148 893
79 160 688
79 168 502
79 192 430
79 28 262
79 172 623
79 190 831
80 87 196
80 109 562
80 123 37
80 129 565
80 138 714
80 145 680
80 169 399
80 187 158
80 196 717
80 34 505
80 60 759
80 64 586
80 67 828
80 85 142
80 91 49
80 163 897
81 96 314
81 181 395
81 191 596
81 198 491
81 25 682
81 51 467
81 62 610
81 65 760
81 84 822
81 144 430
82 83 340
82 86 791
82 149 655
82 185 890
82 4 545
82 66 236
82 173 862
83 116 65
83 151 306
83 153 881
83 10 547
83 26 513
83 28 243
83 59 348
83 69 946
83 79 845
83 118 986
83 121 740
84 100 311
84 126 245
84 127 883
84 138 523
84 139 444
84 140 278
84 196 299
84 44 806
84 60 389
84 77 330
84 179 761
85 106 327
85 114 861
85 134 850
85 141 212
85 164 863
85 176 97
85 183 310
85 3 306
85 11 199
85 28 104
85 30 248
85 49 418
85 108 965
86 111 546
86 114 167
86 175 323
86 179 217
86 181 428
86 199 812
86 1 475
86 67 887
87 121 868
87 128 250
87 129 281
87 138 535
87 7 960
87 63 373
87 77 401
87 78 883
87 79 67
87 85 599
87 102 974
87 176 487
88 150 450
88 163 695
88 166 99
88 174 170
88 190 654
88 21 123
88 26 827
88 72 536
88 76 830
89 104 273
89 120 271
89 153 8
89 169 399
89 174 402
89 199 203
89 23 25
89 49 618
89 71 166
89 78 805
89 84 61
89 87 425
89 88 435
89 123 341
90 119 916
90 132 437
90 144 823
90 158 738
90 48 388
90 57 41
90 84 273
90 89 946
91 110 484
91 132 677
91 164 975
91 168 586
91 196 604
91 199 14
91 19 929
91 33 88
91 47 36
91 67 154
91 75 984
92 93 631
92 106 572
92 120 242
92 134 168
92 142 921
92 4 880
92 23 742
92 46 340
92 55 435
92 65 143
92 68 517
92 75 298
92 95 956
93 120 768
93 145 944
93 153 498
93 181 252
93 35 653
93 45 76
93 54 275
93 74 150
93 80 635
93 81 198
94 102 252
94 135 137
94 151 13
94 154 916
94 159 734
94 190 28
94 196 452
94 198 282
94 16 308
94 31 745
94 61 538
94 65 20
94 71 390
94 117 477
95 125 826
95 174 630
95 4 993
95 11 789
95 13 667
95 21 171
95 32 39
95 61 171
95 68 669
95 89 880
96 119 9
96 144 534
96 146 409
96 147 362
96 165 93
96 185 884
96 67 320
97 120 26
97 136 975
97 146 694
97 174 897
97 5 473
97 35 737
97 39 521
97 48 237
98 110 265
98 117 386
98 184 60
98 10 443
98 25 880
98 28 461
98 42 981
98 82 500
98 106 169
98 122 854
99 107 221
99 143 646
99 167 112
99 187 880
99 197 555
99 3 528
99 5 96
99 12 536
99 35 222
99 36 643
99 37 788
99 69 729
99 73 869
99 77 752
99 88 868
100 118 572
100 123 945
100 142 409
100 158 329
100 186 283
100 193 236
100 6 755
100 40 611
100 88 60
100 89 326
101 112 980
101 141 690
101 162 285
101 165 918
101 172 88
101 175 908
101 177 723
101 5 980
101 43 819
101 48 615
101 89 599
101 115 855
102 108 821
102 145 189
102 156 110
102 173 470
102 177 795
102 9 23
102 27 489
102 91 362
102 151 256
103 115 445
103 130 925
103 134 177
103 149 38
103 192 730
103 195 539
103 54 180
103 63 872
103 66 164
103 97 440
104 114 767
104 118 730
104 130 931
104 184 721
104 5 947
104 9 789
104 49 887
104 55 749
104 78 203
105 150 307
105 176 619
105 179 973
105 13 544
105 45 592
105 72 52
106 127 55
106 146 235
106 195 24
106 10 586
106 56 787
106 66 879
106 84 684
107 166 773
107 169 378
107 173 831
107 174 263
107 177 465
107 179 831
107 195 976
107 0 742
107 52 626
107 71 288
107 85 285
108 124 537
108 125 338
108 159 383
108 183 133
108 192 68
108 6 658
108 10 451
108 33 549
108 43 116
108 55 843
109 159 750
109 174 99
109 10 157
109 35 168
109 62 346
109 68 424
109 92 222
109 96 551
110 144 257
110 150 741
110 154 360
110 191 641
110 4 362
110 11 260
110 98 519
110 102 895
111 122 757
111 132 11
111 137 532
111 140 823
111 150 912
111 100 953
111 106 64
111 138 964
111 175 672
112 126 430
112 133 677
112 155 954
112 173 113
112 177 589
112 180 845
112 5 727
112 20 430
112 41 470
112 49 809
112 75 75
112 89 765
112 92 102
112 111 739
113 129 466
113 140 856
113 148 642
113 168 150
113 182 391
113 5 752
113 30 189
113 40 418
113 54 888
113 68 574
113 89 981
114 132 34
114 169 352
114 170 435
114 34 285
114 39 289
114 46 144
114 67 85
114 78 997
114 79 649
114 80 580
114 96 454
115 120 559
115 136 941
115 138 321
115 146 935
115 157 819
115 41 609
115 48 193
115 81 573
115 82 681
115 105 815
115 140 686
115 168 674
116 122 958
116 124 45
116 187 853
116 196 225
116 197 455
116 0 755
116 15 740
116 31 644
116 46 519
116 62 418
116 88 139
116 139 567
117 122 552
117 141 34
117 153 736
117 181 201
117 189 949
117 17 290
117 34 569
117 66 210
117 94 271
117 113 56
117 154 525
118 121 375
118 128 711
118 138 748
118 140 291
118 162 393
118 170 134
118 172 37
118 189 197
118 1 639
118 12 307
118 17 852
118 21 211
118 40 458
118 60 301
118 125 3
118 191 43
119 136 438
119 165 446
119 22 563
119 36 707
119 73 969
119 112 10
120 123 709
120 171 170
120 175 692
120 199 105
120 72 375
120 86 429
121 125 236
121 135 895
121 136 783
121 167 275
121 169 787
121 180 411
121 184 512
121 27 362
121 33 578
121 42 158
121 57 741
121 89 93
121 94 335
121 95 220
122 164 680
122 187 42
122 197 995
122 24 402
122 30 895
122 63 777
122 84 384
122 102 285
122 110 337
122 113 199
122 116 516
122 118 732
123 130 774
123 150 242
123 151 581
123 157 600
123 190 581
123 191 37
123 5 800
123 6 503
123 20 803
123 22 252
123 37 210
123 40 287
123 53 164
123 56 889
123 62 188
123 69 462
123 118 237
124 131 44
124 170 80
124 182 237
124 189 405
124 196 406
124 37 432
124 85 645
124 86 768
124 89 28
124 92 149
124 114 629
124 122 295
125 127 727
125 147 827
125 168 912
125 190 315
125 199 671
125 6 45
125 23 580
125 27 208
125 28 305
125 56 497
125 67 391
125 87 115
125 89 627
126 137 689
126 164 822
126 197 705
126 2 357
126 58 91
126 69 681
126 83 468
126 93 372
126 104 229
126 109 633
126 120 595
127 157 45
127 23 813
127 30 103
127 63 366
127 76 674
127 85 472
127 117 878
127 196 195
128 146 317
128 161 296
128 165 758
128 178 101
128 2 790
128 8 3
128 20 69
128 23 878
128 32 686
128 37 617
128 41 445
128 56 892
128 74 205
128 100 507
128 104 209
128 125 500
129 152 841
129 156 571
129 183 693
129 190 746
129 1 415
129 55 531
129 77 484
130 140 964
130 159 164
130 163 158
130 166 4
130 171 537
130 190 465
130 81 75
130 84 880
130 92 422
130 100 641
130 108 899
131 145 712
131 169 327
131 184 976
131 6 750
131 7 183
131 28 82
131 35 580
131 40 786
131 77 987
131 81 627
131 166 348
132 141 466
132 167 634
132 171 197
132 183 730
132 12 501
132 14 693
132 29 814
132 35 429
132 59 52
132 61 161
132 88 256
132 98 298
132 111 551
132 114 301
132 117 864
132 193 684
133 135 446
133 187 951
133 193 797
133 35 604
133 39 1
133 42 671
133 53 993
133 97 504
133 104 70
133 121 483
133 124 298
133 145 738
133 152 478
134 136 700
134 157 567
134 187 375
134 29 958
134 74 491
134 111 634
134 122 71
134 126 667
134 143 315
135 153 215
135 169 770
135 177 943
135 4 428
135 11 474
135 19 360
135 23 453
135 56 661
135 62 148
135 106 796
136 144 706
136 161 493
136 167 909
136 176 369
136 187 65
136 20 263
136 54 663
136 56 578
136 76 214
136 109 601
137 145 138
137 163 681
137 166 538
137 184 292
137 2 671
137 24 83
137 36 181
137 81 747
137 116 4
137 124 893
137 135 572
138 145 598
138 169 747
138 175 785
138 181 689
138 194 707
138 197 917
138 29 550
138 36 973
138 69 466
138 72 825
138 76 568
138 81 494
138 87 284
138 90 185
138 119 5
138 131 845
139 143 657
139 148 913
139 152 922
139 172 445
139 195 360
139 197 309
139 2 447
139 7 48
139 15 718
139 20 933
139 39 33
139 47 47
139 61 254
139 70 433
140 184 788
140 197 991
140 198 667
140 2 93
140 40 47
140 85 991
141 163 384
141 189 481
141 194 611
141 28 214
141 69 119
141 98 273
141 99 963
141 122 18
141 149 177
142 150 485
142 30 620
142 37 48
142 51 68
142 75 19
142 78 257
142 90 973
142 93 149
142 105 448
142 160 780
142 182 162
143 180 913
143 42 833
143 58 222
143 75 244
143 101 656
143 111 224
143 122 929
143 141 552
144 159 673
144 174 18
144 6 62
144 133 820
145 163 459
145 164 500
145 176 339
145 83 155
145 87 661
145 112 73
145 156 63
146 147 895
146 179 674
146 180 610
146 183 49
146 4 918
146 76 57
146 89 652
146 92 233
146 94 977
146 131 884
146 155 411
146 164 786
146 184 788
147 172 270
147 23 803
147 52 9
147 55 506
147 63 267
147 71 819
147 76 955
147 78 102
147 79 568
147 85 153
147 89 81
147 119 379
148 188 742
148 197 326
148 33 644
148 117 534
149 155 867
149 165 671
149 174 205
149 185 867
149 28 546
149 47 694
149 128 627
150 164 898
150 170 821
150 192 635
150 194 803
150 199 216
150 23 574
150 28 527
150 53 983
150 71 306
150 76 536
150 77 253
150 89 161
150 90 189
150 94 362
150 99 68
150 116 103
150 119 292
150 171 424
150 180 897
151 152 433
151 182 520
151 17 260
151 48 542
151 75 156
151 117 113
151 147 380
152 167 980
152 8 407
152 23 123
152 37 839
152 70 988
152 85 941
152 93 190
152 124 834
152 132 50
153 156 418
153 164 963
153 197 572
153 2 31
153 54 579
153 148 278
154 174 953
154 180 675
154 182 764
154 193 586
154 23 1000
154 75 750
154 76 960
154 112 322
154 137 241
155 166 770
155 170 17
155 185 56
155 11 959
155 22 33
155 49 22
155 84 239
155 136 813
156 169 847
156 192 335
156 199 114
156 4 645
156 53 752
156 57 834
156 62 965
157 158 665
157 179 994
157 189 716
157 3 93
157 22 291
157 73 262
157 75 477
157 128 59
157 142 998
157 156 780
158 182 109
158 17 433
158 21 239
158 34 271
158 47 277
158 53 923
158 121 789
158 124 605
159 172 614
159 191 999
159 21 747
159 36 697
159 60 759
160 166 113
160 185 914
160 189 138
160 3 557
160 34 120
160 59 379
160 101 370
160 119 942
160 123 807
160 128 273
160 137 939
160 140 374
160 150 55
160 153 64
161 183 418
161 10 298
161 25 964
161 44 818
161 72 371
161 89 286
161 107 888
161 109 918
161 120 7
162 183 141
162 53 501
162 80 343
162 85 225
162 110 209
162 114 77
162 137 434
162 144 355
163 198 546
163 4 677
163 8 74
163 93 165
163 101 180
163 104 652
163 106 633
163 107 238
163 112 860
163 124 566
163 130 90
163 138 293
163 149 979
163 152 722
163 154 512
164 181 779
164 10 793
164 17 388
164 27 59
164 52 641
164 61 365
164 65 220
164 67 472
164 74 606
164 86 578
164 117 206
164 136 985
164 140 478
164 143 517
164 159 104
165 12 935
165 35 453
165 47 990
165 87 968
165 89 915
165 99 201
166 167 359
166 193 998
166 6 888
166 19 622
166 20 320
166 58 349
166 91 735
166 103 984
166 106 713
166 138 850
166 145 616
166 152 633
166 156 921
167 171 892
167 192 813
167 22 25
167 23 832
167 31 918
167 35 434
167 67 770
167 74 907
167 78 662
167 95 746
167 128 109
167 130 323
168 174 398
168 189 432
168 2 382
168 16 244
168 28 135
168 61 871
168 76 909
168 106 382
168 153 957
169 177 384
169 186 976
169 188 397
169 197 724
169 19 572
169 28 906
169 51 288
169 67 727
169 146 839
169 150 710
169 152 685
169 158 193
169 163 811
170 182 212
170 83 70
170 108 819
170 145 385
170 186 858
170 194 212
171 187 187
171 31 197
171 32 49
171 70 345
171 78 827
171 87 873
171 93 979
171 140 386
171 167 666
172 54 64
172 62 927
172 74 868
172 122 106
172 127 805
172 155 619
172 185 561
173 174 633
173 177 47
173 178 373
173 10 156
173 11 168
173 45 366
173 71 472
173 163 425
174 181 347
174 184 307
174 188 956
174 193 785
174 22 296
174 55 990
174 60 329
174 129 437
174 138 756
174 170 175
175 194 462
175 198 693
175 0 141
175 25 678
175 30 475
175 99 142
175 102 419
175 128 553
175 132 644
175 165 360
176 188 324
176 15 124
176 34 30
176 38 953
176 49 909
176 71 720
176 117 148
176 119 712
176 123 365
176 133 333
176 135 680
176 157 208
176 163 125
176 165 729
176 173 939
177 180 296
177 181 371
177 195 629
177 199 49
177 9 96
177 25 715
177 44 448
177 47 893
177 51 650
177 95 998
177 124 563
177 142 895
177 143 654
178 28 626
178 58 235
178 63 16
178 65 465
178 67 487
178 88 67
178 106 243
178 110 77
178 138 209
178 143 212
178 150 937
178 177 663
179 180 986
179 181 814
179 16 932
179 20 612
179 57 202
179 89 364
179 90 380
179 175 7
180 4 304
180 12 711
180 28 286
180 33 870
180 41 694
180 58 9
180 67 347
180 75 632
180 82 60
180 111 352
180 145 168
180 152 420
180 156 80
180 157 750
180 158 682
180 178 443
181 45 942
181 55 562
181 66 916
181 100 709
181 117 148
181 124 675
181 125 466
181 148 487
181 160 549
181 162 686
182 11 660
182 33 321
182 64 13
182 67 383
182 77 23
182 81 84
182 86 476
182 102 497
182 103 724
182 104 7
182 115 973
182 122 253
182 158 539
182 159 59
182 167 690
182 178 111
183 187 943
183 197 387
183 1 101
183 15 419
183 24 130
183 30 870
183 31 488
183 45 588
183 116 580
183 117 936
183 152 311
183 161 586
184 185 395
184 4 5
184 21 890
184 26 881
184 31 544
184 38 32
184 46 586
184 72 222
184 103 950
184 107 170
184 132 609
184 139 181
185 189 473
185 12 182
185 43 463
185 46 195
185 63 11
185 94 517
185 143 785
185 147 46
185 157 952
185 162 521
186 191 481
186 192 901
186 5 496
186 8 397
186 28 274
186 70 858
186 93 669
186 102 769
186 103 934
186 122 833
186 128 464
186 142 346
186 155 629
186 172 624
186 174 557
186 177 668
187 195 648
187 33 101
187 41 778
187 49 174
187 52 589
187 117 688
188 194 667
188 37 738
188 56 671
188 60 41
188 71 458
188 72 496
188 103 901
188 106 491
188 121 273
188 146 434
188 168 230
188 175 781
188 186 813
189 52 993
189 54 47
189 60 32
189 67 750
189 75 951
189 78 965
189 114 754
189 128 335
189 163 391
189 165 497
189 171 241
189 174 620
189 181 601
189 197 23
190 197 547
190 41 642
190 47 971
190 123 204
190 128 997
190 151 580
190 154 797
191 199 342
191 45 899
191 67 198
191 136 708
191 145 159
191 155 804
192 194 301
192 196 546
192 197 549
192 5 717
192 27 186
192 42 447
192 65 891
192 71 943
192 95 637
192 109 937
192 135 108
192 180 717
192 183 262
193 196 392
193 63 222
193 85 64
193 94 631
193 98 954
193 101 378
193 127 840
193 159 406
193 187 152
193 191 790
194 43 826
194 49 692
194 98 970
194 148 874
194 165 421
194 171 827
194 184 548
194 189 501
195 6 906
195 58 106
195 110 270
196 23 432
196 54 365
196 57 808
196 90 873
196 99 375
196 102 919
196 155 862
196 167 786
197 0 408
197 8 364
197 27 837
197 40 993
197 47 777
197 58 421
197 90 687
197 103 267
197 107 7
197 135 213
197 175 947
197 181 468
198 4 375
198 15 219
198 35 94
198 52 324
198 59 12
198 75 384
198 76 881
198 77 944
198 161 428
198 172 208
198 181 600
199 26 435
199 32 254
199 53 957
199 56 666
199 59 644
199 78 914
199 85 749
199 98 712
199 104 658
199 134 682
199 186 429
