400 4438 0
0 61 332
0 67 545
0 131 509
0 144 519
0 168 593
0 251 740
0 1 510
0 2 339
0 3 770
0 4 887
0 24 946
0 42 194
0 65 22
0 137 49
0 232 228
0 235 476
1 39 852
1 42 396
1 83 659
1 88 942
1 95 410
1 189 906
1 243 116
1 281 104
1 288 842
1 306 188
1 309 336
1 315 259
1 316 98
1 325 169
1 329 74
1 5 604
1 19 10
1 51 387
1 112 435
1 146 815
1 233 563
1 339 204
2 42 122
2 96 46
2 130 375
2 158 554
2 176 822
2 300 929
2 321 6
2 357 66
2 6 14
2 12 953
2 34 211
2 57 116
2 71 888
2 124 978
2 143 632
3 26 111
3 53 632
3 55 864
3 76 814
3 127 796
3 154 977
3 158 464
3 232 425
3 297 213
3 332 208
3 370 835
3 386 450
3 8 559
3 23 327
4 7 51
4 64 573
4 82 181
4 84 876
4 99 282
4 103 40
4 151 35
4 167 762
4 235 18
4 256 479
4 286 784
4 364 740
4 388 873
4 9 874
4 14 965
4 15 589
4 309 817
5 13 349
5 29 508
5 112 875
5 134 533
5 250 823
5 274 296
5 361 916
5 7 50
5 72 737
5 132 583
5 331 941
6 28 848
6 75 777
6 123 608
6 154 276
6 210 457
6 221 370
6 364 718
6 10 749
6 18 972
6 52 220
6 107 464
7 25 942
7 138 869
7 150 891
7 154 500
7 172 37
7 194 711
7 225 85
7 310 925
7 311 683
7 312 759
7 32 512
7 90 700
7 246 187
8 82 784
8 129 884
8 230 871
8 292 0
8 315 82
8 366 79
8 16 593
8 17 576
8 47 514
8 68 218
8 78 670
8 178 571
8 241 180
9 63 979
9 91 331
9 103 18
9 115 610
9 131 105
9 142 788
9 158 715
9 162 243
9 202 801
9 226 86
9 361 336
9 397 409
9 41 133
9 126 537
10 50 360
10 113 445
10 244 448
10 262 291
10 307 370
10 341 12
10 394 24
10 3 704
10 11 945
10 39 729
10 105 34
10 216 47
10 344 74
11 32 705
11 68 566
11 77 244
11 155 779
11 227 106
11 230 175
11 304 817
11 310 163
11 332 765
11 386 128
11 394 557
11 29 730
11 251 486
11 259 890
12 104 398
12 107 396
12 116 148
12 156 211
12 204 305
12 212 803
12 247 87
12 284 798
12 314 86
12 330 518
12 347 125
12 361 711
12 390 187
12 13 976
12 43 101
12 53 569
12 138 947
12 392 432
13 24 575
13 95 286
13 189 353
13 196 58
13 328 535
13 45 521
13 231 476
13 277 239
13 280 547
14 18 543
14 28 648
14 48 818
14 117 537
14 131 899
14 290 941
14 318 838
14 37 454
14 44 350
14 70 716
14 80 159
14 85 226
14 129 732
14 336 11
15 95 753
15 102 725
15 121 610
15 135 8
15 149 683
15 150 891
15 270 640
15 356 421
15 9 511
15 22 676
15 69 162
15 215 894
16 88 1000
16 91 474
16 107 328
16 212 854
16 249 211
16 270 581
16 272 690
16 316 161
16 362 72
16 7 646
16 21 84
16 31 459
16 133 341
17 86 781
17 127 976
17 149 375
17 204 396
17 249 943
17 260 245
17 345 767
17 388 255
17 150 356
17 316 446
18 153 911
18 208 58
18 228 709
18 259 630
18 291 389
18 20 4
18 25 629
19 60 93
19 65 595
19 137 165
19 139 419
19 148 434
19 202 183
19 226 463
19 378 217
19 386 974
19 14 160
19 38 690
19 162 596
19 218 972
20 86 99
20 102 156
20 189 846
20 270 447
20 282 834
20 316 579
20 322 893
20 30 284
20 61 126
21 36 111
21 64 657
21 80 797
21 118 505
21 148 490
21 151 654
21 168 647
21 179 522
21 190 104
21 302 926
21 387 28
21 392 721
21 26 925
22 34 438
22 203 984
22 242 152
22 291 920
22 305 187
22 309 820
22 357 250
22 48 401
22 325 456
23 28 720
23 92 605
23 124 706
23 197 228
23 262 128
23 308 608
23 330 603
23 345 406
23 366 298
23 5 696
23 22 330
23 36 916
23 79 648
24 57 131
24 63 470
24 78 625
24 79 241
24 132 542
24 133 772
24 163 191
24 249 735
24 356 572
24 27 201
24 91 64
25 47 792
25 74 555
25 80 171
25 125 50
25 131 398
25 262 780
25 322 852
25 363 499
25 371 312
25 390 226
25 12 700
25 134 942
25 152 129
26 36 286
26 65 408
26 121 90
26 200 573
26 213 643
26 227 837
26 234 269
26 269 384
26 338 489
26 353 108
26 354 86
26 46 841
26 119 840
26 203 29
27 51 81
27 102 577
27 123 360
27 313 569
27 325 788
27 368 346
27 387 54
27 28 444
27 192 676
27 207 614
28 64 572
28 101 770
28 115 192
28 128 520
28 165 890
28 167 206
28 295 842
28 327 6
28 364 998
28 378 30
28 385 713
28 33 628
28 249 248
29 123 48
29 127 434
29 149 645
29 207 629
29 231 391
29 235 589
29 336 230
29 341 206
29 15 972
29 93 27
29 213 924
30 53 136
30 123 688
30 152 122
30 171 381
30 177 248
30 207 415
30 219 891
30 269 300
30 333 542
30 396 914
30 77 719
30 109 835
30 250 68
30 366 23
31 69 971
31 132 29
31 212 116
31 239 912
31 262 735
31 271 22
31 318 414
31 379 553
31 40 789
31 74 547
31 184 541
31 222 9
31 314 607
31 320 299
32 76 663
32 101 881
32 144 576
32 156 293
32 306 633
32 308 251
32 372 150
32 396 531
32 8 325
32 19 213
32 123 22
33 68 928
33 72 142
33 78 228
33 110 230
33 185 860
33 271 337
33 317 311
33 362 301
33 21 633
33 22 609
33 89 123
33 121 562
34 47 396
34 72 6
34 103 657
34 165 653
34 179 105
34 252 355
34 375 738
34 390 590
34 35 211
34 100 388
34 106 634
35 54 160
35 63 192
35 84 274
35 94 904
35 169 280
35 188 752
35 193 171
35 255 287
35 266 285
35 268 806
35 297 233
35 303 923
35 49 336
35 62 758
35 75 676
36 72 624
36 98 513
36 102 837
36 145 316
36 289 603
36 318 658
36 329 75
36 351 457
36 371 841
36 372 29
36 397 231
36 94 843
37 54 716
37 55 478
37 79 783
37 120 931
37 197 1000
37 278 159
37 280 718
37 292 966
37 293 162
37 333 380
37 345 574
37 353 762
37 368 964
37 376 474
37 19 184
37 56 41
37 64 422
37 88 918
37 104 501
38 78 734
38 126 626
38 145 630
38 204 297
38 350 545
38 365 176
38 394 752
38 188 282
39 83 185
39 94 320
39 114 824
39 126 864
39 151 727
39 179 693
39 255 540
39 303 793
39 315 354
39 325 505
39 382 839
39 383 111
39 6 668
39 55 221
40 48 672
40 160 313
40 164 639
40 186 317
40 221 847
40 245 194
40 258 952
40 378 459
40 0 512
40 31 37
40 98 38
40 157 356
41 135 928
41 178 909
41 291 273
41 372 396
41 33 415
42 121 748
42 190 192
42 257 867
42 301 126
42 302 26
42 308 758
42 367 613
42 212 729
43 65 972
43 77 163
43 99 103
43 108 513
43 145 719
43 164 68
43 169 501
43 219 549
43 256 502
43 285 91
43 354 751
43 360 870
43 378 707
43 3 87
43 35 283
43 243 991
44 59 134
44 60 310
44 103 544
44 170 123
44 173 60
44 211 964
44 228 272
44 239 744
44 289 860
44 292 72
44 303 161
44 357 933
44 294 240
44 354 666
45 49 947
45 71 495
45 89 837
45 113 801
45 150 253
45 161 805
45 176 139
45 191 754
45 298 939
45 300 634
45 307 355
45 341 31
45 389 338
45 9 460
45 256 754
45 306 238
46 47 496
46 100 960
46 107 803
46 116 928
46 118 241
46 133 748
46 141 920
46 165 668
46 173 522
46 205 510
46 231 174
46 238 522
46 260 212
46 294 11
46 311 12
46 315 25
46 14 683
46 120 563
47 51 852
47 94 253
47 117 61
47 149 255
47 179 907
47 272 466
47 388 795
47 391 289
47 392 762
47 0 465
47 44 195
47 110 619
47 154 748
47 279 209
48 51 377
48 102 317
48 166 392
48 167 913
48 221 754
48 234 853
48 275 458
48 282 12
48 396 798
48 113 924
49 107 8
49 162 525
49 196 756
49 238 236
49 262 689
49 292 409
49 335 869
49 339 805
49 340 861
49 342 908
49 361 672
49 47 3
49 50 967
49 54 594
49 83 614
49 160 896
50 130 579
50 172 174
50 214 663
50 238 553
50 277 53
50 291 170
50 304 317
50 307 882
50 322 138
50 366 751
51 68 606
51 128 76
51 265 428
51 346 979
51 374 603
51 386 668
51 16 565
51 26 824
51 47 433
51 58 844
52 57 531
52 87 388
52 146 160
52 203 75
52 204 901
52 223 504
52 297 228
52 303 749
52 370 916
52 377 157
52 60 48
52 248 940
53 229 610
53 289 380
53 311 761
53 398 484
53 13 94
53 87 760
53 103 384
53 210 55
54 62 401
54 77 41
54 90 470
54 104 572
54 167 901
54 188 72
54 207 436
54 274 681
54 308 42
54 20 21
54 205 263
55 62 112
55 72 394
55 80 442
55 122 402
55 138 738
55 208 736
55 215 608
55 293 702
55 337 431
55 374 36
55 378 849
55 15 106
55 26 724
55 66 677
55 81 171
56 61 447
56 83 89
56 157 729
56 160 71
56 252 637
56 319 468
56 328 885
56 332 920
56 344 47
56 345 870
56 346 803
56 55 405
56 59 578
56 99 382
56 118 630
57 79 48
57 124 403
57 137 256
57 154 198
57 173 910
57 196 151
57 200 238
57 256 279
57 262 815
57 266 997
57 276 527
57 335 46
57 342 581
57 385 3
57 397 994
57 73 11
57 101 54
57 142 327
58 109 23
58 153 31
58 181 442
58 186 397
58 201 962
58 216 449
58 341 447
58 342 402
58 398 594
58 193 817
58 374 969
59 144 333
59 176 720
59 244 280
59 255 725
59 256 161
59 267 298
59 319 282
59 363 529
59 387 217
59 388 301
59 67 560
60 67 828
60 74 207
60 123 511
60 140 991
60 155 272
60 160 113
60 169 118
60 206 237
60 231 768
60 255 737
60 260 229
60 272 647
60 352 34
60 360 106
60 367 847
60 383 716
60 390 321
60 398 56
60 1 400
60 29 301
60 40 312
60 51 853
60 82 459
60 84 288
60 228 242
61 88 29
61 116 588
61 127 197
61 274 174
61 384 828
61 221 545
62 116 0
62 174 578
62 176 435
62 179 175
62 184 497
62 246 965
62 351 533
62 390 329
62 1 388
62 53 690
62 59 388
62 76 875
62 244 21
63 90 724
63 121 873
63 180 734
63 192 993
63 213 944
63 235 847
63 273 526
63 304 46
63 334 284
63 339 937
63 387 913
63 29 431
63 268 6
64 322 218
64 377 802
64 2 154
64 31 714
64 62 40
65 101 365
65 111 300
65 137 577
65 150 516
65 153 276
65 207 821
65 236 236
65 247 207
65 266 177
65 284 413
65 295 313
65 358 761
65 38 358
65 108 783
66 166 32
66 208 516
66 250 520
66 311 147
66 370 12
66 0 589
66 14 470
66 60 173
66 197 134
66 209 992
67 156 129
67 166 407
67 216 927
67 289 532
67 297 424
67 315 617
67 398 586
67 399 645
67 58 430
67 328 178
68 80 641
68 84 132
68 116 328
68 139 430
68 145 895
68 163 966
68 250 958
68 294 783
68 315 67
68 351 212
68 393 714
68 8 162
68 55 990
69 85 122
69 107 56
69 116 169
69 137 430
69 189 428
69 224 544
69 256 324
69 334 760
69 337 744
69 384 415
69 394 791
69 43 497
70 245 492
70 261 733
70 322 228
70 299 106
71 185 787
71 313 9
71 339 333
71 25 455
71 50 166
71 66 405
71 141 394
72 114 196
72 118 839
72 121 477
72 137 338
72 142 390
72 144 609
72 151 714
72 187 218
72 349 869
72 359 928
72 380 964
73 86 589
73 126 541
73 238 55
73 295 392
73 384 847
73 395 693
73 20 395
73 95 589
74 144 954
74 238 434
74 297 778
74 301 991
74 318 807
74 0 929
74 86 334
74 96 562
74 97 663
74 211 110
74 284 389
75 176 883
75 235 515
75 336 895
75 379 866
75 33 9
75 40 3
76 78 402
76 106 148
76 157 93
76 178 77
76 208 443
76 228 36
76 288 679
76 384 565
76 1 781
76 16 221
76 24 545
77 78 822
77 86 130
77 135 706
77 168 201
77 184 361
77 313 724
77 323 464
77 338 864
77 1 465
77 10 399
77 32 496
77 48 342
78 79 276
78 99 637
78 117 892
78 161 757
78 166 342
78 175 59
78 250 643
78 258 254
78 267 91
78 341 774
78 376 890
78 31 740
78 38 176
78 76 389
78 77 392
78 111 481
78 255 187
79 129 35
79 260 929
79 335 107
79 357 164
79 384 905
79 35 272
79 37 512
79 38 376
79 69 30
79 293 723
80 87 710
80 178 795
80 198 775
80 240 891
80 261 137
80 287 221
80 337 290
80 391 61
80 48 270
80 59 361
80 202 354
80 399 291
81 93 793
81 124 728
81 183 164
81 194 100
81 218 457
81 234 584
81 250 112
81 295 219
81 321 188
81 325 282
81 51 97
81 55 480
81 57 377
81 65 922
81 252 390
81 288 528
81 349 615
82 93 42
82 103 918
82 116 256
82 149 142
82 188 108
82 265 702
82 276 985
82 282 107
82 3 352
82 32 295
82 46 870
82 343 487
83 218 661
83 232 393
83 268 925
83 376 261
83 384 398
83 9 825
83 31 895
83 32 970
83 171 230
83 174 387
84 89 638
84 152 206
84 229 798
84 280 24
84 283 244
84 303 98
84 329 108
84 337 376
84 360 589
84 370 231
84 11 207
84 15 947
84 31 702
84 38 572
85 95 667
85 137 205
85 147 349
85 213 144
85 217 261
85 248 78
85 298 649
85 323 664
85 397 563
85 11 881
85 79 220
86 100 41
86 194 416
86 201 796
86 221 728
86 223 427
86 225 37
86 244 33
86 262 413
86 272 188
86 279 813
86 304 111
86 361 745
86 376 972
86 58 411
86 92 252
86 135 705
86 145 659
86 224 767
87 98 686
87 174 331
87 221 407
87 241 511
87 248 897
87 322 972
87 371 290
87 376 871
87 253 796
88 96 740
88 110 560
88 196 614
88 214 535
88 300 481
88 310 915
88 319 787
88 375 646
88 20 197
88 26 438
88 122 299
88 127 730
88 165 710
88 357 233
89 110 24
89 117 280
89 144 60
89 161 921
89 163 804
89 202 731
89 243 241
89 307 959
89 319 731
89 381 34
89 37 687
89 84 555
89 234 4
90 112 766
90 132 880
90 167 359
90 208 780
90 332 927
90 387 5
90 1 22
90 140 99
90 258 882
90 281 615
90 286 919
91 95 825
91 182 463
91 196 887
91 203 157
91 228 279
91 322 176
91 355 213
91 360 444
91 60 515
91 65 704
91 70 809
92 130 571
92 158 834
92 185 768
92 186 864
92 216 65
92 266 294
92 279 783
92 302 927
92 306 279
92 317 756
92 344 827
92 366 776
92 23 841
92 34 638
92 39 285
92 179 602
93 122 845
93 160 196
93 163 7
93 180 596
93 191 980
93 209 610
93 250 804
93 280 666
93 52 526
93 114 72
93 128 849
94 137 888
94 214 794
94 230 403
94 231 405
94 277 684
94 292 547
94 297 932
94 44 643
94 53 496
94 68 136
94 117 598
94 182 871
94 346 902
94 350 59
95 231 25
95 254 54
95 299 432
95 319 949
95 334 186
95 339 409
95 369 636
95 12 453
95 45 285
95 147 543
95 310 5
95 313 814
96 106 397
96 235 184
96 237 784
96 252 654
96 299 13
96 349 529
96 350 763
96 360 139
96 386 460
96 31 978
96 65 787
96 131 296
97 109 982
97 177 534
97 179 287
97 195 764
97 278 325
97 325 960
97 361 656
97 376 809
97 385 125
97 7 490
97 225 804
97 236 558
98 141 882
98 215 467
98 244 916
98 265 490
98 311 273
98 314 270
98 319 925
98 366 357
98 386 903
98 398 265
98 13 61
98 22 365
98 23 364
98 39 836
98 305 504
99 118 319
99 189 522
99 243 284
99 308 674
99 341 242
99 351 491
99 365 989
99 44 151
99 88 72
99 115 259
100 135 525
100 236 613
100 264 125
100 310 187
100 339 489
100 14 33
100 17 220
100 42 442
100 44 280
100 53 281
100 63 616
100 89 349
100 116 396
101 132 988
101 166 88
101 178 76
101 235 356
101 236 956
101 348 965
101 49 504
101 54 486
101 190 307
102 121 855
102 146 464
102 150 280
102 209 555
102 285 202
102 2 994
102 31 788
102 77 917
102 78 991
102 195 949
102 230 525
103 113 514
103 125 187
103 189 216
103 213 336
103 227 59
103 240 223
103 274 844
103 324 643
103 344 778
103 371 980
103 378 60
103 88 919
103 92 824
103 139 989
104 123 101
104 153 998
104 258 560
104 285 737
104 301 21
104 360 477
104 9 271
104 15 663
104 60 493
104 74 451
104 86 978
104 92 599
105 142 966
105 305 999
105 337 713
105 343 443
105 392 706
105 55 829
105 65 188
105 77 254
105 342 799
106 120 245
106 160 289
106 201 281
106 214 126
106 273 464
106 279 142
106 284 298
106 311 310
106 36 762
106 56 865
106 103 400
106 151 89
106 265 146
106 398 402
107 113 456
107 114 90
107 202 469
107 205 176
107 329 520
107 333 505
107 58 82
107 302 603
107 315 872
108 137 53
108 139 582
108 143 366
108 171 322
108 261 794
108 269 499
108 335 539
108 378 369
108 33 843
108 64 546
108 74 551
108 167 675
109 186 264
109 202 940
109 216 527
109 241 131
109 243 320
109 281 571
109 350 482
109 354 640
109 34 239
109 70 709
109 103 583
109 266 515
109 390 642
110 156 263
110 157 748
110 160 172
110 162 231
110 1 983
110 40 958
110 76 736
110 94 756
110 242 269
111 148 875
111 149 469
111 156 913
111 203 489
111 257 490
111 279 559
111 38 84
111 62 333
111 73 927
112 158 557
112 161 214
112 218 719
112 269 774
112 314 1
112 315 721
112 8 200
112 103 771
112 159 563
112 183 115
112 276 780
113 158 16
113 185 571
113 200 842
113 203 682
113 234 717
113 284 287
113 326 596
113 386 801
113 60 829
113 77 726
114 116 964
114 212 897
114 232 562
114 292 988
114 303 480
114 22 971
114 86 881
114 87 996
114 94 68
114 113 592
115 136 796
115 161 52
115 164 631
115 172 152
115 180 484
115 238 645
115 268 598
115 273 180
115 324 820
115 345 417
115 393 341
115 46 962
115 64 976
115 78 878
115 110 598
116 143 114
116 279 348
116 334 788
116 340 648
116 371 926
116 397 276
116 0 835
116 76 376
117 142 969
117 146 727
117 161 968
117 200 917
117 231 748
117 260 6
117 320 307
117 379 495
117 77 409
118 120 256
118 184 447
118 186 820
118 268 722
118 296 622
118 323 86
118 14 829
118 45 267
118 82 633
118 199 955
119 231 380
119 241 961
119 341 52
119 385 302
119 399 80
119 19 198
119 75 1000
119 97 550
119 103 9
119 115 228
119 116 234
119 361 234
120 211 926
120 250 360
120 256 312
120 323 848
120 355 423
120 27 47
120 86 409
120 92 60
120 144 322
121 250 572
121 293 421
121 298 670
121 22 611
121 45 776
121 74 142
121 87 975
121 89 975
122 139 603
122 144 49
122 240 700
122 274 139
122 299 346
122 359 986
122 368 360
122 72 852
122 163 20
122 173 100
123 132 998
123 147 852
123 173 521
123 174 513
123 254 98
123 298 512
123 316 108
123 359 200
123 371 144
123 32 126
123 58 602
123 61 246
123 94 739
123 115 151
123 125 543
123 170 384
123 278 953
123 334 650
124 189 428
124 203 241
124 204 140
124 235 613
124 245 915
124 266 341
124 274 288
124 332 656
124 23 275
124 45 593
124 48 499
124 260 560
124 365 109
125 162 123
125 231 360
125 242 882
125 243 854
125 355 358
125 5 161
125 9 163
125 18 435
125 72 776
125 106 171
125 206 866
125 317 750
126 127 223
126 147 339
126 164 462
126 166 74
126 212 597
126 232 847
126 257 350
126 364 320
126 28 405
126 41 315
126 65 669
126 108 139
126 130 957
127 134 895
127 173 640
127 190 262
127 201 899
127 26 391
127 93 22
127 175 85
127 291 552
128 140 25
128 187 528
128 205 498
128 224 891
128 245 126
128 253 456
128 259 16
128 344 770
128 371 975
128 51 757
129 178 630
129 182 489
129 185 591
129 226 379
129 228 71
129 274 139
129 277 266
129 292 414
129 332 130
129 347 518
129 371 861
129 23 896
129 85 780
129 102 756
129 115 764
129 191 294
129 301 422
130 161 66
130 177 829
130 209 190
130 261 891
130 75 775
130 79 945
130 99 166
130 127 903
131 142 838
131 154 657
131 164 796
131 193 325
131 195 182
131 207 741
131 248 338
131 371 491
131 397 466
131 23 286
131 57 523
132 154 85
132 159 784
132 207 911
132 208 91
132 218 166
132 272 121
132 351 706
132 28 108
132 32 47
132 38 722
132 50 740
132 161 413
133 145 912
133 148 111
133 218 965
133 219 828
133 280 106
133 285 124
133 317 517
133 340 843
133 341 772
133 387 837
133 88 317
133 125 214
133 153 880
133 196 621
134 165 376
134 182 372
134 183 341
134 245 330
134 251 194
134 348 811
134 385 243
134 392 304
134 53 658
134 113 284
134 181 681
134 388 583
135 152 548
135 162 378
135 266 649
135 316 585
135 357 647
135 11 759
135 79 868
135 113 698
135 136 661
135 194 951
135 348 973
136 156 51
136 224 934
136 348 517
136 350 489
136 378 974
136 10 960
136 12 930
136 28 709
136 57 527
136 65 691
136 68 190
136 168 655
136 185 338
136 330 368
137 213 563
137 220 787
137 300 753
137 303 301
137 377 324
137 391 413
137 396 843
137 93 985
137 104 848
137 135 100
138 203 994
138 225 0
138 257 646
138 30 342
138 94 554
138 238 758
139 147 981
139 195 904
139 246 909
139 275 568
139 293 162
139 308 974
139 399 406
139 172 893
140 194 998
140 207 501
140 213 96
140 259 117
140 261 262
140 286 293
140 295 546
140 388 602
140 3 706
140 30 291
140 35 534
140 40 523
140 49 347
140 53 17
140 59 918
140 176 195
141 143 197
141 185 162
141 228 255
141 283 839
141 297 51
141 310 835
141 335 944
141 342 339
141 8 796
142 151 84
142 226 264
142 353 484
142 24 343
142 31 750
142 57 572
142 112 718
143 160 253
143 331 904
143 374 847
143 383 891
143 35 689
143 41 721
143 78 189
143 90 918
144 179 334
144 217 180
144 264 168
144 349 589
144 374 255
144 98 208
144 214 84
144 220 246
144 341 931
145 160 159
145 179 444
145 211 723
145 217 849
145 258 965
145 259 832
145 279 866
145 293 138
145 0 977
145 9 859
145 62 865
145 64 59
145 66 703
145 79 959
145 131 896
145 155 774
145 198 479
145 229 982
145 264 772
146 168 702
146 245 528
146 313 231
146 368 620
147 155 191
147 212 747
147 248 818
147 275 722
147 292 789
147 318 910
147 387 566
147 52 385
147 76 129
147 115 677
147 148 221
148 163 571
148 178 472
148 196 548
148 225 216
148 230 547
148 277 860
148 293 466
148 328 892
148 38 736
148 91 331
148 101 933
148 169 691
149 161 903
149 268 215
149 305 895
149 335 683
149 24 987
149 61 771
149 64 141
149 99 168
149 110 575
149 132 249
149 142 908
149 164 72
150 196 279
150 202 962
150 218 789
150 250 989
150 260 328
150 372 459
150 383 360
150 0 693
150 13 260
150 18 719
150 25 807
151 156 99
151 163 63
151 167 973
151 191 125
151 295 243
151 359 92
151 16 67
151 94 904
151 254 280
151 381 612
152 156 961
152 206 608
152 232 1000
152 282 860
152 316 482
152 346 378
152 363 346
152 390 739
152 391 713
152 269 974
153 171 756
153 240 804
153 248 248
153 254 845
153 367 942
153 377 80
153 81 409
153 128 378
153 156 176
154 225 638
154 267 228
154 285 466
154 289 863
154 312 805
154 320 927
154 325 212
154 343 641
154 388 8
154 7 173
154 12 554
154 74 206
154 84 596
154 102 849
154 111 31
154 132 752
154 144 592
154 378 964
155 172 196
155 190 514
155 246 304
155 250 180
155 268 303
155 284 151
155 302 524
155 29 452
155 36 207
155 115 561
155 347 685
156 307 715
156 345 639
156 347 846
156 357 994
156 361 800
156 379 968
156 391 225
156 73 374
156 118 47
156 130 355
156 146 967
156 189 530
157 171 785
157 214 656
157 284 552
157 293 265
157 312 182
157 333 425
157 353 220
157 397 884
157 27 343
157 112 289
158 182 843
158 195 795
158 208 83
158 217 64
158 243 294
158 253 620
158 369 851
158 373 597
158 5 916
158 43 105
158 120 764
158 200 917
159 205 804
159 234 629
159 242 950
159 282 337
159 316 951
159 329 692
159 351 699
159 367 6
159 374 963
159 388 991
159 24 30
159 72 474
159 81 53
159 109 481
159 387 55
160 162 293
160 281 908
160 319 703
160 342 564
160 344 270
160 352 134
160 24 330
160 44 213
160 47 826
160 51 57
160 99 440
160 150 430
161 173 68
161 275 209
161 336 262
161 352 563
161 390 837
161 1 305
161 12 233
161 83 798
161 146 84
161 155 587
161 263 731
161 391 553
162 181 152
162 209 553
162 236 162
162 285 479
162 320 653
162 322 226
162 334 579
162 367 51
162 394 688
162 19 427
162 28 122
162 39 644
162 114 10
162 115 50
162 362 195
163 211 999
163 238 991
163 274 356
163 377 164
163 88 337
163 96 514
163 129 635
163 152 685
164 191 659
164 220 221
164 288 436
164 321 228
164 334 163
164 363 747
164 367 205
164 377 319
164 380 481
164 7 864
164 125 619
164 180 965
164 333 36
165 246 492
165 284 48
165 338 193
165 358 636
165 370 408
165 5 430
165 26 997
165 93 94
165 109 922
165 126 92
165 273 989
165 282 988
166 183 945
166 184 555
166 235 808
166 238 876
166 347 263
166 38 41
166 60 18
166 78 834
166 101 438
166 118 171
166 177 56
166 201 517
167 218 617
167 313 912
167 342 484
167 383 350
167 30 907
167 58 506
167 89 328
167 127 129
167 158 483
168 203 440
168 370 14
168 372 93
168 378 141
168 381 690
168 13 883
168 17 563
168 23 965
168 27 994
168 40 342
168 64 154
168 70 632
169 216 882
169 232 219
169 278 494
169 337 73
169 356 372
169 376 912
169 29 794
169 63 5
169 89 454
169 104 395
169 136 621
169 227 803
169 298 986
170 175 454
170 207 989
170 214 731
170 237 474
170 247 845
170 263 200
170 296 671
170 313 397
170 335 878
170 374 593
170 392 697
170 18 238
170 22 181
170 65 40
170 384 348
171 175 112
171 252 164
171 308 281
171 352 45
171 71 954
171 80 89
171 91 164
171 107 897
171 147 647
172 263 29
172 301 492
172 367 203
172 376 827
172 19 777
172 170 620
172 262 829
172 303 574
173 212 807
173 230 307
173 268 967
173 309 976
173 330 409
173 350 953
173 91 921
173 125 801
173 358 492
174 276 318
174 372 555
174 17 239
174 47 409
174 88 92
174 120 760
174 146 351
174 152 40
174 223 961
175 229 418
175 266 855
175 287 748
175 292 481
175 397 539
175 48 775
175 53 30
175 74 537
175 79 517
175 139 768
175 186 895
176 187 334
176 221 125
176 265 182
176 320 232
176 341 510
176 351 370
176 396 709
176 52 614
176 68 740
176 139 790
176 153 619
176 389 611
177 179 422
177 187 97
177 198 855
177 236 4
177 295 189
177 317 727
177 342 669
177 352 165
177 363 547
177 364 401
177 375 223
177 72 529
177 119 607
178 202 174
178 211 843
178 258 716
178 399 808
178 20 573
178 21 701
178 73 478
178 75 923
178 94 80
178 105 952
178 112 491
178 137 856
179 255 501
179 279 317
179 322 896
179 358 224
179 381 1
179 383 504
179 13 755
179 71 861
179 396 259
180 185 100
180 200 131
180 201 641
180 252 141
180 260 940
180 291 178
180 349 732
180 28 77
180 41 489
180 44 479
180 46 982
180 60 295
180 66 792
181 305 318
181 67 8
181 71 643
181 94 938
181 292 744
181 308 628
181 323 581
181 335 388
182 215 207
182 255 38
182 276 101
182 285 562
182 286 840
182 296 139
182 298 385
182 326 243
182 345 225
182 61 607
182 134 78
182 150 67
182 159 784
182 172 87
182 340 351
183 255 107
183 278 487
183 335 762
183 373 544
183 391 754
183 31 746
183 44 392
183 99 730
183 140 272
183 148 165
184 204 80
184 241 788
184 243 469
184 248 404
184 256 276
184 268 760
184 281 520
184 324 16
184 346 3
184 371 223
184 394 194
184 0 564
184 8 342
184 75 32
184 88 844
184 104 327
184 125 480
184 140 214
184 145 967
184 170 118
184 176 169
184 226 833
185 204 772
185 228 201
185 237 483
185 300 977
185 314 199
185 320 891
185 347 263
185 370 113
185 389 756
185 17 914
185 48 86
185 132 76
185 173 48
185 176 180
185 179 518
186 231 206
186 254 392
186 292 206
186 82 585
186 98 915
186 137 729
186 187 112
186 295 126
187 215 89
187 218 547
187 279 308
187 282 402
187 357 711
187 372 145
187 87 948
187 95 102
187 245 693
188 221 238
188 225 796
188 242 681
188 244 361
188 300 556
188 323 661
188 18 778
188 70 357
188 86 388
188 131 727
188 155 548
188 172 398
188 186 17
188 275 66
189 199 845
189 315 843
189 356 189
189 383 393
189 127 51
189 204 178
190 215 451
190 257 501
190 335 100
190 345 782
190 373 329
190 70 153
190 84 124
190 91 373
190 121 674
190 173 789
190 174 202
190 181 696
190 371 681
191 235 648
191 275 292
191 290 733
191 15 304
191 23 115
191 59 227
191 110 893
191 162 95
191 289 306
191 324 624
192 288 525
192 303 718
192 363 837
192 71 17
192 267 935
193 203 649
193 281 497
193 290 359
193 309 244
193 393 922
193 3 632
193 42 6
193 63 166
193 96 431
193 192 209
194 240 608
194 250 887
194 286 642
194 324 356
194 40 189
194 143 352
194 191 648
195 247 479
195 53 595
195 78 448
195 152 60
196 216 806
196 221 990
196 237 250
196 290 356
196 297 70
196 301 187
196 308 87
196 375 431
196 393 736
196 21 928
196 105 923
196 151 998
196 154 896
196 188 18
197 236 855
197 246 932
197 326 332
197 356 240
197 369 664
197 8 787
197 18 329
197 23 716
197 78 248
197 79 17
197 106 475
197 109 518
197 132 276
197 363 492
197 367 570
198 245 301
198 249 321
198 295 33
198 317 669
198 355 618
198 365 46
198 373 565
198 377 196
198 55 279
198 93 707
198 122 818
198 130 276
198 148 320
198 304 345
199 213 633
199 224 895
199 230 894
199 240 69
199 291 868
199 292 972
199 310 206
199 360 686
199 369 5
199 372 873
199 43 336
199 129 205
199 175 742
199 192 587
199 257 52
200 205 362
200 240 4
200 271 444
200 274 330
200 335 657
200 82 500
200 168 210
201 253 658
201 276 82
201 283 190
201 388 73
201 30 670
201 81 573
201 136 730
201 149 275
202 241 679
202 263 141
202 309 557
202 312 208
202 320 428
202 365 162
202 387 85
202 399 802
202 23 820
202 30 943
202 44 509
202 67 272
202 68 480
202 175 129
202 196 444
203 205 419
203 244 37
203 249 92
203 275 475
203 329 38
203 332 246
203 343 861
203 396 147
203 30 520
203 69 492
203 176 451
203 186 245
203 240 414
203 247 824
204 224 707
204 266 530
204 337 585
204 368 195
204 378 518
204 382 407
204 399 225
204 35 314
204 63 516
204 176 855
204 179 721
204 183 773
204 199 341
204 355 163
205 317 14
205 367 389
205 120 992
205 137 931
205 143 687
205 156 855
205 173 951
205 189 168
205 195 236
205 199 905
206 298 653
206 358 275
206 9 547
206 24 770
206 68 702
206 98 915
206 125 884
206 143 914
206 178 792
207 217 837
207 234 756
207 302 83
207 350 297
207 358 973
207 379 588
207 388 575
207 53 82
207 120 279
207 141 29
208 232 490
208 248 465
208 254 891
208 257 988
208 342 765
208 77 259
208 202 578
208 261 619
209 246 802
209 291 399
209 305 947
209 343 880
209 42 439
209 47 178
209 137 61
209 184 917
209 198 812
210 323 765
210 364 235
210 370 594
210 377 692
210 392 437
210 48 882
210 49 213
210 109 922
210 127 297
210 143 48
210 176 887
211 268 761
211 345 45
211 348 712
211 356 348
211 59 375
211 87 134
211 98 618
211 123 271
211 142 173
211 204 895
211 206 205
212 223 803
212 265 902
212 272 278
212 338 264
212 390 467
212 394 753
212 0 339
212 107 703
212 140 417
212 312 740
213 226 420
213 311 286
213 338 182
213 365 553
213 368 382
213 381 59
213 143 774
213 182 610
213 186 72
213 351 116
214 215 366
214 260 973
214 265 939
214 290 731
214 333 785
214 361 200
214 379 673
214 69 511
214 80 549
214 132 466
214 152 68
215 222 67
215 308 764
215 346 617
215 398 597
215 18 203
215 89 711
215 123 351
215 189 663
215 307 87
216 233 560
216 326 139
216 364 282
216 365 671
216 30 81
216 71 468
217 237 377
217 248 14
217 254 845
217 268 702
217 298 33
217 334 756
217 351 886
217 363 220
217 390 502
217 24 771
217 73 154
217 151 514
217 212 936
218 224 222
218 281 652
218 304 107
218 363 459
218 65 737
218 144 471
219 324 186
219 349 82
219 376 718
219 66 229
219 107 889
219 123 450
219 125 623
219 137 296
219 201 896
220 323 584
220 391 346
220 41 707
220 48 871
220 61 757
220 68 625
220 99 790
220 101 627
220 109 475
220 122 75
221 362 640
221 376 577
221 392 430
221 76 764
221 82 719
221 138 115
221 202 199
221 203 101
222 235 111
222 281 624
222 339 870
222 38 541
222 73 22
222 77 356
222 111 431
222 146 940
222 208 987
223 273 584
223 314 801
223 347 168
223 381 62
223 17 457
223 36 26
223 201 905
224 245 673
224 275 463
224 335 951
224 362 631
224 392 359
224 29 418
224 38 333
224 107 833
225 231 85
225 299 708
225 305 415
225 306 284
225 330 830
225 362 303
225 208 482
226 373 589
226 375 755
226 394 337
226 49 893
226 74 587
226 93 795
226 188 780
227 237 898
227 329 999
227 340 893
227 351 504
227 359 520
227 60 747
227 144 354
227 188 803
227 214 194
227 318 876
228 245 441
228 246 884
228 339 361
228 10 850
228 84 286
228 111 873
228 135 708
228 201 83
229 239 843
229 250 899
229 253 896
229 337 704
229 341 998
229 342 325
229 355 919
229 42 962
229 63 209
229 182 148
229 188 460
229 208 851
230 320 514
230 340 542
230 2 94
230 22 598
230 24 276
230 80 211
230 145 588
230 154 88
230 190 323
230 205 958
230 359 58
231 254 453
231 256 316
231 295 666
231 326 978
231 343 202
231 386 881
231 390 920
231 81 682
231 98 226
231 168 512
232 252 560
232 262 783
232 264 973
232 277 367
232 399 782
232 91 262
232 98 859
233 275 478
233 279 199
233 5 491
233 38 109
233 60 440
233 63 545
233 72 321
233 96 888
233 145 727
233 147 912
234 256 824
234 290 747
234 328 953
234 355 297
234 380 181
234 59 525
234 60 139
234 63 276
234 64 266
234 83 820
234 95 188
234 190 975
234 237 80
235 249 554
235 350 269
235 352 66
235 358 984
235 17 420
235 86 980
235 91 609
235 199 382
235 215 965
235 239 245
236 245 95
236 250 236
236 291 56
236 299 85
236 326 788
236 346 971
236 391 638
236 24 42
236 47 794
236 63 821
236 70 943
237 244 356
237 264 464
237 375 350
237 60 198
237 96 593
237 111 742
237 170 111
237 228 381
237 353 719
237 372 433
237 382 754
238 316 682
238 341 21
238 342 936
238 353 479
238 354 168
238 360 892
238 399 678
238 4 778
238 16 740
238 68 742
238 84 476
238 109 613
238 113 932
238 137 786
238 169 460
239 265 435
239 291 773
239 350 359
239 372 945
239 27 856
239 37 439
239 146 131
239 163 755
239 165 171
239 394 373
240 267 432
240 286 41
240 340 682
240 354 249
240 367 818
240 21 1000
240 56 32
240 58 194
240 61 668
240 146 13
240 155 128
240 217 747
240 223 139
240 227 923
240 230 211
241 242 111
241 251 630
241 295 965
241 303 726
241 24 981
241 50 193
241 81 564
241 103 495
241 128 787
241 152 793
241 173 213
241 270 244
242 289 631
242 314 886
242 353 641
242 366 638
242 382 916
242 136 71
242 182 224
242 221 731
243 251 96
243 342 175
243 389 804
243 61 124
243 77 861
243 92 459
243 115 739
243 118 926
243 195 36
244 333 646
244 338 72
244 360 376
244 370 188
244 71 799
244 89 260
244 115 275
244 126 613
244 164 433
244 174 561
245 294 679
245 302 111
245 328 812
245 39 763
245 53 853
245 55 976
245 116 683
245 133 403
245 160 691
245 189 757
245 197 770
245 272 798
245 332 102
246 282 370
246 283 857
246 354 960
246 355 904
246 378 686
246 55 113
246 66 331
246 97 927
246 117 372
247 250 475
247 299 442
247 338 295
247 360 177
247 391 837
247 396 661
247 20 690
247 32 258
247 50 863
247 59 829
247 108 626
247 182 43
247 186 933
247 220 473
248 262 518
248 303 43
248 336 225
248 43 94
248 98 96
248 136 886
248 142 500
248 148 771
248 209 799
248 229 620
249 310 660
249 358 815
249 381 351
249 385 495
249 4 710
249 136 490
249 237 407
249 240 958
250 363 533
250 18 131
250 24 233
250 70 817
250 92 469
250 393 891
251 258 384
251 314 615
251 350 290
251 352 743
251 357 708
251 379 867
251 52 687
251 89 583
251 123 381
251 210 167
251 226 153
251 238 994
252 335 389
252 351 896
252 44 233
252 111 55
252 155 882
252 157 182
252 240 601
253 269 689
253 299 281
253 357 233
253 38 432
253 53 870
253 161 390
253 165 149
253 166 36
253 229 341
254 260 175
254 317 780
254 365 429
254 373 568
254 376 653
254 48 195
254 60 354
254 147 369
254 177 259
254 221 186
254 233 258
254 236 110
254 247 60
255 389 603
255 6 182
255 48 633
255 225 787
255 287 123
256 263 860
256 296 181
256 332 377
256 378 332
256 0 357
256 20 79
256 50 454
256 55 3
256 105 153
256 148 619
256 189 580
256 230 480
256 236 347
256 337 746
257 270 570
257 302 765
257 315 246
257 78 874
257 101 447
257 118 160
257 135 499
257 151 431
257 240 366
257 244 408
257 285 337
257 397 943
258 259 706
258 260 185
258 291 529
258 356 865
258 20 122
258 32 309
258 37 367
258 67 193
258 100 721
258 117 125
258 135 199
258 235 825
259 310 126
259 345 984
259 351 213
259 9 16
259 73 683
259 120 787
259 164 22
259 329 558
260 270 260
260 280 779
260 339 877
260 375 689
260 14 715
260 68 557
260 92 979
260 117 739
260 179 440
260 253 954
261 328 124
261 357 942
261 388 767
261 56 777
261 114 826
261 130 500
261 167 915
261 170 782
261 179 700
261 186 72
262 264 103
262 282 422
262 335 3
262 352 383
262 67 479
262 70 890
262 117 801
262 187 470
262 223 165
262 233 851
263 296 126
263 303 291
263 380 954
263 13 194
263 69 757
263 84 436
263 98 925
263 197 453
263 224 561
263 238 926
263 246 978
263 251 762
264 0 76
264 2 32
264 14 877
264 68 575
264 75 447
264 185 622
264 187 457
264 240 311
265 362 559
265 136 716
265 138 238
265 143 591
265 166 291
265 168 578
265 223 68
265 236 696
265 256 825
265 263 395
266 271 156
266 302 313
266 338 22
266 52 100
266 116 737
266 129 511
266 162 878
266 166 78
266 300 822
267 343 513
267 175 267
267 244 267
268 277 759
268 396 25
268 41 938
268 114 875
268 126 307
268 153 688
268 194 663
268 199 541
268 220 766
268 236 861
269 320 160
269 363 684
269 392 287
269 393 347
269 18 777
269 38 736
269 104 649
269 144 721
269 146 186
269 172 13
269 201 48
269 204 933
269 207 165
269 290 360
269 322 200
270 327 19
270 2 763
270 14 392
270 85 328
270 99 629
270 192 832
270 247 864
270 377 264
271 352 424
271 362 258
271 37 751
271 133 884
271 163 739
271 221 15
271 222 20
271 264 302
271 364 669
272 313 938
272 397 171
272 32 497
272 72 300
272 74 691
272 94 605
272 125 619
272 132 866
272 142 988
272 231 164
272 235 744
273 277 934
273 288 653
273 308 357
273 316 308
273 12 488
273 23 12
273 41 823
273 55 616
273 128 88
273 218 309
273 246 119
273 248 777
273 256 646
274 315 856
274 59 279
274 114 770
274 151 340
274 179 773
274 197 207
274 225 975
274 252 48
275 301 666
275 324 116
275 346 477
275 366 377
275 6 943
275 9 404
275 53 528
275 66 589
275 73 287
275 81 795
275 92 140
275 131 493
276 291 149
276 321 525
276 373 103
276 73 867
276 94 182
276 100 530
276 119 173
276 160 560
276 168 600
276 204 18
276 222 356
276 241 993
276 385 228
277 314 270
277 333 681
277 336 642
277 399 438
277 14 961
277 153 375
277 215 526
277 224 885
278 331 954
278 399 553
278 65 668
278 80 887
278 147 694
278 155 175
278 216 927
278 283 207
278 326 166
279 296 260
279 24 822
279 25 585
279 35 762
279 134 580
279 138 239
279 163 99
280 316 923
280 356 204
280 396 646
280 397 375
280 8 483
280 49 533
280 54 826
280 96 103
280 129 861
280 151 219
280 203 967
280 245 845
280 254 812
281 349 663
281 358 170
281 25 261
281 57 782
281 67 798
281 105 865
281 129 628
281 148 786
281 166 341
281 209 742
281 268 798
282 305 257
282 396 424
282 7 626
282 16 155
282 186 751
282 268 772
283 330 369
283 386 343
283 1 378
283 6 675
283 46 85
283 118 991
283 126 822
283 171 528
283 189 437
283 191 32
283 236 117
283 258 616
284 285 686
284 38 945
284 49 400
284 57 882
284 74 750
284 130 481
284 214 564
284 248 40
284 379 61
285 310 407
285 312 634
285 355 924
285 373 522
285 2 285
285 10 950
285 17 236
285 18 216
285 29 400
285 89 233
285 168 741
285 177 10
285 183 567
285 203 359
285 269 659
285 360 766
286 320 163
286 374 938
286 392 730
286 19 842
286 80 722
286 83 981
286 95 887
286 96 539
286 121 379
286 273 199
287 332 817
287 339 987
287 375 579
287 377 13
287 11 210
287 15 809
287 18 624
287 97 701
287 101 11
287 383 85
288 367 546
288 11 995
288 16 755
288 27 66
288 51 429
288 54 671
288 111 666
288 166 95
288 179 456
288 186 113
288 297 348
288 356 496
289 304 591
289 373 425
289 13 734
289 60 600
289 80 466
289 81 849
289 91 734
289 118 335
289 148 589
289 161 465
289 271 400
289 280 582
289 287 180
290 307 945
290 324 664
290 345 551
290 38 699
290 53 202
290 150 960
290 226 541
290 251 251
290 278 865
291 300 935
291 331 169
291 3 104
291 33 934
291 51 639
291 212 936
291 242 943
291 248 103
291 273 513
292 306 544
292 327 26
292 4 493
292 32 701
292 46 701
292 76 672
292 118 795
292 187 868
292 202 687
292 250 562
292 267 882
293 295 682
293 356 849
293 38 937
293 47 15
293 81 886
293 92 785
293 192 904
293 214 428
293 247 280
293 249 753
293 296 908
294 384 833
294 2 783
294 32 823
294 42 458
294 64 890
294 73 737
294 92 550
294 127 228
294 133 535
294 161 310
294 227 816
294 236 502
295 309 193
295 352 147
295 371 421
295 16 350
295 38 360
295 82 47
295 105 551
295 196 902
295 253 393
296 326 681
296 359 232
296 19 283
296 84 959
296 100 459
296 116 718
296 185 168
296 211 437
296 231 301
296 245 916
296 257 173
297 333 984
297 340 251
297 4 578
297 52 856
297 89 302
297 96 539
297 133 665
297 171 197
297 259 464
297 267 756
297 327 999
298 51 472
298 67 920
298 98 970
298 118 27
298 154 86
298 179 5
298 181 93
298 185 179
298 250 496
298 292 323
298 321 13
299 337 591
299 7 949
299 60 213
299 140 365
299 228 124
300 310 955
300 312 42
300 329 470
300 28 201
300 60 52
300 88 145
300 102 122
300 153 985
300 176 167
300 212 578
300 251 88
300 276 132
301 325 118
301 350 958
301 353 682
301 354 302
301 78 590
301 80 828
301 86 765
301 132 827
301 150 791
301 163 640
301 203 322
301 219 126
301 244 945
301 251 962
302 330 143
302 90 278
302 99 588
302 130 233
302 155 271
302 216 654
302 228 817
302 259 279
302 282 759
302 293 934
303 320 592
303 333 301
303 343 198
303 349 17
303 377 152
303 382 729
303 16 654
303 27 306
303 44 112
303 57 180
303 87 513
303 131 548
303 185 365
303 242 295
303 250 577
304 321 649
304 175 973
304 278 336
304 281 764
304 299 408
305 362 923
305 371 879
305 51 699
305 72 477
305 118 197
305 131 553
305 220 116
305 288 1
306 337 818
306 394 752
306 9 218
306 32 618
306 111 185
306 120 631
306 153 915
306 186 700
306 227 627
306 234 818
306 244 580
306 257 894
306 280 907
306 345 343
307 320 678
307 366 239
307 394 575
307 9 121
307 35 141
307 92 349
307 238 220
307 282 470
307 352 629
308 318 604
308 320 651
308 388 864
308 7 683
308 28 938
308 66 483
308 86 499
308 136 198
308 149 483
308 165 966
308 208 325
308 243 99
308 284 692
309 337 790
309 343 964
309 362 66
309 378 847
309 61 568
309 139 112
309 208 902
309 225 658
309 257 699
309 279 390
310 328 159
310 364 452
310 9 117
310 30 103
310 89 254
310 138 981
310 187 463
310 291 669
310 311 396
311 314 675
311 332 790
311 371 211
311 33 850
311 63 674
311 78 628
311 81 427
311 108 56
311 159 253
312 313 182
312 324 658
312 327 159
312 338 355
312 368 678
312 383 696
312 56 161
312 57 118
312 87 626
312 199 901
312 204 380
312 225 901
312 262 99
312 310 750
313 325 697
313 367 335
313 368 132
313 385 327
313 17 991
313 38 603
313 66 951
313 68 302
313 86 523
313 95 706
313 139 247
313 182 455
313 195 745
313 196 289
313 260 417
313 262 15
314 324 838
314 97 877
314 98 801
314 180 507
314 210 10
314 219 370
314 231 484
315 318 807
315 335 770
315 372 908
315 382 553
315 385 142
315 34 393
315 39 748
315 58 400
315 88 442
315 105 811
315 119 663
315 138 844
315 163 827
315 179 57
315 185 121
315 235 328
316 349 952
316 358 68
316 379 301
316 388 9
316 3 405
316 102 80
316 145 998
316 184 567
316 234 596
316 235 513
316 250 47
316 290 408
317 321 898
317 369 554
317 36 936
317 45 798
317 51 185
317 88 146
317 118 253
317 149 396
317 175 896
317 247 295
317 252 533
317 263 305
317 299 422
318 362 279
318 369 420
318 51 915
318 85 887
318 105 954
318 122 755
318 140 493
318 150 148
318 259 560
319 0 365
319 86 512
319 104 995
319 125 380
319 135 782
319 136 283
319 161 325
319 201 549
320 354 521
320 361 986
320 391 443
320 1 364
320 146 249
320 158 784
320 216 655
320 224 205
320 231 24
320 265 82
321 352 406
321 357 855
321 361 59
321 28 731
321 45 966
321 81 585
321 128 844
321 143 557
321 145 994
321 180 305
321 220 832
321 254 778
321 305 642
322 357 493
322 367 456
322 387 977
322 13 458
322 20 686
322 52 97
322 61 714
322 107 153
322 145 859
322 166 265
322 250 624
322 265 382
323 397 923
323 146 992
323 181 859
323 274 223
323 306 226
324 336 157
324 373 530
324 19 388
324 77 37
324 93 318
324 199 106
325 335 428
325 377 496
325 43 397
325 51 957
325 55 97
325 189 467
325 200 316
325 201 53
325 239 277
325 290 589
326 384 95
326 20 419
326 81 940
326 85 559
326 112 301
326 127 837
326 206 358
326 248 120
326 273 982
326 294 846
326 312 731
327 335 687
327 345 31
327 350 490
327 3 825
327 42 732
327 72 240
327 100 806
327 124 335
327 126 751
327 127 916
327 256 448
327 317 896
327 373 569
328 380 379
328 63 150
328 66 679
328 79 846
328 93 802
328 106 448
328 133 433
328 209 663
328 233 740
328 298 122
329 335 925
329 358 556
329 388 845
329 393 529
329 4 174
329 22 721
329 29 330
329 33 758
329 61 588
329 118 137
329 197 320
329 223 766
329 264 435
329 275 32
329 278 243
329 296 421
329 376 32
330 347 160
330 349 701
330 356 933
330 373 998
330 65 399
330 148 793
330 181 681
330 223 812
330 305 239
331 335 231
331 340 933
331 385 882
331 399 522
331 21 977
331 25 18
331 146 909
331 183 496
331 202 361
331 203 618
331 219 414
331 267 205
331 270 969
331 323 455
331 327 25
331 380 995
332 16 502
332 45 300
332 47 931
332 51 696
332 128 761
332 257 497
332 264 589
333 386 992
333 0 903
333 37 705
333 142 164
333 283 998
333 313 358
334 363 755
334 372 252
334 375 893
334 395 897
334 70 137
334 78 480
334 120 6
334 225 537
334 235 763
335 383 809
335 74 607
335 118 935
335 126 169
335 143 639
335 145 856
335 200 424
335 221 713
335 302 630
336 14 324
336 19 604
336 38 934
336 73 174
336 142 768
336 147 738
336 177 113
336 207 276
336 254 300
336 258 607
336 269 504
336 322 512
337 344 974
337 360 248
337 366 795
337 377 153
337 37 752
337 66 615
337 68 318
337 69 871
337 88 116
337 98 484
337 144 594
337 236 324
337 275 144
337 314 705
337 330 812
338 349 972
338 8 374
338 88 898
338 89 124
338 100 419
338 129 594
338 301 516
338 304 547
338 309 34
338 322 784
339 366 89
339 377 342
339 394 446
339 9 166
339 10 664
339 22 300
339 58 344
339 86 176
339 103 579
339 141 911
339 147 102
339 154 370
339 167 442
339 286 536
339 308 421
339 323 852
340 377 158
340 397 277
340 38 932
340 111 21
340 118 275
340 213 29
340 280 574
340 299 423
340 308 629
340 335 717
341 387 644
341 67 223
341 77 177
341 85 566
341 148 280
341 185 638
341 237 323
341 264 20
341 279 23
342 354 335
342 396 431
342 68 628
342 79 931
342 123 803
342 139 62
342 140 871
342 170 21
342 220 839
342 289 803
342 318 224
342 319 894
342 335 700
343 361 844
343 387 590
343 28 753
343 63 454
343 166 820
343 292 883
343 342 976
344 350 135
344 356 554
344 388 542
344 7 37
344 61 173
344 67 900
344 84 368
344 88 930
344 154 567
344 183 216
344 233 496
344 235 234
344 243 157
344 253 87
344 280 696
344 287 718
344 292 352
344 325 735
344 330 46
344 386 569
345 114 82
345 174 456
346 23 299
346 81 266
346 95 628
346 161 432
346 170 610
346 176 267
346 192 298
346 240 935
346 245 705
346 333 199
346 336 170
347 385 847
347 395 905
347 49 719
347 96 336
347 125 261
347 182 969
347 214 480
347 261 805
347 268 783
347 282 899
347 313 850
348 350 899
348 371 696
348 6 463
348 41 767
348 93 250
348 140 776
348 156 955
348 270 863
349 360 486
349 364 483
349 395 969
349 40 241
349 54 822
349 79 205
349 99 419
349 103 293
349 135 226
349 202 306
349 213 662
349 243 347
349 280 935
349 285 96
349 307 655
349 312 937
349 330 297
350 356 647
350 367 466
350 382 925
350 19 861
350 62 568
350 258 168
350 306 88
351 376 972
351 47 741
351 97 451
351 173 174
351 197 722
351 207 992
351 234 678
351 300 486
351 325 212
351 327 725
352 358 654
352 366 461
352 392 24
352 131 189
352 132 399
352 145 616
352 174 176
352 212 564
352 234 908
353 378 943
353 14 373
353 126 367
353 140 521
353 150 514
353 168 960
353 186 684
353 211 777
353 223 926
353 231 195
353 245 595
353 270 549
353 277 928
353 323 423
354 366 232
354 27 636
354 40 229
354 47 953
354 81 301
354 94 937
354 111 889
354 135 715
354 159 527
354 230 13
354 235 915
354 252 595
354 253 927
355 67 686
355 198 22
355 224 809
355 227 797
355 248 2
355 249 122
355 252 388
355 256 322
355 270 360
355 273 113
355 289 656
356 11 258
356 122 51
356 125 137
356 175 592
356 186 649
356 206 626
356 308 376
356 326 766
357 360 265
357 377 165
357 2 68
357 49 403
357 109 738
357 139 657
357 142 207
357 155 258
357 199 885
357 217 306
357 247 503
357 296 20
357 321 987
357 332 806
358 368 521
358 373 388
358 379 510
358 28 161
358 50 944
358 104 909
358 125 831
358 138 207
358 212 381
358 278 113
358 303 800
358 322 686
358 346 783
359 24 189
359 35 39
359 74 45
359 97 193
359 122 262
359 143 723
359 154 936
359 155 107
359 170 371
359 296 751
359 338 95
359 345 678
359 395 998
360 367 338
360 28 716
360 50 882
360 59 171
360 83 939
360 162 374
360 292 97
360 318 785
361 399 855
361 6 214
361 62 50
361 104 505
361 114 690
361 116 936
361 188 570
361 203 85
361 209 128
361 252 72
361 282 232
361 314 913
361 343 65
361 353 995
362 374 175
362 28 971
362 29 240
362 55 371
362 56 171
362 89 367
362 100 563
362 167 224
362 259 269
362 261 863
362 304 563
362 370 947
363 385 916
363 40 713
363 86 703
363 89 202
363 130 768
363 133 134
363 140 57
363 182 740
363 228 619
363 230 237
363 265 92
363 348 851
364 25 551
364 66 928
364 76 769
364 117 632
364 124 920
364 195 290
364 206 565
364 274 262
364 275 188
364 311 594
364 327 845
364 342 102
364 369 389
365 386 425
365 16 408
365 28 853
365 180 363
365 188 584
365 220 56
365 265 689
365 280 867
366 369 544
366 386 616
366 14 139
366 74 350
366 84 619
366 107 326
366 140 561
366 141 271
366 200 299
366 253 524
366 268 988
366 330 607
366 352 1000
367 9 311
367 88 239
367 103 651
367 163 556
367 215 161
367 224 855
367 238 137
367 245 800
367 283 253
367 295 443
368 375 958
368 29 405
368 38 127
368 50 734
368 106 566
368 143 163
368 166 67
368 167 348
368 230 484
368 246 780
368 277 43
368 293 339
368 302 101
369 396 297
369 23 405
369 51 590
369 101 944
369 170 872
369 191 444
369 232 668
369 236 118
369 239 303
369 276 921
370 63 38
370 175 967
370 304 215
370 339 603
370 363 836
371 43 510
371 81 944
371 160 593
371 255 721
371 299 448
371 314 584
371 342 243
372 24 115
372 76 648
372 80 542
372 82 128
372 92 480
372 101 205
372 123 558
372 125 250
372 172 661
372 187 664
372 193 188
372 241 835
372 304 521
372 344 930
373 87 478
373 145 473
373 161 858
373 213 21
373 230 568
374 384 107
374 391 421
374 3 926
374 7 26
374 39 18
374 81 50
374 127 38
374 139 734
374 162 355
374 164 750
374 165 430
375 41 283
375 45 602
375 67 601
375 116 216
375 144 796
375 165 371
375 240 563
375 315 589
375 323 301
376 394 672
376 399 441
376 31 200
376 33 310
376 38 24
376 43 232
376 60 168
376 76 987
376 77 179
376 87 996
376 118 261
376 136 715
376 219 492
376 231 725
376 236 221
376 237 248
376 261 768
376 319 617
376 332 952
376 336 156
376 350 855
376 356 70
377 76 615
377 77 675
377 81 263
377 155 848
377 163 8
377 210 93
377 226 937
377 252 147
378 35 502
378 78 717
378 90 614
378 124 172
378 166 151
378 247 681
378 249 742
378 255 783
379 384 411
379 8 27
379 26 237
379 86 523
379 101 740
379 142 961
379 147 83
379 198 588
379 265 355
379 273 412
379 280 942
379 307 916
379 343 129
380 382 326
380 387 416
380 17 530
380 30 5
380 44 44
380 80 848
380 151 284
380 173 56
380 181 632
380 237 21
380 273 0
380 339 182
381 64 582
381 68 281
381 131 12
381 170 594
381 237 498
381 239 553
381 307 14
382 396 302
382 41 783
382 52 644
382 68 537
382 119 912
382 120 709
382 137 36
382 138 24
382 170 103
382 191 754
382 224 707
382 225 875
382 255 814
382 325 976
383 34 426
383 44 145
383 47 219
383 113 529
383 139 349
383 153 250
383 156 877
383 265 89
383 270 603
383 304 570
383 368 859
384 385 818
384 110 286
384 112 913
384 118 690
384 148 232
384 284 605
384 309 843
384 324 101
384 326 72
384 345 558
384 363 857
384 382 415
385 391 290
385 17 430
385 29 381
385 54 357
385 90 815
385 104 11
385 158 415
385 204 95
385 225 914
385 233 295
385 239 426
385 279 815
385 282 681
386 30 135
386 76 288
386 115 644
386 130 413
386 165 4
386 176 303
386 211 722
386 231 521
386 323 674
387 393 996
387 69 497
387 127 162
387 195 359
387 256 762
388 23 373
388 28 172
388 90 187
388 184 296
388 212 696
388 294 858
388 358 816
388 360 131
389 37 328
389 63 837
389 100 866
389 116 974
389 152 34
389 188 486
389 195 700
389 223 66
389 231 385
389 274 999
389 277 877
389 295 731
389 331 409
390 68 81
390 73 497
390 80 944
390 100 517
390 115 565
390 164 180
390 233 0
390 239 536
390 283 20
390 346 424
391 53 773
391 70 515
391 83 167
391 138 443
391 159 344
391 192 508
391 240 75
391 255 706
391 310 740
392 26 7
392 79 468
392 95 87
392 121 879
392 231 215
392 265 582
392 270 315
392 298 253
392 316 52
393 18 450
393 50 191
393 59 945
393 61 184
393 165 334
393 172 142
393 215 951
393 236 325
393 254 776
393 305 229
393 328 791
393 337 993
393 351 159
393 371 979
394 13 775
394 81 985
394 105 292
394 219 719
394 236 193
394 255 75
394 319 535
394 338 248
395 225 57
395 258 331
395 300 557
395 331 104
395 348 709
395 394 729
396 16 773
396 20 642
396 26 892
396 44 332
396 85 700
396 98 530
396 115 552
396 121 268
396 169 561
396 171 28
397 2 755
397 15 595
397 93 437
397 140 581
397 178 874
397 207 286
397 238 126
397 306 472
397 313 453
397 325 456
397 329 838
397 374 926
397 383 347
398 399 339
398 40 921
398 108 910
398 127 130
398 181 943
398 183 408
398 255 123
398 350 797
398 352 948
398 376 296
399 8 605
399 28 134
399 32 507
399 74 80
399 125 588
399 234 432
399 241 353
399 340 920
