50 2450 0
0 1 876
0 2 121
0 3 280
0 4 634
0 5 595
0 6 124
0 7 384
0 8 137
0 9 559
0 10 939
0 11 748
0 12 260
0 13 36
0 14 943
0 15 505
0 16 893
0 17 671
0 18 597
0 19 435
0 20 538
0 21 397
0 22 160
0 23 471
0 24 40
0 25 178
0 26 515
0 27 836
0 28 228
0 29 835
0 30 725
0 31 790
0 32 924
0 33 644
0 34 30
0 35 490
0 36 593
0 37 94
0 38 424
0 39 185
0 40 727
0 41 804
0 42 343
0 43 425
0 44 752
0 45 67
0 46 534
0 47 157
0 48 493
0 49 468
1 0 688
1 2 372
1 3 64
1 4 951
1 5 967
1 6 847
1 7 486
1 8 74
1 9 900
1 10 844
1 11 117
1 12 422
1 13 552
1 14 9
1 15 526
1 16 346
1 17 248
1 18 807
1 19 947
1 20 704
1 21 57
1 22 44
1 23 696
1 24 676
1 25 658
1 26 856
1 27 432
1 28 116
1 29 990
1 30 937
1 31 807
1 32 407
1 33 235
1 34 882
1 35 691
1 36 843
1 37 423
1 38 974
1 39 141
1 40 502
1 41 297
1 42 512
1 43 226
1 44 900
1 45 895
1 46 317
1 47 149
1 48 114
1 49 448
2 0 632
2 1 279
2 3 868
2 4 434
2 5 558
2 6 296
2 7 356
2 8 101
2 9 575
2 10 695
2 11 818
2 12 342
2 13 37
2 14 307
2 15 82
2 16 419
2 17 570
2 18 922
2 19 669
2 20 455
2 21 423
2 22 945
2 23 370
2 24 974
2 25 836
2 26 707
2 27 610
2 28 87
2 29 840
2 30 503
2 31 113
2 32 872
2 33 577
2 34 945
2 35 814
2 36 850
2 37 25
2 38 509
2 39 300
2 40 656
2 41 192
2 42 178
2 43 150
2 44 659
2 45 958
2 46 998
2 47 249
2 48 21
2 49 353
3 0 561
3 1 41
3 2 708
3 4 937
3 5 431
3 6 688
3 7 726
3 8 207
3 9 719
3 10 116
3 11 571
3 12 875
3 13 592
3 14 672
3 15 768
3 16 337
3 17 982
3 18 368
3 19 342
3 20 625
3 21 936
3 22 217
3 23 657
3 24 524
3 25 245
3 26 461
3 27 865
3 28 481
3 29 776
3 30 647
3 31 542
3 32 19
3 33 747
3 34 173
3 35 487
3 36 291
3 37 96
3 38 489
3 39 456
3 40 664
3 41 529
3 42 973
3 43 553
3 44 33
3 45 991
3 46 500
3 47 555
3 48 742
3 49 646
4 0 56
4 1 565
4 2 13
4 3 299
4 5 352
4 6 107
4 7 614
4 8 544
4 9 580
4 10 863
4 11 687
4 12 605
4 13 91
4 14 407
4 15 758
4 16 77
4 17 365
4 18 808
4 19 999
4 20 265
4 21 464
4 22 719
4 23 694
4 24 799
4 25 852
4 26 889
4 27 26
4 28 56
4 29 559
4 30 416
4 31 513
4 32 99
4 33 528
4 34 353
4 35 315
4 36 911
4 37 353
4 38 778
4 39 192
4 40 612
4 41 554
4 42 408
4 43 551
4 44 30
4 45 428
4 46 706
4 47 112
4 48 756
4 49 637
5 0 403
5 1 793
5 2 176
5 3 171
5 4 597
5 6 747
5 7 395
5 8 212
5 9 796
5 10 343
5 11 211
5 12 346
5 13 429
5 14 971
5 15 184
5 16 883
5 17 529
5 18 430
5 19 597
5 20 805
5 21 40
5 22 441
5 23 413
5 24 269
5 25 719
5 26 986
5 27 20
5 28 485
5 29 856
5 30 433
5 31 65
5 32 886
5 33 909
5 34 216
5 35 613
5 36 809
5 37 890
5 38 366
5 39 557
5 40 182
5 41 599
5 42 245
5 43 960
5 44 173
5 45 728
5 46 816
5 47 363
5 48 908
5 49 121
6 0 511
6 1 530
6 2 638
6 3 991
6 4 72
6 5 636
6 7 780
6 8 434
6 9 404
6 10 38
6 11 407
6 12 18
6 13 986
6 14 737
6 15 152
6 16 911
6 17 613
6 18 155
6 19 996
6 20 120
6 21 802
6 22 478
6 23 859
6 24 855
6 25 265
6 26 517
6 27 745
6 28 70
6 29 223
6 30 477
6 31 897
6 32 719
6 33 491
6 34 144
6 35 755
6 36 555
6 37 46
6 38 778
6 39 341
6 40 57
6 41 977
6 42 677
6 43 943
6 44 926
6 45 804
6 46 39
6 47 702
6 48 939
6 49 352
7 0 256
7 1 654
7 2 789
7 3 690
7 4 357
7 5 293
7 6 568
7 8 729
7 9 913
7 10 925
7 11 662
7 12 64
7 13 387
7 14 444
7 15 115
7 16 693
7 17 4
7 18 400
7 19 944
7 20 943
7 21 185
7 22 511
7 23 330
7 24 889
7 25 327
7 26 68
7 27 379
7 28 960
7 29 524
7 30 74
7 31 448
7 32 653
7 33 119
7 34 208
7 35 673
7 36 686
7 37 764
7 38 860
7 39 392
7 40 737
7 41 612
7 42 835
7 43 434
7 44 53
7 45 224
7 46 162
7 47 751
7 48 280
7 49 650
8 0 474
8 1 539
8 2 695
8 3 548
8 4 371
8 5 145
8 6 83
8 7 957
8 9 842
8 10 591
8 11 663
8 12 68
8 13 493
8 14 824
8 15 495
8 16 25
8 17 245
8 18 302
8 19 80
8 20 871
8 21 702
8 22 212
8 23 5
8 24 73
8 25 328
8 26 554
8 27 964
8 28 579
8 29 843
8 30 86
8 31 434
8 32 694
8 33 182
8 34 919
8 35 537
8 36 569
8 37 54
8 38 641
8 39 459
8 40 978
8 41 523
8 42 90
8 43 664
8 44 618
8 45 987
8 46 317
8 47 620
8 48 894
8 49 195
9 0 474
9 1 878
9 2 399
9 3 751
9 4 97
9 5 656
9 6 284
9 7 874
9 8 421
9 10 790
9 11 276
9 12 217
9 13 123
9 14 822
9 15 999
9 16 76
9 17 522
9 18 790
9 19 114
9 20 684
9 21 801
9 22 615
9 23 47
9 24 281
9 25 59
9 26 751
9 27 12
9 28 487
9 29 750
9 30 271
9 31 61
9 32 635
9 33 45
9 34 652
9 35 147
9 36 470
9 37 329
9 38 55
9 39 754
9 40 719
9 41 672
9 42 976
9 43 825
9 44 408
9 45 981
9 46 175
9 47 416
9 48 1
9 49 75
10 0 961
10 1 143
10 2 609
10 3 943
10 4 216
10 5 57
10 6 189
10 7 321
10 8 640
10 9 78
10 11 823
10 12 452
10 13 137
10 14 353
10 15 217
10 16 186
10 17 385
10 18 711
10 19 66
10 20 973
10 21 781
10 22 95
10 23 823
10 24 389
10 25 517
10 26 915
10 27 269
10 28 817
10 29 470
10 30 407
10 31 920
10 32 257
10 33 586
10 34 49
10 35 132
10 36 916
10 37 159
10 38 919
10 39 516
10 40 303
10 41 307
10 42 905
10 43 502
10 44 19
10 45 314
10 46 68
10 47 252
10 48 75
10 49 458
11 0 342
11 1 999
11 2 532
11 3 604
11 4 326
11 5 533
11 6 658
11 7 320
11 8 439
11 9 829
11 10 258
11 12 360
11 13 568
11 14 833
11 15 407
11 16 791
11 17 275
11 18 153
11 19 623
11 20 905
11 21 59
11 22 760
11 23 236
11 24 221
11 25 430
11 26 862
11 27 440
11 28 945
11 29 273
11 30 690
11 31 392
11 32 505
11 33 995
11 34 576
11 35 350
11 36 660
11 37 719
11 38 31
11 39 51
11 40 134
11 41 18
11 42 37
11 43 437
11 44 714
11 45 632
11 46 671
11 47 258
11 48 987
11 49 669
12 0 221
12 1 760
12 2 268
12 3 66
12 4 165
12 5 443
12 6 319
12 7 668
12 8 824
12 9 255
12 10 858
12 11 332
12 13 936
12 14 228
12 15 780
12 16 589
12 17 187
12 18 222
12 19 783
12 20 689
12 21 617
12 22 249
12 23 249
12 24 433
12 25 870
12 26 771
12 27 550
12 28 927
12 29 116
12 30 437
12 31 526
12 32 381
12 33 52
12 34 748
12 35 623
12 36 357
12 37 284
12 38 829
12 39 570
12 40 228
12 41 406
12 42 703
12 43 979
12 44 322
12 45 197
12 46 689
12 47 419
12 48 174
12 49 569
13 0 302
13 1 841
13 2 76
13 3 224
13 4 651
13 5 830
13 6 212
13 7 151
13 8 768
13 9 866
13 10 833
13 11 320
13 12 881
13 14 612
13 15 867
13 16 698
13 17 352
13 18 584
13 19 219
13 20 439
13 21 250
13 22 239
13 23 226
13 24 376
13 25 875
13 26 654
13 27 704
13 28 206
13 29 228
13 30 833
13 31 420
13 32 217
13 33 276
13 34 345
13 35 950
13 36 604
13 37 18
13 38 627
13 39 316
13 40 14
13 41 44
13 42 32
13 43 424
13 44 145
13 45 190
13 46 910
13 47 781
13 48 734
13 49 779
14 0 436
14 1 641
14 2 396
14 3 865
14 4 978
14 5 56
14 6 403
14 7 985
14 8 747
14 9 682
14 10 679
14 11 296
14 12 71
14 13 37
14 15 101
14 16 481
14 17 668
14 18 704
14 19 458
14 20 397
14 21 473
14 22 245
14 23 145
14 24 238
14 25 17
14 26 816
14 27 944
14 28 545
14 29 748
14 30 540
14 31 870
14 32 792
14 33 606
14 34 479
14 35 788
14 36 733
14 37 228
14 38 858
14 39 649
14 40 707
14 41 88
14 42 753
14 43 82
14 44 558
14 45 466
14 46 385
14 47 965
14 48 784
14 49 806
15 0 328
15 1 188
15 2 362
15 3 532
15 4 3
15 5 536
15 6 877
15 7 108
15 8 119
15 9 466
15 10 705
15 11 356
15 12 220
15 13 695
15 14 958
15 16 539
15 17 373
15 18 177
15 19 755
15 20 110
15 21 842
15 22 157
15 23 793
15 24 742
15 25 285
15 26 82
15 27 73
15 28 666
15 29 507
15 30 768
15 31 512
15 32 102
15 33 628
15 34 192
15 35 28
15 36 264
15 37 24
15 38 902
15 39 689
15 40 963
15 41 539
15 42 156
15 43 56
15 44 360
15 45 55
15 46 572
15 47 561
15 48 921
15 49 919
16 0 693
16 1 120
16 2 434
16 3 56
16 4 227
16 5 832
16 6 991
16 7 873
16 8 988
16 9 292
16 10 79
16 11 175
16 12 195
16 13 719
16 14 784
16 15 152
16 17 123
16 18 134
16 19 416
16 20 857
16 21 601
16 22 507
16 23 372
16 24 233
16 25 110
16 26 556
16 27 659
16 28 344
16 29 894
16 30 520
16 31 368
16 32 314
16 33 1
16 34 134
16 35 636
16 36 309
16 37 494
16 38 794
16 39 573
16 40 497
16 41 197
16 42 702
16 43 903
16 44 381
16 45 710
16 46 871
16 47 910
16 48 147
16 49 79
17 0 803
17 1 607
17 2 110
17 3 938
17 4 924
17 5 219
17 6 6
17 7 654
17 8 731
17 9 868
17 10 922
17 11 854
17 12 347
17 13 594
17 14 290
17 15 816
17 16 752
17 18 190
17 19 166
17 20 699
17 21 428
17 22 802
17 23 831
17 24 400
17 25 295
17 26 645
17 27 861
17 28 386
17 29 412
17 30 940
17 31 37
17 32 632
17 33 583
17 34 968
17 35 732
17 36 119
17 37 745
17 38 544
17 39 363
17 40 935
17 41 17
17 42 703
17 43 618
17 44 814
17 45 211
17 46 214
17 47 133
17 48 816
17 49 858
18 0 714
18 1 8
18 2 903
18 3 990
18 4 161
18 5 776
18 6 717
18 7 253
18 8 24
18 9 357
18 10 980
18 11 501
18 12 567
18 13 465
18 14 328
18 15 28
18 16 348
18 17 886
18 19 901
18 20 213
18 21 833
18 22 249
18 23 219
18 24 918
18 25 935
18 26 266
18 27 510
18 28 25
18 29 847
18 30 999
18 31 891
18 32 376
18 33 446
18 34 705
18 35 564
18 36 63
18 37 82
18 38 116
18 39 170
18 40 890
18 41 382
18 42 633
18 43 297
18 44 370
18 45 717
18 46 115
18 47 433
18 48 42
18 49 766
19 0 992
19 1 624
19 2 0
19 3 333
19 4 211
19 5 617
19 6 980
19 7 866
19 8 278
19 9 311
19 10 299
19 11 869
19 12 778
19 13 606
19 14 865
19 15 1000
19 16 473
19 17 457
19 18 672
19 20 568
19 21 132
19 22 402
19 23 214
19 24 938
19 25 565
19 26 469
19 27 958
19 28 270
19 29 394
19 30 916
19 31 907
19 32 309
19 33 269
19 34 721
19 35 988
19 36 586
19 37 17
19 38 469
19 39 855
19 40 228
19 41 201
19 42 674
19 43 366
19 44 836
19 45 295
19 46 578
19 47 593
19 48 124
19 49 126
20 0 520
20 1 980
20 2 244
20 3 62
20 4 351
20 5 19
20 6 965
20 7 164
20 8 155
20 9 253
20 10 51
20 11 510
20 12 883
20 13 614
20 14 657
20 15 416
20 16 216
20 17 282
20 18 239
20 19 786
20 21 52
20 22 941
20 23 993
20 24 490
20 25 279
20 26 849
20 27 768
20 28 355
20 29 852
20 30 699
20 31 331
20 32 151
20 33 703
20 34 367
20 35 104
20 36 856
20 37 123
20 38 757
20 39 237
20 40 185
20 41 379
20 42 902
20 43 645
20 44 693
20 45 496
20 46 768
20 47 615
20 48 321
20 49 647
21 0 585
21 1 648
21 2 891
21 3 860
21 4 583
21 5 710
21 6 441
21 7 718
21 8 102
21 9 525
21 10 222
21 11 890
21 12 399
21 13 445
21 14 369
21 15 957
21 16 248
21 17 783
21 18 612
21 19 805
21 20 579
21 22 653
21 23 218
21 24 577
21 25 369
21 26 89
21 27 978
21 28 432
21 29 384
21 30 975
21 31 842
21 32 212
21 33 30
21 34 264
21 35 217
21 36 784
21 37 803
21 38 67
21 39 212
21 40 749
21 41 675
21 42 735
21 43 949
21 44 297
21 45 295
21 46 560
21 47 208
21 48 976
21 49 385
22 0 115
22 1 500
22 2 905
22 3 79
22 4 797
22 5 171
22 6 465
22 7 572
22 8 858
22 9 471
22 10 977
22 11 56
22 12 788
22 13 794
22 14 444
22 15 346
22 16 695
22 17 558
22 18 506
22 19 289
22 20 736
22 21 81
22 23 691
22 24 863
22 25 493
22 26 38
22 27 787
22 28 329
22 29 549
22 30 285
22 31 41
22 32 749
22 33 313
22 34 403
22 35 25
22 36 886
22 37 235
22 38 683
22 39 111
22 40 186
22 41 115
22 42 577
22 43 707
22 44 873
22 45 429
22 46 772
22 47 121
22 48 998
22 49 409
23 0 48
23 1 129
23 2 341
23 3 110
23 4 572
23 5 683
23 6 600
23 7 908
23 8 155
23 9 47
23 10 390
23 11 864
23 12 477
23 13 831
23 14 28
23 15 625
23 16 55
23 17 401
23 18 186
23 19 283
23 20 127
23 21 972
23 22 297
23 24 493
23 25 211
23 26 60
23 27 411
23 28 82
23 29 418
23 30 483
23 31 914
23 32 974
23 33 764
23 34 940
23 35 236
23 36 375
23 37 317
23 38 1000
23 39 934
23 40 686
23 41 597
23 42 208
23 43 781
23 44 842
23 45 414
23 46 416
23 47 487
23 48 221
23 49 294
24 0 964
24 1 52
24 2 131
24 3 599
24 4 222
24 5 788
24 6 371
24 7 364
24 8 922
24 9 655
24 10 197
24 11 475
24 12 123
24 13 642
24 14 172
24 15 285
24 16 274
24 17 966
24 18 1
24 19 529
24 20 311
24 21 253
24 22 436
24 23 470
24 25 788
24 26 528
24 27 973
24 28 327
24 29 774
24 30 384
24 31 104
24 32 23
24 33 990
24 34 898
24 35 980
24 36 538
24 37 927
24 38 641
24 39 708
24 40 116
24 41 550
24 42 24
24 43 40
24 44 55
24 45 71
24 46 80
24 47 568
24 48 393
24 49 390
25 0 694
25 1 4
25 2 784
25 3 330
25 4 326
25 5 288
25 6 288
25 7 115
25 8 632
25 9 544
25 10 432
25 11 701
25 12 424
25 13 249
25 14 87
25 15 571
25 16 969
25 17 856
25 18 765
25 19 700
25 20 791
25 21 665
25 22 582
25 23 398
25 24 293
25 26 965
25 27 59
25 28 514
25 29 528
25 30 191
25 31 325
25 32 638
25 33 781
25 34 119
25 35 449
25 36 526
25 37 447
25 38 602
25 39 470
25 40 800
25 41 965
25 42 509
25 43 809
25 44 613
25 45 360
25 46 970
25 47 378
25 48 696
25 49 517
26 0 338
26 1 86
26 2 975
26 3 74
26 4 547
26 5 836
26 6 57
26 7 687
26 8 385
26 9 205
26 10 583
26 11 907
26 12 240
26 13 212
26 14 160
26 15 629
26 16 779
26 17 429
26 18 566
26 19 290
26 20 602
26 21 662
26 22 145
26 23 757
26 24 463
26 25 843
26 27 129
26 28 893
26 29 411
26 30 966
26 31 753
26 32 287
26 33 693
26 34 438
26 35 788
26 36 175
26 37 123
26 38 924
26 39 376
26 40 83
26 41 810
26 42 864
26 43 748
26 44 178
26 45 623
26 46 711
26 47 594
26 48 370
26 49 98
27 0 827
27 1 225
27 2 477
27 3 932
27 4 713
27 5 54
27 6 775
27 7 120
27 8 119
27 9 421
27 10 678
27 11 857
27 12 420
27 13 598
27 14 533
27 15 734
27 16 139
27 17 290
27 18 823
27 19 528
27 20 985
27 21 96
27 22 28
27 23 127
27 24 865
27 25 176
27 26 630
27 28 657
27 29 45
27 30 578
27 31 482
27 32 237
27 33 667
27 34 154
27 35 996
27 36 766
27 37 290
27 38 259
27 39 849
27 40 110
27 41 795
27 42 63
27 43 967
27 44 204
27 45 15
27 46 19
27 47 947
27 48 166
27 49 62
28 0 95
28 1 688
28 2 441
28 3 719
28 4 702
28 5 611
28 6 521
28 7 771
28 8 138
28 9 73
28 10 348
28 11 870
28 12 227
28 13 795
28 14 445
28 15 693
28 16 762
28 17 121
28 18 653
28 19 879
28 20 151
28 21 646
28 22 330
28 23 180
28 24 70
28 25 181
28 26 207
28 27 355
28 29 916
28 30 898
28 31 340
28 32 767
28 33 191
28 34 161
28 35 662
28 36 447
28 37 744
28 38 538
28 39 680
28 40 786
28 41 673
28 42 116
28 43 313
28 44 523
28 45 879
28 46 108
28 47 485
28 48 201
28 49 723
29 0 287
29 1 221
29 2 816
29 3 669
29 4 24
29 5 43
29 6 677
29 7 435
29 8 215
29 9 226
29 10 934
29 11 64
29 12 932
29 13 724
29 14 743
29 15 972
29 16 875
29 17 230
29 18 718
29 19 475
29 20 133
29 21 628
29 22 140
29 23 594
29 24 926
29 25 157
29 26 674
29 27 266
29 28 808
29 30 511
29 31 638
29 32 762
29 33 651
29 34 15
29 35 99
29 36 903
29 37 19
29 38 375
29 39 108
29 40 196
29 41 516
29 42 645
29 43 399
29 44 169
29 45 395
29 46 100
29 47 77
29 48 264
29 49 52
30 0 949
30 1 401
30 2 59
30 3 529
30 4 271
30 5 310
30 6 217
30 7 240
30 8 965
30 9 398
30 10 353
30 11 189
30 12 123
30 13 298
30 14 679
30 15 876
30 16 798
30 17 551
30 18 724
30 19 493
30 20 469
30 21 501
30 22 500
30 23 886
30 24 682
30 25 486
30 26 581
30 27 157
30 28 902
30 29 724
30 31 469
30 32 458
30 33 43
30 34 866
30 35 473
30 36 197
30 37 207
30 38 915
30 39 720
30 40 48
30 41 634
30 42 847
30 43 979
30 44 445
30 45 554
30 46 484
30 47 787
30 48 19
30 49 895
31 0 842
31 1 97
31 2 454
31 3 375
31 4 616
31 5 305
31 6 376
31 7 436
31 8 523
31 9 867
31 10 257
31 11 259
31 12 431
31 13 891
31 14 966
31 15 72
31 16 273
31 17 669
31 18 875
31 19 198
31 20 899
31 21 404
31 22 400
31 23 894
31 24 815
31 25 424
31 26 198
31 27 902
31 28 513
31 29 1
31 30 367
31 32 45
31 33 39
31 34 516
31 35 289
31 36 387
31 37 567
31 38 661
31 39 785
31 40 814
31 41 127
31 42 435
31 43 607
31 44 949
31 45 188
31 46 717
31 47 641
31 48 753
31 49 664
32 0 477
32 1 895
32 2 589
32 3 340
32 4 405
32 5 530
32 6 97
32 7 247
32 8 312
32 9 619
32 10 803
32 11 791
32 12 548
32 13 426
32 14 573
32 15 78
32 16 5
32 17 311
32 18 876
32 19 119
32 20 723
32 21 81
32 22 289
32 23 296
32 24 597
32 25 312
32 26 574
32 27 913
32 28 908
32 29 915
32 30 48
32 31 598
32 33 540
32 34 843
32 35 833
32 36 985
32 37 433
32 38 994
32 39 476
32 40 39
32 41 836
32 42 132
32 43 120
32 44 738
32 45 830
32 46 416
32 47 671
32 48 72
32 49 513
33 0 887
33 1 123
33 2 693
33 3 944
33 4 204
33 5 176
33 6 54
33 7 54
33 8 229
33 9 679
33 10 133
33 11 264
33 12 144
33 13 173
33 14 29
33 15 854
33 16 265
33 17 191
33 18 270
33 19 447
33 20 277
33 21 729
33 22 995
33 23 233
33 24 867
33 25 201
33 26 695
33 27 561
33 28 331
33 29 468
33 30 794
33 31 35
33 32 945
33 34 351
33 35 968
33 36 666
33 37 376
33 38 678
33 39 757
33 40 338
33 41 356
33 42 568
33 43 670
33 44 54
33 45 497
33 46 57
33 47 270
33 48 549
33 49 171
34 0 21
34 1 267
34 2 276
34 3 585
34 4 0
34 5 827
34 6 776
34 7 631
34 8 263
34 9 192
34 10 0
34 11 604
34 12 324
34 13 99
34 14 210
34 15 554
34 16 132
34 17 560
34 18 274
34 19 317
34 20 803
34 21 122
34 22 143
34 23 119
34 24 361
34 25 784
34 26 24
34 27 790
34 28 746
34 29 722
34 30 608
34 31 4
34 32 26
34 33 691
34 35 648
34 36 881
34 37 345
34 38 122
34 39 983
34 40 246
34 41 219
34 42 471
34 43 762
34 44 502
34 45 359
34 46 658
34 47 551
34 48 131
34 49 732
35 0 141
35 1 378
35 2 541
35 3 201
35 4 348
35 5 869
35 6 376
35 7 242
35 8 758
35 9 651
35 10 198
35 11 874
35 12 106
35 13 184
35 14 327
35 15 433
35 16 535
35 17 332
35 18 52
35 19 1
35 20 525
35 21 513
35 22 617
35 23 246
35 24 779
35 25 650
35 26 427
35 27 256
35 28 827
35 29 715
35 30 951
35 31 52
35 32 408
35 33 928
35 34 152
35 36 652
35 37 427
35 38 392
35 39 952
35 40 46
35 41 757
35 42 630
35 43 459
35 44 900
35 45 773
35 46 105
35 47 101
35 48 233
35 49 577
36 0 440
36 1 62
36 2 942
36 3 796
36 4 799
36 5 261
36 6 619
36 7 801
36 8 98
36 9 194
36 10 600
36 11 762
36 12 624
36 13 978
36 14 400
36 15 360
36 16 661
36 17 923
36 18 758
36 19 832
36 20 128
36 21 799
36 22 784
36 23 542
36 24 557
36 25 864
36 26 128
36 27 321
36 28 691
36 29 893
36 30 764
36 31 904
36 32 450
36 33 543
36 34 434
36 35 773
36 37 961
36 38 588
36 39 778
36 40 518
36 41 454
36 42 563
36 43 269
36 44 443
36 45 18
36 46 506
36 47 281
36 48 407
36 49 822
37 0 403
37 1 760
37 2 426
37 3 701
37 4 393
37 5 913
37 6 115
37 7 715
37 8 329
37 9 987
37 10 247
37 11 308
37 12 142
37 13 17
37 14 817
37 15 813
37 16 176
37 17 759
37 18 100
37 19 44
37 20 75
37 21 223
37 22 765
37 23 322
37 24 996
37 25 553
37 26 771
37 27 238
37 28 693
37 29 609
37 30 398
37 31 292
37 32 900
37 33 686
37 34 516
37 35 848
37 36 768
37 38 522
37 39 582
37 40 637
37 41 450
37 42 516
37 43 293
37 44 5
37 45 972
37 46 708
37 47 577
37 48 467
37 49 258
38 0 515
38 1 92
38 2 745
38 3 436
38 4 868
38 5 533
38 6 602
38 7 19
38 8 850
38 9 496
38 10 471
38 11 168
38 12 18
38 13 981
38 14 135
38 15 670
38 16 959
38 17 783
38 18 606
38 19 267
38 20 634
38 21 317
38 22 604
38 23 969
38 24 283
38 25 486
38 26 494
38 27 304
38 28 452
38 29 142
38 30 611
38 31 27
38 32 360
38 33 309
38 34 468
38 35 264
38 36 745
38 37 200
38 39 721
38 40 231
38 41 400
38 42 307
38 43 43
38 44 242
38 45 279
38 46 734
38 47 705
38 48 290
38 49 828
39 0 322
39 1 214
39 2 775
39 3 966
39 4 864
39 5 463
39 6 956
39 7 736
39 8 529
39 9 878
39 10 97
39 11 604
39 12 946
39 13 431
39 14 36
39 15 876
39 16 792
39 17 361
39 18 706
39 19 725
39 20 829
39 21 818
39 22 141
39 23 987
39 24 50
39 25 404
39 26 77
39 27 122
39 28 6
39 29 709
39 30 627
39 31 551
39 32 324
39 33 887
39 34 527
39 35 336
39 36 932
39 37 537
39 38 672
39 40 701
39 41 783
39 42 367
39 43 983
39 44 645
39 45 517
39 46 642
39 47 67
39 48 864
39 49 809
40 0 22
40 1 523
40 2 468
40 3 974
40 4 249
40 5 484
40 6 809
40 7 980
40 8 333
40 9 235
40 10 596
40 11 843
40 12 126
40 13 509
40 14 421
40 15 844
40 16 837
40 17 550
40 18 770
40 19 85
40 20 237
40 21 902
40 22 551
40 23 905
40 24 35
40 25 550
40 26 920
40 27 137
40 28 884
40 29 727
40 30 683
40 31 537
40 32 472
40 33 404
40 34 450
40 35 476
40 36 175
40 37 366
40 38 397
40 39 163
40 41 921
40 42 961
40 43 458
40 44 563
40 45 38
40 46 808
40 47 974
40 48 696
40 49 811
41 0 888
41 1 990
41 2 526
41 3 666
41 4 380
41 5 794
41 6 723
41 7 976
41 8 447
41 9 304
41 10 122
41 11 396
41 12 266
41 13 69
41 14 1
41 15 41
41 16 647
41 17 713
41 18 720
41 19 368
41 20 680
41 21 557
41 22 849
41 23 684
41 24 995
41 25 579
41 26 671
41 27 161
41 28 194
41 29 455
41 30 363
41 31 564
41 32 425
41 33 279
41 34 838
41 35 333
41 36 197
41 37 325
41 38 428
41 39 252
41 40 953
41 42 110
41 43 723
41 44 327
41 45 111
41 46 49
41 47 612
41 48 745
41 49 228
42 0 324
42 1 819
42 2 25
42 3 141
42 4 941
42 5 443
42 6 609
42 7 347
42 8 729
42 9 209
42 10 925
42 11 271
42 12 712
42 13 243
42 14 575
42 15 189
42 16 850
42 17 78
42 18 330
42 19 857
42 20 778
42 21 40
42 22 916
42 23 604
42 24 498
42 25 68
42 26 49
42 27 328
42 28 359
42 29 962
42 30 434
42 31 589
42 32 388
42 33 393
42 34 235
42 35 695
42 36 55
42 37 562
42 38 845
42 39 219
42 40 194
42 41 380
42 43 253
42 44 289
42 45 379
42 46 89
42 47 917
42 48 929
42 49 131
43 0 429
43 1 255
43 2 864
43 3 437
43 4 655
43 5 923
43 6 827
43 7 793
43 8 242
43 9 448
43 10 802
43 11 656
43 12 597
43 13 146
43 14 142
43 15 624
43 16 439
43 17 856
43 18 986
43 19 673
43 20 699
43 21 69
43 22 411
43 23 454
43 24 867
43 25 95
43 26 792
43 27 402
43 28 628
43 29 900
43 30 971
43 31 60
43 32 994
43 33 208
43 34 334
43 35 859
43 36 326
43 37 171
43 38 105
43 39 734
43 40 546
43 41 844
43 42 635
43 44 424
43 45 736
43 46 417
43 47 141
43 48 990
43 49 362
44 0 167
44 1 127
44 2 784
44 3 140
44 4 770
44 5 37
44 6 313
44 7 540
44 8 370
44 9 849
44 10 195
44 11 724
44 12 481
44 13 321
44 14 168
44 15 614
44 16 939
44 17 920
44 18 36
44 19 17
44 20 395
44 21 519
44 22 213
44 23 870
44 24 935
44 25 766
44 26 282
44 27 95
44 28 289
44 29 332
44 30 210
44 31 974
44 32 993
44 33 592
44 34 433
44 35 952
44 36 740
44 37 67
44 38 430
44 39 451
44 40 193
44 41 847
44 42 89
44 43 57
44 45 409
44 46 741
44 47 995
44 48 611
44 49 506
45 0 585
45 1 169
45 2 348
45 3 828
45 4 548
45 5 237
45 6 745
45 7 694
45 8 161
45 9 98
45 10 861
45 11 236
45 12 319
45 13 641
45 14 908
45 15 692
45 16 966
45 17 34
45 18 628
45 19 357
45 20 698
45 21 189
45 22 157
45 23 344
45 24 527
45 25 640
45 26 37
45 27 618
45 28 158
45 29 136
45 30 547
45 31 291
45 32 834
45 33 488
45 34 483
45 35 453
45 36 612
45 37 396
45 38 377
45 39 191
45 40 96
45 41 915
45 42 244
45 43 879
45 44 782
45 46 798
45 47 323
45 48 671
45 49 589
46 0 322
46 1 912
46 2 590
46 3 758
46 4 27
46 5 186
46 6 121
46 7 426
46 8 297
46 9 925
46 10 317
46 11 837
46 12 286
46 13 40
46 14 892
46 15 501
46 16 172
46 17 510
46 18 393
46 19 67
46 20 120
46 21 148
46 22 965
46 23 289
46 24 378
46 25 524
46 26 872
46 27 62
46 28 356
46 29 852
46 30 767
46 31 545
46 32 135
46 33 418
46 34 471
46 35 727
46 36 746
46 37 736
46 38 706
46 39 551
46 40 480
46 41 733
46 42 561
46 43 448
46 44 572
46 45 550
46 47 747
46 48 932
46 49 507
47 0 423
47 1 416
47 2 565
47 3 469
47 4 7
47 5 573
47 6 514
47 7 253
47 8 781
47 9 632
47 10 681
47 11 769
47 12 948
47 13 705
47 14 486
47 15 508
47 16 589
47 17 319
47 18 434
47 19 869
47 20 235
47 21 349
47 22 335
47 23 904
47 24 516
47 25 270
47 26 493
47 27 667
47 28 174
47 29 858
47 30 435
47 31 987
47 32 330
47 33 360
47 34 264
47 35 468
47 36 803
47 37 801
47 38 790
47 39 108
47 40 908
47 41 127
47 42 259
47 43 781
47 44 876
47 45 335
47 46 493
47 48 446
47 49 315
48 0 797
48 1 403
48 2 733
48 3 179
48 4 991
48 5 696
48 6 710
48 7 694
48 8 986
48 9 983
48 10 458
48 11 905
48 12 198
48 13 12
48 14 842
48 15 114
48 16 449
48 17 831
48 18 554
48 19 59
48 20 660
48 21 221
48 22 21
48 23 650
48 24 953
48 25 881
48 26 564
48 27 856
48 28 948
48 29 74
48 30 113
48 31 532
48 32 651
48 33 657
48 34 518
48 35 398
48 36 16
48 37 882
48 38 633
48 39 980
48 40 577
48 41 343
48 42 500
48 43 935
48 44 209
48 45 474
48 46 259
48 47 515
48 49 272
49 0 878
49 1 189
49 2 500
49 3 924
49 4 116
49 5 755
49 6 202
49 7 52
49 8 986
49 9 840
49 10 155
49 11 779
49 12 746
49 13 95
49 14 722
49 15 85
49 16 446
49 17 245
49 18 808
49 19 480
49 20 679
49 21 958
49 22 890
49 23 502
49 24 21
49 25 226
49 26 433
49 27 845
49 28 327
49 29 978
49 30 128
49 31 313
49 32 601
49 33 998
49 34 847
49 35 462
49 36 344
49 37 327
49 38 880
49 39 245
49 40 992
49 41 319
49 42 520
49 43 616
49 44 633
49 45 387
49 46 51
49 47 439
49 48 997
