100 9900 0
0 1 492
0 2 802
0 3 524
0 4 637
0 5 753
0 6 853
0 7 926
0 8 535
0 9 230
0 10 16
0 11 146
0 12 631
0 13 199
0 14 63
0 15 202
0 16 103
0 17 997
0 18 99
0 19 862
0 20 684
0 21 225
0 22 795
0 23 999
0 24 69
0 25 812
0 26 483
0 27 662
0 28 488
0 29 525
0 30 158
0 31 622
0 32 971
0 33 714
0 34 775
0 35 675
0 36 493
0 37 98
0 38 603
0 39 628
0 40 643
0 41 685
0 42 959
0 43 140
0 44 81
0 45 14
0 46 350
0 47 956
0 48 663
0 49 357
0 50 507
0 51 912
0 52 50
0 53 462
0 54 684
0 55 36
0 56 647
0 57 236
0 58 879
0 59 387
0 60 763
0 61 192
0 62 207
0 63 487
0 64 211
0 65 73
0 66 698
0 67 994
0 68 785
0 69 978
0 70 869
0 71 275
0 72 656
0 73 309
0 74 662
0 75 150
0 76 2
0 77 78
0 78 398
0 79 237
0 80 198
0 81 177
0 82 359
0 83 680
0 84 355
0 85 601
0 86 301
0 87 268
0 88 541
0 89 644
0 90 630
0 91 714
0 92 134
0 93 676
0 94 908
0 95 51
0 96 463
0 97 393
0 98 580
0 99 626
1 0 823
1 2 497
1 3 967
1 4 340
1 5 61
1 6 329
1 7 263
1 8 870
1 9 960
1 10 148
1 11 790
1 12 736
1 13 831
1 14 381
1 15 137
1 16 433
1 17 546
1 18 367
1 19 370
1 20 668
1 21 294
1 22 470
1 23 138
1 24 152
1 25 864
1 26 833
1 27 357
1 28 893
1 29 190
1 30 108
1 31 18
1 32 312
1 33 990
1 34 483
1 35 812
1 36 549
1 37 962
1 38 663
1 39 76
1 40 80
1 41 15
1 42 878
1 43 188
1 44 403
1 45 948
1 46 523
1 47 944
1 48 511
1 49 13
1 50 717
1 51 596
1 52 498
1 53 78
1 54 390
1 55 632
1 56 569
1 57 953
1 58 416
1 59 974
1 60 55
1 61 819
1 62 884
1 63 397
1 64 793
1 65 921
1 66 106
1 67 732
1 68 251
1 69 812
1 70 397
1 71 511
1 72 81
1 73 655
1 74 926
1 75 438
1 76 485
1 77 955
1 78 914
1 79 155
1 80 505
1 81 729
1 82 874
1 83 867
1 84 893
1 85 548
1 86 603
1 87 600
1 88 575
1 89 220
1 90 119
1 91 470
1 92 88
1 93 13
1 94 543
1 95 427
1 96 996
1 97 216
1 98 921
1 99 122
2 0 347
2 1 683
2 3 297
2 4 592
2 5 312
2 6 878
2 7 639
2 8 858
2 9 411
2 10 931
2 11 506
2 12 175
2 13 330
2 14 170
2 15 830
2 16 927
2 17 526
2 18 685
2 19 440
2 20 366
2 21 207
2 22 252
2 23 932
2 24 991
2 25 944
2 26 25
2 27 971
2 28 952
2 29 981
2 30 911
2 31 606
2 32 643
2 33 328
2 34 895
2 35 70
2 36 44
2 37 38
2 38 141
2 39 584
2 40 331
2 41 142
2 42 423
2 43 850
2 44 600
2 45 180
2 46 175
2 47 910
2 48 379
2 49 751
2 50 675
2 51 178
2 52 69
2 53 892
2 54 285
2 55 72
2 56 499
2 57 105
2 58 449
2 59 679
2 60 811
2 61 52
2 62 508
2 63 464
2 64 366
2 65 195
2 66 965
2 67 21
2 68 844
2 69 444
2 70 552
2 71 120
2 72 720
2 73 390
2 74 835
2 75 706
2 76 189
2 77 991
2 78 126
2 79 179
2 80 605
2 81 975
2 82 240
2 83 123
2 84 744
2 85 858
2 86 341
2 87 485
2 88 266
2 89 746
2 90 223
2 91 201
2 92 929
2 93 617
2 94 901
2 95 437
2 96 317
2 97 133
2 98 437
2 99 229
3 0 757
3 1 498
3 2 552
3 4 398
3 5 121
3 6 711
3 7 40
3 8 544
3 9 607
3 10 250
3 11 513
3 12 517
3 13 772
3 14 392
3 15 156
3 16 952
3 17 4
3 18 205
3 19 578
3 20 827
3 21 89
3 22 181
3 23 205
3 24 811
3 25 686
3 26 423
3 27 937
3 28 126
3 29 800
3 30 429
3 31 119
3 32 501
3 33 910
3 34 69
3 35 616
3 36 203
3 37 316
3 38 864
3 39 335
3 40 317
3 41 989
3 42 521
3 43 938
3 44 134
3 45 99
3 46 548
3 47 431
3 48 981
3 49 253
3 50 545
3 51 378
3 52 321
3 53 621
3 54 615
3 55 301
3 56 370
3 57 611
3 58 43
3 59 145
3 60 850
3 61 194
3 62 42
3 63 901
3 64 101
3 65 909
3 66 111
3 67 433
3 68 769
3 69 10
3 70 908
3 71 941
3 72 289
3 73 905
3 74 985
3 75 806
3 76 513
3 77 164
3 78 119
3 79 498
3 80 134
3 81 172
3 82 9
3 83 725
3 84 586
3 85 407
3 86 101
3 87 90
3 88 455
3 89 862
3 90 616
3 91 438
3 92 306
3 93 442
3 94 301
3 95 757
3 96 377
3 97 839
3 98 528
3 99 758
4 0 164
4 1 405
4 2 383
4 3 730
4 5 260
4 6 578
4 7 94
4 8 471
4 9 596
4 10 357
4 11 459
4 12 964
4 13 955
4 14 190
4 15 110
4 16 526
4 17 892
4 18 87
4 19 581
4 20 96
4 21 87
4 22 98
4 23 678
4 24 935
4 25 442
4 26 846
4 27 213
4 28 401
4 29 12
4 30 284
4 31 880
4 32 119
4 33 881
4 34 109
4 35 74
4 36 494
4 37 214
4 38 881
4 39 183
4 40 871
4 41 940
4 42 399
4 43 185
4 44 497
4 45 662
4 46 640
4 47 783
4 48 248
4 49 808
4 50 877
4 51 692
4 52 670
4 53 388
4 54 397
4 55 775
4 56 447
4 57 850
4 58 25
4 59 877
4 60 858
4 61 928
4 62 425
4 63 531
4 64 619
4 65 907
4 66 57
4 67 389
4 68 130
4 69 218
4 70 955
4 71 84
4 72 51
4 73 457
4 74 628
4 75 512
4 76 225
4 77 710
4 78 331
4 79 38
4 80 108
4 81 551
4 82 930
4 83 649
4 84 135
4 85 420
4 86 390
4 87 982
4 88 954
4 89 649
4 90 482
4 91 999
4 92 468
4 93 462
4 94 966
4 95 565
4 96 555
4 97 103
4 98 294
4 99 809
5 0 920
5 1 77
5 2 757
5 3 271
5 4 589
5 6 991
5 7 74
5 8 39
5 9 438
5 10 565
5 11 108
5 12 897
5 13 885
5 14 460
5 15 88
5 16 796
5 17 768
5 18 712
5 19 898
5 20 72
5 21 182
5 22 533
5 23 502
5 24 589
5 25 79
5 26 634
5 27 612
5 28 462
5 29 416
5 30 391
5 31 418
5 32 65
5 33 752
5 34 112
5 35 174
5 36 430
5 37 237
5 38 651
5 39 592
5 40 249
5 41 610
5 42 833
5 43 785
5 44 963
5 45 820
5 46 711
5 47 791
5 48 222
5 49 327
5 50 360
5 51 474
5 52 579
5 53 184
5 54 690
5 55 603
5 56 756
5 57 918
5 58 442
5 59 774
5 60 580
5 61 372
5 62 763
5 63 148
5 64 752
5 65 411
5 66 832
5 67 200
5 68 323
5 69 977
5 70 15
5 71 590
5 72 84
5 73 653
5 74 414
5 75 550
5 76 117
5 77 36
5 78 461
5 79 744
5 80 870
5 81 907
5 82 500
5 83 6
5 84 861
5 85 258
5 86 36
5 87 161
5 88 778
5 89 516
5 90 804
5 91 284
5 92 352
5 93 726
5 94 285
5 95 437
5 96 550
5 97 522
5 98 463
5 99 946
6 0 857
6 1 782
6 2 837
6 3 990
6 4 409
6 5 293
6 7 135
6 8 53
6 9 619
6 10 683
6 11 499
6 12 233
6 13 119
6 14 58
6 15 246
6 16 907
6 17 583
6 18 555
6 19 618
6 20 465
6 21 892
6 22 299
6 23 975
6 24 592
6 25 20
6 26 184
6 27 839
6 28 571
6 29 593
6 30 816
6 31 523
6 32 134
6 33 769
6 34 901
6 35 613
6 36 332
6 37 916
6 38 52
6 39 126
6 40 512
6 41 930
6 42 774
6 43 552
6 44 695
6 45 301
6 46 884
6 47 937
6 48 955
6 49 108
6 50 870
6 51 677
6 52 190
6 53 286
6 54 20
6 55 855
6 56 25
6 57 530
6 58 317
6 59 689
6 60 637
6 61 727
6 62 168
6 63 440
6 64 231
6 65 461
6 66 110
6 67 90
6 68 696
6 69 737
6 70 648
6 71 503
6 72 457
6 73 217
6 74 755
6 75 99
6 76 490
6 77 239
6 78 798
6 79 739
6 80 317
6 81 76
6 82 477
6 83 919
6 84 606
6 85 911
6 86 544
6 87 297
6 88 443
6 89 258
6 90 473
6 91 776
6 92 6
6 93 510
6 94 800
6 95 406
6 96 388
6 97 39
6 98 996
6 99 925
7 0 536
7 1 279
7 2 896
7 3 178
7 4 627
7 5 616
7 6 94
7 8 956
7 9 283
7 10 665
7 11 929
7 12 419
7 13 49
7 14 45
7 15 530
7 16 508
7 17 51
7 18 518
7 19 631
7 20 292
7 21 609
7 22 107
7 23 136
7 24 282
7 25 474
7 26 432
7 27 724
7 28 364
7 29 312
7 30 251
7 31 135
7 32 672
7 33 148
7 34 373
7 35 99
7 36 775
7 37 67
7 38 804
7 39 775
7 40 123
7 41 995
7 42 432
7 43 429
7 44 380
7 45 77
7 46 313
7 47 820
7 48 643
7 49 242
7 50 960
7 51 794
7 52 19
7 53 591
7 54 789
7 55 173
7 56 995
7 57 204
7 58 953
7 59 755
7 60 659
7 61 971
7 62 433
7 63 203
7 64 662
7 65 56
7 66 143
7 67 532
7 68 885
7 69 620
7 70 891
7 71 24
7 72 42
7 73 49
7 74 601
7 75 124
7 76 34
7 77 981
7 78 385
7 79 952
7 80 950
7 81 484
7 82 922
7 83 24
7 84 462
7 85 997
7 86 530
7 87 332
7 88 378
7 89 461
7 90 50
7 91 462
7 92 90
7 93 380
7 94 490
7 95 303
7 96 279
7 97 227
7 98 976
7 99 685
8 0 151
8 1 802
8 2 524
8 3 217
8 4 169
8 5 710
8 6 413
8 7 693
8 9 550
8 10 165
8 11 614
8 12 417
8 13 73
8 14 13
8 15 307
8 16 983
8 17 576
8 18 506
8 19 979
8 20 610
8 21 919
8 22 392
8 23 282
8 24 697
8 25 128
8 26 38
8 27 701
8 28 360
8 29 278
8 30 892
8 31 927
8 32 716
8 33 599
8 34 520
8 35 630
8 36 425
8 37 781
8 38 890
8 39 358
8 40 770
8 41 893
8 42 234
8 43 147
8 44 983
8 45 539
8 46 348
8 47 122
8 48 523
8 49 903
8 50 672
8 51 104
8 52 858
8 53 410
8 54 634
8 55 703
8 56 613
8 57 781
8 58 248
8 59 150
8 60 960
8 61 819
8 62 754
8 63 672
8 64 177
8 65 145
8 66 116
8 67 904
8 68 418
8 69 143
8 70 345
8 71 29
8 72 71
8 73 444
8 74 256
8 75 746
8 76 153
8 77 480
8 78 464
8 79 992
8 80 732
8 81 262
8 82 442
8 83 40
8 84 961
8 85 729
8 86 797
8 87 337
8 88 462
8 89 815
8 90 515
8 91 636
8 92 635
8 93 909
8 94 957
8 95 65
8 96 881
8 97 412
8 98 701
8 99 447
9 0 966
9 1 470
9 2 678
9 3 904
9 4 903
9 5 662
9 6 394
9 7 947
9 8 341
9 10 733
9 11 930
9 12 597
9 13 978
9 14 313
9 15 198
9 16 1000
9 17 633
9 18 604
9 19 342
9 20 917
9 21 784
9 22 810
9 23 447
9 24 155
9 25 189
9 26 410
9 27 274
9 28 386
9 29 817
9 30 188
9 31 875
9 32 528
9 33 428
9 34 454
9 35 376
9 36 530
9 37 547
9 38 842
9 39 441
9 40 776
9 41 270
9 42 203
9 43 510
9 44 120
9 45 359
9 46 344
9 47 396
9 48 689
9 49 824
9 50 607
9 51 516
9 52 23
9 53 22
9 54 164
9 55 357
9 56 855
9 57 635
9 58 40
9 59 177
9 60 885
9 61 600
9 62 100
9 63 656
9 64 306
9 65 309
9 66 814
9 67 689
9 68 765
9 69 954
9 70 658
9 71 32
9 72 927
9 73 6
9 74 545
9 75 52
9 76 707
9 77 800
9 78 224
9 79 751
9 80 551
9 81 864
9 82 572
9 83 469
9 84 761
9 85 155
9 86 104
9 87 191
9 88 677
9 89 182
9 90 625
9 91 596
9 92 344
9 93 46
9 94 911
9 95 706
9 96 940
9 97 672
9 98 574
9 99 375
10 0 150
10 1 77
10 2 905
10 3 506
10 4 362
10 5 394
10 6 55
10 7 886
10 8 641
10 9 336
10 11 330
10 12 391
10 13 408
10 14 536
10 15 812
10 16 707
10 17 738
10 18 25
10 19 736
10 20 387
10 21 546
10 22 499
10 23 345
10 24 658
10 25 302
10 26 755
10 27 960
10 28 349
10 29 580
10 30 412
10 31 978
10 32 715
10 33 75
10 34 726
10 35 896
10 36 15
10 37 486
10 38 770
10 39 655
10 40 71
10 41 19
10 42 651
10 43 420
10 44 713
10 45 891
10 46 358
10 47 914
10 48 767
10 49 466
10 50 948
10 51 327
10 52 578
10 53 88
10 54 831
10 55 311
10 56 403
10 57 870
10 58 177
10 59 623
10 60 928
10 61 160
10 62 273
10 63 963
10 64 488
10 65 634
10 66 897
10 67 900
10 68 128
10 69 189
10 70 612
10 71 508
10 72 4
10 73 161
10 74 867
10 75 844
10 76 66
10 77 301
10 78 709
10 79 634
10 80 781
10 81 880
10 82 802
10 83 288
10 84 390
10 85 44
10 86 686
10 87 354
10 88 389
10 89 63
10 90 352
10 91 835
10 92 388
10 93 966
10 94 121
10 95 829
10 96 510
10 97 887
10 98 546
10 99 879
11 0 415
11 1 466
11 2 489
11 3 346
11 4 129
11 5 776
11 6 59
11 7 935
11 8 745
11 9 580
11 10 101
11 12 884
11 13 222
11 14 608
11 15 624
11 16 615
11 17 307
11 18 539
11 19 226
11 20 611
11 21 632
11 22 567
11 23 541
11 24 588
11 25 110
11 26 39
11 27 114
11 28 493
11 29 807
11 30 321
11 31 364
11 32 654
11 33 335
11 34 721
11 35 589
11 36 913
11 37 612
11 38 736
11 39 290
11 40 299
11 41 585
11 42 271
11 43 407
11 44 348
11 45 265
11 46 61
11 47 270
11 48 98
11 49 320
11 50 246
11 51 760
11 52 874
11 53 38
11 54 405
11 55 870
11 56 315
11 57 613
11 58 464
11 59 808
11 60 407
11 61 25
11 62 116
11 63 936
11 64 977
11 65 275
11 66 877
11 67 382
11 68 45
11 69 807
11 70 569
11 71 770
11 72 837
11 73 991
11 74 673
11 75 924
11 76 242
11 77 298
11 78 166
11 79 101
11 80 73
11 81 374
11 82 586
11 83 543
11 84 282
11 85 953
11 86 139
11 87 850
11 88 415
11 89 185
11 90 321
11 91 397
11 92 497
11 93 701
11 94 40
11 95 921
11 96 995
11 97 93
11 98 461
11 99 728
12 0 859
12 1 551
12 2 637
12 3 359
12 4 852
12 5 412
12 6 314
12 7 190
12 8 281
12 9 401
12 10 656
12 11 679
12 13 126
12 14 673
12 15 547
12 16 815
12 17 341
12 18 121
12 19 1000
12 20 176
12 21 4
12 22 845
12 23 867
12 24 754
12 25 612
12 26 536
12 27 550
12 28 340
12 29 678
12 30 247
12 31 868
12 32 57
12 33 724
12 34 739
12 35 153
12 36 802
12 37 865
12 38 287
12 39 866
12 40 845
12 41 420
12 42 610
12 43 42
12 44 30
12 45 637
12 46 549
12 47 441
12 48 649
12 49 435
12 50 71
12 51 499
12 52 9
12 53 20
12 54 902
12 55 952
12 56 184
12 57 514
12 58 649
12 59 740
12 60 297
12 61 347
12 62 453
12 63 627
12 64 389
12 65 312
12 66 533
12 67 620
12 68 382
12 69 553
12 70 610
12 71 761
12 72 689
12 73 816
12 74 559
12 75 517
12 76 286
12 77 304
12 78 808
12 79 705
12 80 281
12 81 229
12 82 252
12 83 10
12 84 643
12 85 20
12 86 494
12 87 599
12 88 516
12 89 458
12 90 201
12 91 612
12 92 957
12 93 955
12 94 826
12 95 686
12 96 495
12 97 821
12 98 722
12 99 558
13 0 673
13 1 476
13 2 313
13 3 184
13 4 82
13 5 479
13 6 506
13 7 641
13 8 704
13 9 84
13 10 133
13 11 972
13 12 100
13 14 571
13 15 267
13 16 923
13 17 344
13 18 318
13 19 208
13 20 907
13 21 228
13 22 985
13 23 834
13 24 151
13 25 159
13 26 325
13 27 523
13 28 75
13 29 619
13 30 639
13 31 268
13 32 4
13 33 95
13 34 109
13 35 476
13 36 78
13 37 24
13 38 638
13 39 660
13 40 534
13 41 544
13 42 287
13 43 507
13 44 126
13 45 559
13 46 249
13 47 892
13 48 305
13 49 2
13 50 326
13 51 17
13 52 268
13 53 397
13 54 762
13 55 190
13 56 960
13 57 635
13 58 50
13 59 866
13 60 303
13 61 270
13 62 412
13 63 404
13 64 866
13 65 530
13 66 682
13 67 494
13 68 912
13 69 205
13 70 848
13 71 678
13 72 428
13 73 116
13 74 199
13 75 119
13 76 602
13 77 69
13 78 208
13 79 758
13 80 914
13 81 629
13 82 302
13 83 404
13 84 654
13 85 44
13 86 390
13 87 992
13 88 182
13 89 738
13 90 463
13 91 127
13 92 167
13 93 724
13 94 113
13 95 993
13 96 704
13 97 461
13 98 151
13 99 904
14 0 380
14 1 283
14 2 77
14 3 683
14 4 326
14 5 398
14 6 731
14 7 423
14 8 165
14 9 713
14 10 559
14 11 767
14 12 351
14 13 765
14 15 971
14 16 832
14 17 762
14 18 981
14 19 171
14 20 588
14 21 404
14 22 286
14 23 476
14 24 935
14 25 396
14 26 860
14 27 51
14 28 647
14 29 610
14 30 481
14 31 675
14 32 399
14 33 635
14 34 430
14 35 356
14 36 432
14 37 141
14 38 275
14 39 17
14 40 13
14 41 19
14 42 176
14 43 710
14 44 551
14 45 733
14 46 124
14 47 499
14 48 868
14 49 333
14 50 403
14 51 362
14 52 679
14 53 825
14 54 654
14 55 150
14 56 474
14 57 692
14 58 206
14 59 867
14 60 728
14 61 267
14 62 101
14 63 331
14 64 8
14 65 145
14 66 443
14 67 480
14 68 929
14 69 830
14 70 197
14 71 822
14 72 223
14 73 616
14 74 572
14 75 688
14 76 169
14 77 326
14 78 85
14 79 44
14 80 431
14 81 339
14 82 285
14 83 148
14 84 235
14 85 190
14 86 58
14 87 826
14 88 293
14 89 98
14 90 150
14 91 408
14 92 625
14 93 314
14 94 80
14 95 781
14 96 955
14 97 332
14 98 136
14 99 496
15 0 221
15 1 730
15 2 30
15 3 215
15 4 689
15 5 287
15 6 199
15 7 471
15 8 243
15 9 422
15 10 52
15 11 634
15 12 298
15 13 902
15 14 995
15 16 17
15 17 49
15 18 705
15 19 945
15 20 544
15 21 697
15 22 193
15 23 228
15 24 76
15 25 516
15 26 516
15 27 1
15 28 355
15 29 143
15 30 728
15 31 671
15 32 749
15 33 883
15 34 357
15 35 336
15 36 826
15 37 306
15 38 444
15 39 79
15 40 346
15 41 882
15 42 450
15 43 326
15 44 620
15 45 827
15 46 967
15 47 167
15 48 782
15 49 671
15 50 309
15 51 800
15 52 940
15 53 539
15 54 927
15 55 980
15 56 324
15 57 216
15 58 476
15 59 890
15 60 56
15 61 290
15 62 715
15 63 52
15 64 739
15 65 912
15 66 87
15 67 366
15 68 432
15 69 649
15 70 595
15 71 549
15 72 395
15 73 321
15 74 57
15 75 844
15 76 853
15 77 585
15 78 702
15 79 517
15 80 122
15 81 967
15 82 816
15 83 820
15 84 853
15 85 614
15 86 483
15 87 52
15 88 100
15 89 839
15 90 760
15 91 731
15 92 779
15 93 169
15 94 87
15 95 839
15 96 831
15 97 693
15 98 660
15 99 264
16 0 427
16 1 206
16 2 813
16 3 481
16 4 60
16 5 225
16 6 877
16 7 124
16 8 310
16 9 194
16 10 583
16 11 450
16 12 681
16 13 61
16 14 757
16 15 663
16 17 871
16 18 315
16 19 124
16 20 146
16 21 922
16 22 61
16 23 345
16 24 498
16 25 659
16 26 221
16 27 481
16 28 235
16 29 501
16 30 96
16 31 247
16 32 899
16 33 597
16 34 770
16 35 981
16 36 563
16 37 504
16 38 368
16 39 732
16 40 442
16 41 682
16 42 236
16 43 418
16 44 405
16 45 624
16 46 686
16 47 611
16 48 754
16 49 141
16 50 601
16 51 336
16 52 660
16 53 441
16 54 911
16 55 690
16 56 434
16 57 533
16 58 760
16 59 828
16 60 568
16 61 75
16 62 998
16 63 46
16 64 974
16 65 833
16 66 20
16 67 478
16 68 890
16 69 467
16 70 131
16 71 41
16 72 926
16 73 714
16 74 851
16 75 743
16 76 777
16 77 280
16 78 435
16 79 320
16 80 345
16 81 533
16 82 808
16 83 374
16 84 923
16 85 935
16 86 104
16 87 491
16 88 544
16 89 191
16 90 427
16 91 918
16 92 972
16 93 772
16 94 454
16 95 618
16 96 683
16 97 400
16 98 392
16 99 663
17 0 837
17 1 511
17 2 636
17 3 819
17 4 356
17 5 250
17 6 745
17 7 212
17 8 793
17 9 382
17 10 668
17 11 701
17 12 144
17 13 749
17 14 249
17 15 216
17 16 336
17 18 714
17 19 187
17 20 92
17 21 124
17 22 712
17 23 510
17 24 904
17 25 803
17 26 927
17 27 721
17 28 635
17 29 858
17 30 61
17 31 873
17 32 217
17 33 933
17 34 673
17 35 913
17 36 305
17 37 690
17 38 646
17 39 565
17 40 235
17 41 319
17 42 517
17 43 300
17 44 272
17 45 331
17 46 19
17 47 268
17 48 861
17 49 399
17 50 404
17 51 340
17 52 686
17 53 315
17 54 703
17 55 613
17 56 550
17 57 869
17 58 16
17 59 37
17 60 297
17 61 400
17 62 256
17 63 980
17 64 728
17 65 756
17 66 106
17 67 436
17 68 922
17 69 501
17 70 902
17 71 916
17 72 393
17 73 590
17 74 864
17 75 557
17 76 543
17 77 438
17 78 628
17 79 803
17 80 915
17 81 216
17 82 403
17 83 806
17 84 285
17 85 68
17 86 991
17 87 982
17 88 652
17 89 317
17 90 861
17 91 130
17 92 487
17 93 872
17 94 667
17 95 802
17 96 899
17 97 770
17 98 757
17 99 66
18 0 112
18 1 159
18 2 463
18 3 559
18 4 934
18 5 605
18 6 36
18 7 461
18 8 160
18 9 258
18 10 963
18 11 847
18 12 801
18 13 673
18 14 977
18 15 675
18 16 661
18 17 232
18 19 520
18 20 213
18 21 430
18 22 577
18 23 7
18 24 441
18 25 994
18 26 875
18 27 222
18 28 328
18 29 783
18 30 390
18 31 204
18 32 192
18 33 273
18 34 453
18 35 139
18 36 592
18 37 938
18 38 369
18 39 861
18 40 219
18 41 475
18 42 804
18 43 223
18 44 115
18 45 301
18 46 611
18 47 145
18 48 736
18 49 679
18 50 540
18 51 990
18 52 567
18 53 319
18 54 675
18 55 262
18 56 306
18 57 449
18 58 771
18 59 663
18 60 627
18 61 185
18 62 227
18 63 231
18 64 776
18 65 675
18 66 72
18 67 389
18 68 76
18 69 228
18 70 549
18 71 267
18 72 830
18 73 209
18 74 315
18 75 727
18 76 289
18 77 994
18 78 150
18 79 278
18 80 127
18 81 277
18 82 808
18 83 298
18 84 838
18 85 939
18 86 1000
18 87 323
18 88 229
18 89 63
18 90 378
18 91 44
18 92 914
18 93 454
18 94 665
18 95 746
18 96 944
18 97 327
18 98 717
18 99 32
19 0 523
19 1 224
19 2 163
19 3 374
19 4 442
19 5 471
19 6 511
19 7 501
19 8 601
19 9 285
19 10 241
19 11 646
19 12 673
19 13 317
19 14 537
19 15 961
19 16 482
19 17 14
19 18 429
19 20 103
19 21 342
19 22 778
19 23 654
19 24 494
19 25 276
19 26 130
19 27 436
19 28 19
19 29 391
19 30 547
19 31 302
19 32 261
19 33 164
19 34 233
19 35 111
19 36 225
19 37 819
19 38 500
19 39 752
19 40 182
19 41 156
19 42 750
19 43 423
19 44 266
19 45 88
19 46 819
19 47 365
19 48 735
19 49 868
19 50 94
19 51 821
19 52 631
19 53 7
19 54 445
19 55 297
19 56 775
19 57 725
19 58 114
19 59 163
19 60 199
19 61 266
19 62 917
19 63 974
19 64 249
19 65 71
19 66 756
19 67 278
19 68 652
19 69 435
19 70 165
19 71 302
19 72 778
19 73 509
19 74 656
19 75 985
19 76 691
19 77 281
19 78 614
19 79 424
19 80 637
19 81 540
19 82 801
19 83 907
19 84 990
19 85 671
19 86 172
19 87 460
19 88 92
19 89 219
19 90 6
19 91 389
19 92 591
19 93 722
19 94 231
19 95 0
19 96 651
19 97 705
19 98 173
19 99 68
20 0 391
20 1 404
20 2 329
20 3 110
20 4 574
20 5 274
20 6 427
20 7 942
20 8 106
20 9 671
20 10 343
20 11 498
20 12 21
20 13 673
20 14 866
20 15 16
20 16 853
20 17 485
20 18 984
20 19 259
20 21 566
20 22 297
20 23 964
20 24 98
20 25 192
20 26 901
20 27 790
20 28 730
20 29 396
20 30 458
20 31 517
20 32 833
20 33 723
20 34 703
20 35 492
20 36 361
20 37 135
20 38 52
20 39 501
20 40 745
20 41 436
20 42 529
20 43 575
20 44 625
20 45 624
20 46 935
20 47 326
20 48 630
20 49 46
20 50 372
20 51 800
20 52 299
20 53 727
20 54 794
20 55 385
20 56 321
20 57 562
20 58 775
20 59 124
20 60 438
20 61 319
20 62 677
20 63 745
20 64 148
20 65 200
20 66 480
20 67 112
20 68 708
20 69 775
20 70 868
20 71 188
20 72 604
20 73 133
20 74 113
20 75 311
20 76 457
20 77 494
20 78 889
20 79 364
20 80 312
20 81 361
20 82 524
20 83 183
20 84 170
20 85 905
20 86 60
20 87 55
20 88 775
20 89 143
20 90 200
20 91 172
20 92 644
20 93 534
20 94 690
20 95 920
20 96 247
20 97 639
20 98 705
20 99 454
21 0 440
21 1 483
21 2 440
21 3 390
21 4 6
21 5 832
21 6 416
21 7 897
21 8 254
21 9 760
21 10 892
21 11 631
21 12 661
21 13 461
21 14 815
21 15 475
21 16 447
21 17 79
21 18 195
21 19 9
21 20 822
21 22 125
21 23 374
21 24 390
21 25 585
21 26 676
21 27 669
21 28 153
21 29 78
21 30 230
21 31 688
21 32 891
21 33 388
21 34 386
21 35 787
21 36 807
21 37 699
21 38 642
21 39 726
21 40 454
21 41 377
21 42 150
21 43 667
21 44 380
21 45 871
21 46 601
21 47 102
21 48 238
21 49 538
21 50 795
21 51 663
21 52 391
21 53 396
21 54 632
21 55 638
21 56 890
21 57 1
21 58 65
21 59 933
21 60 899
21 61 303
21 62 505
21 63 459
21 64 995
21 65 266
21 66 586
21 67 725
21 68 439
21 69 134
21 70 930
21 71 223
21 72 627
21 73 103
21 74 425
21 75 357
21 76 532
21 77 691
21 78 775
21 79 797
21 80 348
21 81 575
21 82 981
21 83 637
21 84 889
21 85 678
21 86 600
21 87 918
21 88 870
21 89 392
21 90 311
21 91 174
21 92 656
21 93 184
21 94 587
21 95 666
21 96 547
21 97 778
21 98 213
21 99 4
22 0 247
22 1 607
22 2 239
22 3 411
22 4 688
22 5 226
22 6 725
22 7 614
22 8 385
22 9 657
22 10 518
22 11 200
22 12 849
22 13 353
22 14 621
22 15 384
22 16 457
22 17 37
22 18 754
22 19 911
22 20 103
22 21 631
22 23 66
22 24 866
22 25 879
22 26 92
22 27 700
22 28 480
22 29 227
22 30 933
22 31 242
22 32 505
22 33 288
22 34 295
22 35 811
22 36 752
22 37 326
22 38 649
22 39 620
22 40 157
22 41 711
22 42 590
22 43 499
22 44 619
22 45 206
22 46 445
22 47 529
22 48 857
22 49 440
22 50 969
22 51 935
22 52 85
22 53 289
22 54 694
22 55 334
22 56 959
22 57 669
22 58 83
22 59 49
22 60 930
22 61 187
22 62 79
22 63 352
22 64 684
22 65 541
22 66 892
22 67 822
22 68 749
22 69 870
22 70 522
22 71 829
22 72 148
22 73 896
22 74 663
22 75 911
22 76 753
22 77 887
22 78 610
22 79 520
22 80 274
22 81 126
22 82 625
22 83 633
22 84 448
22 85 225
22 86 80
22 87 544
22 88 171
22 89 287
22 90 280
22 91 419
22 92 223
22 93 356
22 94 994
22 95 320
22 96 94
22 97 411
22 98 384
22 99 631
23 0 139
23 1 105
23 2 491
23 3 495
23 4 330
23 5 689
23 6 811
23 7 869
23 8 255
23 9 841
23 10 525
23 11 878
23 12 161
23 13 911
23 14 236
23 15 727
23 16 818
23 17 813
23 18 784
23 19 65
23 20 310
23 21 997
23 22 141
23 24 513
23 25 833
23 26 377
23 27 777
23 28 132
23 29 871
23 30 671
23 31 656
23 32 261
23 33 498
23 34 998
23 35 63
23 36 184
23 37 240
23 38 959
23 39 139
23 40 192
23 41 544
23 42 194
23 43 657
23 44 734
23 45 196
23 46 182
23 47 428
23 48 376
23 49 671
23 50 321
23 51 543
23 52 188
23 53 915
23 54 15
23 55 316
23 56 462
23 57 942
23 58 446
23 59 351
23 60 573
23 61 272
23 62 297
23 63 579
23 64 682
23 65 422
23 66 260
23 67 240
23 68 228
23 69 900
23 70 240
23 71 557
23 72 282
23 73 438
23 74 138
23 75 476
23 76 701
23 77 461
23 78 822
23 79 355
23 80 169
23 81 893
23 82 568
23 83 149
23 84 72
23 85 516
23 86 678
23 87 576
23 88 581
23 89 564
23 90 915
23 91 404
23 92 321
23 93 749
23 94 301
23 95 242
23 96 853
23 97 701
23 98 316
23 99 636
24 0 297
24 1 431
24 2 796
24 3 634
24 4 229
24 5 98
24 6 864
24 7 965
24 8 228
24 9 154
24 10 649
24 11 363
24 12 249
24 13 338
24 14 373
24 15 803
24 16 900
24 17 710
24 18 20
24 19 903
24 20 87
24 21 210
24 22 717
24 23 958
24 25 315
24 26 453
24 27 550
24 28 551
24 29 381
24 30 231
24 31 61
24 32 552
24 33 286
24 34 484
24 35 530
24 36 243
24 37 210
24 38 64
24 39 659
24 40 286
24 41 551
24 42 143
24 43 189
24 44 619
24 45 705
24 46 989
24 47 306
24 48 545
24 49 941
24 50 382
24 51 109
24 52 224
24 53 421
24 54 406
24 55 870
24 56 298
24 57 220
24 58 45
24 59 211
24 60 972
24 61 563
24 62 927
24 63 230
24 64 543
24 65 410
24 66 263
24 67 702
24 68 328
24 69 640
24 70 450
24 71 388
24 72 422
24 73 50
24 74 853
24 75 876
24 76 361
24 77 997
24 78 248
24 79 815
24 80 524
24 81 701
24 82 278
24 83 15
24 84 231
24 85 959
24 86 627
24 87 203
24 88 42
24 89 573
24 90 15
24 91 199
24 92 18
24 93 167
24 94 519
24 95 834
24 96 949
24 97 385
24 98 699
24 99 561
25 0 971
25 1 35
25 2 579
25 3 873
25 4 179
25 5 417
25 6 896
25 7 496
25 8 217
25 9 876
25 10 336
25 11 806
25 12 279
25 13 718
25 14 974
25 15 33
25 16 1000
25 17 974
25 18 51
25 19 78
25 20 843
25 21 957
25 22 743
25 23 243
25 24 558
25 26 0
25 27 350
25 28 48
25 29 320
25 30 545
25 31 749
25 32 392
25 33 85
25 34 789
25 35 663
25 36 351
25 37 833
25 38 824
25 39 519
25 40 573
25 41 529
25 42 142
25 43 241
25 44 695
25 45 214
25 46 985
25 47 733
25 48 681
25 49 665
25 50 205
25 51 221
25 52 819
25 53 981
25 54 868
25 55 406
25 56 67
25 57 701
25 58 214
25 59 184
25 60 483
25 61 298
25 62 285
25 63 637
25 64 333
25 65 21
25 66 344
25 67 812
25 68 476
25 69 710
25 70 689
25 71 852
25 72 139
25 73 818
25 74 287
25 75 172
25 76 571
25 77 252
25 78 925
25 79 646
25 80 488
25 81 963
25 82 787
25 83 244
25 84 569
25 85 392
25 86 906
25 87 790
25 88 940
25 89 511
25 90 404
25 91 536
25 92 276
25 93 506
25 94 72
25 95 829
25 96 926
25 97 768
25 98 163
25 99 160
26 0 774
26 1 349
26 2 867
26 3 840
26 4 663
26 5 878
26 6 319
26 7 203
26 8 659
26 9 922
26 10 86
26 11 678
26 12 818
26 13 221
26 14 810
26 15 879
26 16 459
26 17 819
26 18 361
26 19 2
26 20 893
26 21 573
26 22 158
26 23 701
26 24 984
26 25 61
26 27 218
26 28 347
26 29 780
26 30 936
26 31 33
26 32 862
26 33 571
26 34 723
26 35 423
26 36 615
26 37 758
26 38 948
26 39 924
26 40 868
26 41 825
26 42 153
26 43 5
26 44 386
26 45 460
26 46 706
26 47 493
26 48 911
26 49 855
26 50 902
26 51 186
26 52 330
26 53 385
26 54 657
26 55 203
26 56 978
26 57 369
26 58 549
26 59 874
26 60 609
26 61 867
26 62 981
26 63 113
26 64 233
26 65 776
26 66 904
26 67 45
26 68 664
26 69 597
26 70 27
26 71 818
26 72 882
26 73 65
26 74 119
26 75 303
26 76 581
26 77 719
26 78 415
26 79 613
26 80 308
26 81 112
26 82 559
26 83 637
26 84 644
26 85 462
26 86 708
26 87 891
26 88 190
26 89 204
26 90 16
26 91 156
26 92 388
26 93 219
26 94 68
26 95 805
26 96 844
26 97 737
26 98 622
26 99 584
27 0 608
27 1 36
27 2 977
27 3 174
27 4 259
27 5 621
27 6 472
27 7 450
27 8 811
27 9 583
27 10 96
27 11 437
27 12 259
27 13 746
27 14 508
27 15 887
27 16 602
27 17 493
27 18 952
27 19 328
27 20 831
27 21 438
27 22 277
27 23 286
27 24 45
27 25 473
27 26 214
27 28 593
27 29 527
27 30 467
27 31 610
27 32 922
27 33 890
27 34 112
27 35 784
27 36 207
27 37 457
27 38 294
27 39 329
27 40 192
27 41 221
27 42 648
27 43 920
27 44 239
27 45 171
27 46 63
27 47 147
27 48 433
27 49 771
27 50 294
27 51 839
27 52 158
27 53 927
27 54 122
27 55 281
27 56 256
27 57 9
27 58 581
27 59 269
27 60 116
27 61 433
27 62 909
27 63 326
27 64 342
27 65 801
27 66 902
27 67 314
27 68 921
27 69 882
27 70 743
27 71 714
27 72 259
27 73 520
27 74 948
27 75 505
27 76 7
27 77 769
27 78 17
27 79 319
27 80 771
27 81 31
27 82 843
27 83 28
27 84 309
27 85 266
27 86 831
27 87 10
27 88 961
27 89 102
27 90 134
27 91 382
27 92 126
27 93 149
27 94 64
27 95 183
27 96 788
27 97 117
27 98 551
27 99 46
28 0 297
28 1 379
28 2 871
28 3 646
28 4 408
28 5 977
28 6 33
28 7 586
28 8 954
28 9 315
28 10 130
28 11 414
28 12 634
28 13 625
28 14 940
28 15 272
28 16 26
28 17 968
28 18 701
28 19 617
28 20 565
28 21 761
28 22 21
28 23 230
28 24 642
28 25 852
28 26 457
28 27 454
28 29 813
28 30 455
28 31 113
28 32 781
28 33 336
28 34 322
28 35 279
28 36 559
28 37 216
28 38 361
28 39 462
28 40 10
28 41 697
28 42 127
28 43 534
28 44 278
28 45 5
28 46 872
28 47 934
28 48 854
28 49 540
28 50 959
28 51 67
28 52 909
28 53 537
28 54 289
28 55 545
28 56 196
28 57 104
28 58 903
28 59 595
28 60 433
28 61 138
28 62 938
28 63 162
28 64 932
28 65 249
28 66 875
28 67 254
28 68 998
28 69 479
28 70 314
28 71 166
28 72 14
28 73 29
28 74 26
28 75 640
28 76 257
28 77 558
28 78 66
28 79 133
28 80 998
28 81 420
28 82 618
28 83 443
28 84 228
28 85 988
28 86 690
28 87 862
28 88 11
28 89 965
28 90 228
28 91 70
28 92 279
28 93 742
28 94 385
28 95 368
28 96 501
28 97 284
28 98 334
28 99 882
29 0 111
29 1 109
29 2 474
29 3 385
29 4 212
29 5 705
29 6 960
29 7 123
29 8 583
29 9 984
29 10 686
29 11 39
29 12 590
29 13 122
29 14 610
29 15 916
29 16 53
29 17 744
29 18 497
29 19 502
29 20 199
29 21 308
29 22 845
29 23 180
29 24 272
29 25 639
29 26 39
29 27 134
29 28 215
29 30 739
29 31 238
29 32 881
29 33 159
29 34 420
29 35 959
29 36 631
29 37 481
29 38 100
29 39 482
29 40 162
29 41 414
29 42 666
29 43 528
29 44 340
29 45 553
29 46 830
29 47 488
29 48 706
29 49 175
29 50 655
29 51 664
29 52 670
29 53 425
29 54 442
29 55 782
29 56 746
29 57 890
29 58 338
29 59 728
29 60 627
29 61 654
29 62 366
29 63 365
29 64 817
29 65 702
29 66 959
29 67 9
29 68 77
29 69 589
29 70 50
29 71 119
29 72 779
29 73 34
29 74 123
29 75 748
29 76 55
29 77 891
29 78 339
29 79 119
29 80 624
29 81 853
29 82 535
29 83 126
29 84 779
29 85 881
29 86 566
29 87 491
29 88 577
29 89 601
29 90 831
29 91 734
29 92 842
29 93 729
29 94 728
29 95 476
29 96 786
29 97 805
29 98 356
29 99 161
30 0 856
30 1 857
30 2 533
30 3 88
30 4 772
30 5 285
30 6 331
30 7 312
30 8 217
30 9 356
30 10 551
30 11 186
30 12 792
30 13 43
30 14 938
30 15 866
30 16 891
30 17 863
30 18 888
30 19 960
30 20 499
30 21 51
30 22 891
30 23 832
30 24 487
30 25 841
30 26 559
30 27 51
30 28 973
30 29 848
30 31 790
30 32 953
30 33 733
30 34 504
30 35 170
30 36 761
30 37 595
30 38 951
30 39 278
30 40 841
30 41 27
30 42 175
30 43 680
30 44 220
30 45 467
30 46 482
30 47 689
30 48 468
30 49 315
30 50 838
30 51 390
30 52 258
30 53 886
30 54 457
30 55 392
30 56 645
30 57 771
30 58 418
30 59 341
30 60 931
30 61 607
30 62 715
30 63 920
30 64 618
30 65 279
30 66 368
30 67 570
30 68 922
30 69 300
30 70 782
30 71 657
30 72 654
30 73 102
30 74 638
30 75 512
30 76 749
30 77 31
30 78 207
30 79 337
30 80 585
30 81 654
30 82 721
30 83 272
30 84 453
30 85 586
30 86 644
30 87 230
30 88 665
30 89 938
30 90 87
30 91 328
30 92 11
30 93 64
30 94 584
30 95 436
30 96 458
30 97 423
30 98 60
30 99 717
31 0 775
31 1 707
31 2 811
31 3 500
31 4 359
31 5 952
31 6 785
31 7 233
31 8 981
31 9 377
31 10 447
31 11 87
31 12 697
31 13 859
31 14 373
31 15 121
31 16 588
31 17 938
31 18 325
31 19 565
31 20 630
31 21 797
31 22 45
31 23 769
31 24 940
31 25 775
31 26 842
31 27 410
31 28 138
31 29 1
31 30 230
31 32 830
31 33 781
31 34 113
31 35 249
31 36 533
31 37 766
31 38 680
31 39 665
31 40 945
31 41 896
31 42 347
31 43 219
31 44 476
31 45 152
31 46 78
31 47 364
31 48 61
31 49 224
31 50 540
31 51 538
31 52 309
31 53 801
31 54 927
31 55 439
31 56 726
31 57 20
31 58 255
31 59 787
31 60 759
31 61 701
31 62 76
31 63 388
31 64 580
31 65 478
31 66 940
31 67 918
31 68 562
31 69 59
31 70 260
31 71 568
31 72 237
31 73 913
31 74 229
31 75 663
31 76 974
31 77 105
31 78 39
31 79 165
31 80 565
31 81 154
31 82 277
31 83 674
31 84 221
31 85 565
31 86 836
31 87 994
31 88 923
31 89 766
31 90 881
31 91 474
31 92 841
31 93 21
31 94 588
31 95 310
31 96 227
31 97 769
31 98 832
31 99 324
32 0 466
32 1 766
32 2 548
32 3 994
32 4 206
32 5 795
32 6 986
32 7 925
32 8 726
32 9 931
32 10 948
32 11 60
32 12 570
32 13 965
32 14 616
32 15 807
32 16 646
32 17 79
32 18 841
32 19 888
32 20 924
32 21 683
32 22 175
32 23 417
32 24 768
32 25 766
32 26 408
32 27 113
32 28 348
32 29 530
32 30 191
32 31 118
32 33 880
32 34 429
32 35 758
32 36 872
32 37 525
32 38 446
32 39 500
32 40 235
32 41 361
32 42 187
32 43 222
32 44 163
32 45 39
32 46 36
32 47 606
32 48 662
32 49 756
32 50 144
32 51 33
32 52 689
32 53 144
32 54 193
32 55 513
32 56 283
32 57 926
32 58 902
32 59 507
32 60 106
32 61 180
32 62 394
32 63 534
32 64 523
32 65 844
32 66 88
32 67 498
32 68 963
32 69 700
32 70 257
32 71 41
32 72 816
32 73 127
32 74 766
32 75 850
32 76 864
32 77 397
32 78 940
32 79 628
32 80 591
32 81 591
32 82 81
32 83 468
32 84 784
32 85 453
32 86 407
32 87 820
32 88 159
32 89 366
32 90 471
32 91 36
32 92 393
32 93 504
32 94 701
32 95 375
32 96 552
32 97 445
32 98 809
32 99 859
33 0 947
33 1 242
33 2 137
33 3 157
33 4 895
33 5 467
33 6 45
33 7 911
33 8 330
33 9 397
33 10 897
33 11 861
33 12 407
33 13 105
33 14 300
33 15 879
33 16 600
33 17 874
33 18 566
33 19 190
33 20 506
33 21 417
33 22 277
33 23 413
33 24 533
33 25 506
33 26 440
33 27 804
33 28 631
33 29 25
33 30 457
33 31 15
33 32 45
33 34 526
33 35 714
33 36 683
33 37 336
33 38 762
33 39 522
33 40 274
33 41 403
33 42 568
33 43 749
33 44 615
33 45 698
33 46 764
33 47 116
33 48 222
33 49 562
33 50 318
33 51 397
33 52 210
33 53 322
33 54 877
33 55 188
33 56 632
33 57 517
33 58 838
33 59 143
33 60 329
33 61 779
33 62 368
33 63 468
33 64 330
33 65 55
33 66 47
33 67 566
33 68 96
33 69 0
33 70 730
33 71 734
33 72 233
33 73 676
33 74 780
33 75 381
33 76 455
33 77 992
33 78 692
33 79 565
33 80 225
33 81 880
33 82 526
33 83 585
33 84 464
33 85 812
33 86 766
33 87 539
33 88 434
33 89 380
33 90 61
33 91 34
33 92 501
33 93 632
33 94 89
33 95 135
33 96 139
33 97 214
33 98 167
33 99 381
34 0 866
34 1 832
34 2 747
34 3 218
34 4 345
34 5 818
34 6 655
34 7 461
34 8 931
34 9 957
34 10 435
34 11 657
34 12 603
34 13 390
34 14 269
34 15 383
34 16 36
34 17 859
34 18 30
34 19 200
34 20 792
34 21 296
34 22 435
34 23 185
34 24 325
34 25 363
34 26 71
34 27 221
34 28 238
34 29 645
34 30 933
34 31 424
34 32 197
34 33 569
34 35 593
34 36 924
34 37 400
34 38 63
34 39 669
34 40 34
34 41 992
34 42 759
34 43 543
34 44 9
34 45 895
34 46 324
34 47 116
34 48 914
34 49 273
34 50 491
34 51 997
34 52 777
34 53 854
34 54 926
34 55 144
34 56 312
34 57 335
34 58 783
34 59 317
34 60 313
34 61 612
34 62 404
34 63 857
34 64 450
34 65 152
34 66 788
34 67 336
34 68 627
34 69 294
34 70 639
34 71 913
34 72 219
34 73 867
34 74 649
34 75 471
34 76 621
34 77 128
34 78 3
34 79 171
34 80 725
34 81 733
34 82 612
34 83 92
34 84 63
34 85 912
34 86 198
34 87 909
34 88 41
34 89 605
34 90 272
34 91 50
34 92 906
34 93 962
34 94 789
34 95 919
34 96 398
34 97 917
34 98 100
34 99 194
35 0 772
35 1 88
35 2 838
35 3 426
35 4 39
35 5 649
35 6 889
35 7 90
35 8 30
35 9 30
35 10 272
35 11 810
35 12 489
35 13 807
35 14 552
35 15 21
35 16 428
35 17 19
35 18 201
35 19 312
35 20 529
35 21 952
35 22 186
35 23 702
35 24 724
35 25 562
35 26 597
35 27 879
35 28 934
35 29 143
35 30 955
35 31 408
35 32 645
35 33 273
35 34 863
35 36 20
35 37 828
35 38 382
35 39 826
35 40 62
35 41 660
35 42 621
35 43 508
35 44 755
35 45 400
35 46 182
35 47 833
35 48 47
35 49 313
35 50 183
35 51 939
35 52 139
35 53 797
35 54 487
35 55 49
35 56 349
35 57 880
35 58 506
35 59 494
35 60 57
35 61 745
35 62 990
35 63 162
35 64 672
35 65 168
35 66 44
35 67 964
35 68 776
35 69 67
35 70 75
35 71 551
35 72 357
35 73 224
35 74 864
35 75 88
35 76 463
35 77 62
35 78 351
35 79 660
35 80 148
35 81 360
35 82 485
35 83 992
35 84 523
35 85 143
35 86 738
35 87 312
35 88 167
35 89 817
35 90 69
35 91 133
35 92 937
35 93 831
35 94 582
35 95 393
35 96 751
35 97 99
35 98 896
35 99 912
36 0 818
36 1 560
36 2 428
36 3 678
36 4 260
36 5 952
36 6 342
36 7 637
36 8 221
36 9 778
36 10 778
36 11 291
36 12 796
36 13 183
36 14 474
36 15 795
36 16 995
36 17 660
36 18 241
36 19 220
36 20 619
36 21 23
36 22 216
36 23 610
36 24 529
36 25 565
36 26 65
36 27 538
36 28 110
36 29 504
36 30 77
36 31 37
36 32 470
36 33 529
36 34 548
36 35 849
36 37 747
36 38 417
36 39 643
36 40 227
36 41 273
36 42 225
36 43 24
36 44 757
36 45 336
36 46 615
36 47 64
36 48 217
36 49 267
36 50 173
36 51 621
36 52 121
36 53 569
36 54 421
36 55 124
36 56 295
36 57 289
36 58 568
36 59 999
36 60 578
36 61 345
36 62 769
36 63 84
36 64 453
36 65 983
36 66 500
36 67 662
36 68 646
36 69 79
36 70 516
36 71 275
36 72 576
36 73 280
36 74 660
36 75 886
36 76 651
36 77 873
36 78 493
36 79 240
36 80 794
36 81 918
36 82 108
36 83 620
36 84 431
36 85 343
36 86 199
36 87 802
36 88 325
36 89 239
36 90 442
36 91 545
36 92 304
36 93 880
36 94 776
36 95 423
36 96 945
36 97 200
36 98 244
36 99 426
37 0 121
37 1 301
37 2 164
37 3 880
37 4 785
37 5 994
37 6 676
37 7 671
37 8 865
37 9 742
37 10 547
37 11 294
37 12 914
37 13 451
37 14 288
37 15 928
37 16 702
37 17 716
37 18 276
37 19 616
37 20 171
37 21 228
37 22 736
37 23 353
37 24 720
37 25 660
37 26 300
37 27 75
37 28 943
37 29 499
37 30 155
37 31 751
37 32 208
37 33 587
37 34 709
37 35 801
37 36 536
37 38 927
37 39 791
37 40 922
37 41 947
37 42 707
37 43 134
37 44 265
37 45 490
37 46 409
37 47 173
37 48 921
37 49 256
37 50 630
37 51 181
37 52 726
37 53 436
37 54 896
37 55 131
37 56 394
37 57 465
37 58 37
37 59 680
37 60 217
37 61 206
37 62 639
37 63 83
37 64 481
37 65 55
37 66 379
37 67 409
37 68 461
37 69 922
37 70 709
37 71 984
37 72 707
37 73 937
37 74 325
37 75 544
37 76 623
37 77 130
37 78 888
37 79 15
37 80 452
37 81 266
37 82 19
37 83 201
37 84 858
37 85 813
37 86 893
37 87 451
37 88 838
37 89 584
37 90 907
37 91 411
37 92 916
37 93 609
37 94 375
37 95 975
37 96 310
37 97 827
37 98 722
37 99 61
38 0 360
38 1 344
38 2 857
38 3 118
38 4 562
38 5 58
38 6 769
38 7 545
38 8 406
38 9 393
38 10 242
38 11 672
38 12 391
38 13 75
38 14 965
38 15 675
38 16 497
38 17 842
38 18 637
38 19 352
38 20 930
38 21 218
38 22 388
38 23 400
38 24 476
38 25 261
38 26 894
38 27 486
38 28 731
38 29 389
38 30 59
38 31 571
38 32 231
38 33 458
38 34 739
38 35 760
38 36 991
38 37 964
38 39 560
38 40 285
38 41 225
38 42 130
38 43 746
38 44 83
38 45 498
38 46 731
38 47 260
38 48 914
38 49 980
38 50 623
38 51 220
38 52 231
38 53 545
38 54 502
38 55 512
38 56 271
38 57 218
38 58 513
38 59 850
38 60 706
38 61 280
38 62 795
38 63 220
38 64 829
38 65 465
38 66 78
38 67 644
38 68 843
38 69 390
38 70 894
38 71 196
38 72 696
38 73 112
38 74 676
38 75 577
38 76 994
38 77 281
38 78 107
38 79 272
38 80 67
38 81 343
38 82 28
38 83 867
38 84 864
38 85 494
38 86 26
38 87 58
38 88 703
38 89 683
38 90 883
38 91 905
38 92 103
38 93 515
38 94 740
38 95 718
38 96 251
38 97 115
38 98 926
38 99 228
39 0 948
39 1 721
39 2 103
39 3 763
39 4 731
39 5 759
39 6 676
39 7 626
39 8 93
39 9 878
39 10 506
39 11 924
39 12 776
39 13 952
39 14 808
39 15 804
39 16 668
39 17 787
39 18 283
39 19 863
39 20 701
39 21 15
39 22 235
39 23 509
39 24 346
39 25 602
39 26 735
39 27 562
39 28 31
39 29 228
39 30 355
39 31 883
39 32 15
39 33 483
39 34 585
39 35 32
39 36 60
39 37 650
39 38 351
39 40 420
39 41 239
39 42 139
39 43 949
39 44 556
39 45 959
39 46 112
39 47 582
39 48 762
39 49 353
39 50 416
39 51 159
39 52 370
39 53 800
39 54 606
39 55 222
39 56 570
39 57 435
39 58 718
39 59 790
39 60 235
39 61 232
39 62 154
39 63 948
39 64 284
39 65 860
39 66 618
39 67 712
39 68 892
39 69 226
39 70 139
39 71 566
39 72 560
39 73 347
39 74 655
39 75 117
39 76 142
39 77 820
39 78 692
39 79 976
39 80 222
39 81 722
39 82 376
39 83 598
39 84 186
39 85 576
39 86 275
39 87 636
39 88 839
39 89 796
39 90 129
39 91 581
39 92 414
39 93 600
39 94 500
39 95 19
39 96 511
39 97 899
39 98 639
39 99 730
40 0 406
40 1 963
40 2 788
40 3 108
40 4 663
40 5 691
40 6 850
40 7 163
40 8 273
40 9 397
40 10 615
40 11 967
40 12 66
40 13 319
40 14 641
40 15 202
40 16 86
40 17 817
40 18 155
40 19 734
40 20 773
40 21 699
40 22 57
40 23 213
40 24 545
40 25 441
40 26 385
40 27 119
40 28 969
40 29 451
40 30 803
40 31 560
40 32 105
40 33 883
40 34 533
40 35 842
40 36 110
40 37 453
40 38 827
40 39 746
40 41 517
40 42 92
40 43 666
40 44 140
40 45 674
40 46 719
40 47 671
40 48 550
40 49 283
40 50 56
40 51 957
40 52 477
40 53 14
40 54 190
40 55 992
40 56 333
40 57 859
40 58 742
40 59 83
40 60 331
40 61 542
40 62 336
40 63 685
40 64 716
40 65 844
40 66 278
40 67 658
40 68 302
40 69 438
40 70 806
40 71 90
40 72 480
40 73 567
40 74 357
40 75 578
40 76 729
40 77 289
40 78 339
40 79 399
40 80 756
40 81 822
40 82 944
40 83 699
40 84 449
40 85 444
40 86 760
40 87 524
40 88 28
40 89 409
40 90 705
40 91 605
40 92 316
40 93 920
40 94 507
40 95 959
40 96 382
40 97 421
40 98 595
40 99 116
41 0 766
41 1 874
41 2 583
41 3 985
41 4 977
41 5 749
41 6 65
41 7 366
41 8 267
41 9 895
41 10 56
41 11 577
41 12 240
41 13 207
41 14 849
41 15 18
41 16 415
41 17 234
41 18 61
41 19 844
41 20 450
41 21 865
41 22 243
41 23 45
41 24 476
41 25 910
41 26 201
41 27 234
41 28 634
41 29 851
41 30 811
41 31 942
41 32 335
41 33 517
41 34 718
41 35 667
41 36 690
41 37 195
41 38 305
41 39 262
41 40 625
41 42 554
41 43 302
41 44 990
41 45 151
41 46 666
41 47 572
41 48 180
41 49 501
41 50 186
41 51 457
41 52 759
41 53 628
41 54 83
41 55 787
41 56 557
41 57 466
41 58 19
41 59 831
41 60 778
41 61 76
41 62 602
41 63 310
41 64 738
41 65 555
41 66 514
41 67 634
41 68 497
41 69 785
41 70 173
41 71 81
41 72 319
41 73 97
41 74 362
41 75 435
41 76 111
41 77 912
41 78 848
41 79 272
41 80 78
41 81 54
41 82 423
41 83 810
41 84 95
41 85 800
41 86 639
41 87 685
41 88 893
41 89 557
41 90 472
41 91 139
41 92 76
41 93 56
41 94 284
41 95 924
41 96 857
41 97 124
41 98 824
41 99 464
42 0 231
42 1 39
42 2 844
42 3 145
42 4 735
42 5 840
42 6 177
42 7 678
42 8 995
42 9 972
42 10 696
42 11 479
42 12 243
42 13 42
42 14 446
42 15 189
42 16 633
42 17 296
42 18 391
42 19 307
42 20 383
42 21 285
42 22 730
42 23 485
42 24 869
42 25 298
42 26 406
42 27 847
42 28 942
42 29 525
42 30 130
42 31 939
42 32 555
42 33 972
42 34 762
42 35 114
42 36 890
42 37 96
42 38 976
42 39 784
42 40 932
42 41 668
42 43 593
42 44 537
42 45 950
42 46 724
42 47 126
42 48 468
42 49 529
42 50 599
42 51 843
42 52 638
42 53 451
42 54 725
42 55 643
42 56 94
42 57 146
42 58 200
42 59 360
42 60 400
42 61 912
42 62 890
42 63 561
42 64 374
42 65 895
42 66 671
42 67 279
42 68 736
42 69 690
42 70 801
42 71 249
42 72 483
42 73 591
42 74 561
42 75 105
42 76 968
42 77 959
42 78 229
42 79 700
42 80 96
42 81 21
42 82 376
42 83 768
42 84 976
42 85 811
42 86 686
42 87 471
42 88 381
42 89 0
42 90 929
42 91 485
42 92 647
42 93 63
42 94 170
42 95 646
42 96 239
42 97 588
42 98 797
42 99 277
43 0 57
43 1 686
43 2 122
43 3 914
43 4 363
43 5 493
43 6 792
43 7 52
43 8 16
43 9 586
43 10 985
43 11 357
43 12 322
43 13 761
43 14 582
43 15 647
43 16 172
43 17 712
43 18 128
43 19 13
43 20 347
43 21 338
43 22 638
43 23 261
43 24 618
43 25 844
43 26 832
43 27 535
43 28 163
43 29 266
43 30 388
43 31 969
43 32 434
43 33 57
43 34 752
43 35 127
43 36 943
43 37 642
43 38 943
43 39 321
43 40 148
43 41 971
43 42 430
43 44 159
43 45 100
43 46 803
43 47 446
43 48 989
43 49 224
43 50 129
43 51 964
43 52 289
43 53 407
43 54 116
43 55 139
43 56 660
43 57 734
43 58 322
43 59 660
43 60 257
43 61 974
43 62 169
43 63 447
43 64 809
43 65 696
43 66 71
43 67 588
43 68 770
43 69 904
43 70 872
43 71 709
43 72 562
43 73 972
43 74 927
43 75 431
43 76 448
43 77 931
43 78 56
43 79 936
43 80 420
43 81 14
43 82 595
43 83 234
43 84 598
43 85 919
43 86 572
43 87 689
43 88 425
43 89 944
43 90 337
43 91 923
43 92 189
43 93 151
43 94 337
43 95 249
43 96 262
43 97 982
43 98 841
43 99 939
44 0 178
44 1 613
44 2 798
44 3 639
44 4 319
44 5 193
44 6 279
44 7 234
44 8 810
44 9 611
44 10 644
44 11 854
44 12 314
44 13 1000
44 14 808
44 15 204
44 16 604
44 17 866
44 18 352
44 19 325
44 20 187
44 21 726
44 22 618
44 23 855
44 24 528
44 25 952
44 26 648
44 27 84
44 28 841
44 29 567
44 30 131
44 31 985
44 32 49
44 33 414
44 34 595
44 35 185
44 36 125
44 37 248
44 38 803
44 39 325
44 40 30
44 41 176
44 42 732
44 43 400
44 45 245
44 46 120
44 47 169
44 48 414
44 49 447
44 50 401
44 51 858
44 52 292
44 53 171
44 54 282
44 55 160
44 56 599
44 57 268
44 58 908
44 59 746
44 60 730
44 61 691
44 62 781
44 63 97
44 64 868
44 65 935
44 66 579
44 67 390
44 68 872
44 69 282
44 70 788
44 71 957
44 72 792
44 73 410
44 74 813
44 75 21
44 76 184
44 77 563
44 78 963
44 79 568
44 80 223
44 81 683
44 82 196
44 83 306
44 84 110
44 85 230
44 86 853
44 87 190
44 88 73
44 89 348
44 90 831
44 91 53
44 92 567
44 93 488
44 94 870
44 95 921
44 96 804
44 97 576
44 98 728
44 99 792
45 0 875
45 1 707
45 2 153
45 3 528
45 4 878
45 5 920
45 6 187
45 7 758
45 8 978
45 9 196
45 10 170
45 11 262
45 12 741
45 13 804
45 14 357
45 15 782
45 16 241
45 17 722
45 18 808
45 19 21
45 20 696
45 21 179
45 22 420
45 23 155
45 24 326
45 25 882
45 26 875
45 27 609
45 28 326
45 29 965
45 30 990
45 31 727
45 32 376
45 33 131
45 34 617
45 35 387
45 36 348
45 37 849
45 38 248
45 39 869
45 40 717
45 41 118
45 42 272
45 43 823
45 44 844
45 46 790
45 47 603
45 48 590
45 49 293
45 50 369
45 51 263
45 52 802
45 53 137
45 54 413
45 55 679
45 56 759
45 57 258
45 58 508
45 59 904
45 60 161
45 61 50
45 62 759
45 63 205
45 64 15
45 65 98
45 66 588
45 67 37
45 68 674
45 69 271
45 70 768
45 71 77
45 72 719
45 73 221
45 74 17
45 75 544
45 76 59
45 77 467
45 78 895
45 79 1
45 80 713
45 81 674
45 82 420
45 83 762
45 84 195
45 85 409
45 86 214
45 87 755
45 88 389
45 89 36
45 90 986
45 91 896
45 92 334
45 93 824
45 94 691
45 95 629
45 96 932
45 97 481
45 98 873
45 99 756
46 0 781
46 1 3
46 2 499
46 3 410
46 4 228
46 5 677
46 6 923
46 7 995
46 8 500
46 9 231
46 10 81
46 11 928
46 12 410
46 13 757
46 14 409
46 15 868
46 16 674
46 17 294
46 18 982
46 19 788
46 20 207
46 21 474
46 22 393
46 23 316
46 24 976
46 25 741
46 26 17
46 27 882
46 28 494
46 29 398
46 30 618
46 31 453
46 32 698
46 33 870
46 34 136
46 35 49
46 36 258
46 37 627
46 38 258
46 39 999
46 40 505
46 41 799
46 42 773
46 43 502
46 44 857
46 45 400
46 47 38
46 48 829
46 49 430
46 50 831
46 51 271
46 52 904
46 53 100
46 54 570
46 55 146
46 56 221
46 57 585
46 58 232
46 59 914
46 60 991
46 61 939
46 62 640
46 63 858
46 64 998
46 65 801
46 66 968
46 67 815
46 68 892
46 69 957
46 70 891
46 71 166
46 72 911
46 73 474
46 74 370
46 75 561
46 76 690
46 77 604
46 78 338
46 79 95
46 80 732
46 81 123
46 82 310
46 83 64
46 84 773
46 85 857
46 86 299
46 87 47
46 88 856
46 89 311
46 90 728
46 91 559
46 92 673
46 93 132
46 94 958
46 95 508
46 96 583
46 97 887
46 98 75
46 99 491
47 0 621
47 1 453
47 2 339
47 3 447
47 4 892
47 5 2
47 6 781
47 7 892
47 8 585
47 9 299
47 10 626
47 11 76
47 12 741
47 13 15
47 14 59
47 15 632
47 16 463
47 17 154
47 18 716
47 19 911
47 20 318
47 21 592
47 22 197
47 23 531
47 24 780
47 25 387
47 26 743
47 27 834
47 28 635
47 29 774
47 30 283
47 31 113
47 32 273
47 33 714
47 34 697
47 35 195
47 36 915
47 37 456
47 38 339
47 39 724
47 40 61
47 41 544
47 42 829
47 43 386
47 44 900
47 45 576
47 46 671
47 48 302
47 49 819
47 50 568
47 51 662
47 52 682
47 53 760
47 54 613
47 55 806
47 56 614
47 57 701
47 58 170
47 59 316
47 60 829
47 61 921
47 62 374
47 63 449
47 64 230
47 65 275
47 66 507
47 67 956
47 68 819
47 69 307
47 70 694
47 71 624
47 72 951
47 73 747
47 74 351
47 75 663
47 76 291
47 77 680
47 78 733
47 79 405
47 80 719
47 81 473
47 82 151
47 83 46
47 84 522
47 85 515
47 86 659
47 87 926
47 88 727
47 89 898
47 90 905
47 91 337
47 92 664
47 93 562
47 94 243
47 95 341
47 96 817
47 97 213
47 98 16
47 99 236
48 0 418
48 1 172
48 2 19
48 3 524
48 4 87
48 5 639
48 6 897
48 7 434
48 8 39
48 9 743
48 10 646
48 11 676
48 12 421
48 13 525
48 14 581
48 15 429
48 16 657
48 17 579
48 18 127
48 19 383
48 20 201
48 21 71
48 22 678
48 23 277
48 24 392
48 25 867
48 26 206
48 27 272
48 28 819
48 29 485
48 30 820
48 31 498
48 32 286
48 33 157
48 34 235
48 35 667
48 36 173
48 37 718
48 38 817
48 39 361
48 40 419
48 41 789
48 42 494
48 43 52
48 44 735
48 45 733
48 46 507
48 47 113
48 49 317
48 50 830
48 51 530
48 52 379
48 53 537
48 54 822
48 55 666
48 56 71
48 57 62
48 58 394
48 59 479
48 60 844
48 61 559
48 62 968
48 63 793
48 64 779
48 65 363
48 66 550
48 67 676
48 68 462
48 69 779
48 70 330
48 71 322
48 72 582
48 73 602
48 74 250
48 75 118
48 76 865
48 77 175
48 78 855
48 79 851
48 80 706
48 81 471
48 82 318
48 83 746
48 84 262
48 85 569
48 86 555
48 87 863
48 88 725
48 89 178
48 90 916
48 91 38
48 92 365
48 93 163
48 94 331
48 95 44
48 96 144
48 97 907
48 98 733
48 99 959
49 0 156
49 1 18
49 2 244
49 3 947
49 4 286
49 5 204
49 6 726
49 7 803
49 8 889
49 9 858
49 10 513
49 11 665
49 12 241
49 13 627
49 14 338
49 15 704
49 16 647
49 17 130
49 18 32
49 19 722
49 20 66
49 21 540
49 22 379
49 23 780
49 24 373
49 25 781
49 26 129
49 27 50
49 28 491
49 29 280
49 30 750
49 31 287
49 32 249
49 33 840
49 34 658
49 35 750
49 36 653
49 37 362
49 38 653
49 39 647
49 40 29
49 41 241
49 42 195
49 43 80
49 44 275
49 45 914
49 46 298
49 47 141
49 48 971
49 50 555
49 51 613
49 52 36
49 53 142
49 54 267
49 55 699
49 56 803
49 57 587
49 58 52
49 59 402
49 60 309
49 61 636
49 62 231
49 63 135
49 64 39
49 65 235
49 66 41
49 67 521
49 68 428
49 69 590
49 70 503
49 71 443
49 72 641
49 73 189
49 74 727
49 75 173
49 76 199
49 77 540
49 78 24
49 79 761
49 80 756
49 81 569
49 82 279
49 83 98
49 84 833
49 85 404
49 86 612
49 87 483
49 88 688
49 89 185
49 90 503
49 91 922
49 92 233
49 93 548
49 94 857
49 95 594
49 96 63
49 97 919
49 98 244
49 99 108
50 0 344
50 1 855
50 2 944
50 3 798
50 4 660
50 5 501
50 6 93
50 7 29
50 8 945
50 9 568
50 10 471
50 11 277
50 12 801
50 13 790
50 14 18
50 15 475
50 16 961
50 17 740
50 18 383
50 19 646
50 20 815
50 21 529
50 22 218
50 23 340
50 24 20
50 25 318
50 26 503
50 27 330
50 28 637
50 29 847
50 30 149
50 31 321
50 32 25
50 33 521
50 34 327
50 35 885
50 36 166
50 37 78
50 38 71
50 39 398
50 40 964
50 41 958
50 42 788
50 43 503
50 44 239
50 45 285
50 46 847
50 47 964
50 48 867
50 49 3
50 51 981
50 52 908
50 53 996
50 54 932
50 55 356
50 56 85
50 57 786
50 58 367
50 59 807
50 60 204
50 61 649
50 62 329
50 63 913
50 64 255
50 65 775
50 66 617
50 67 296
50 68 34
50 69 426
50 70 653
50 71 154
50 72 8
50 73 465
50 74 886
50 75 854
50 76 533
50 77 855
50 78 525
50 79 819
50 80 355
50 81 594
50 82 495
50 83 968
50 84 490
50 85 821
50 86 895
50 87 665
50 88 625
50 89 342
50 90 26
50 91 939
50 92 639
50 93 953
50 94 385
50 95 207
50 96 894
50 97 450
50 98 128
50 99 482
51 0 716
51 1 239
51 2 793
51 3 653
51 4 155
51 5 204
51 6 652
51 7 683
51 8 819
51 9 397
51 10 767
51 11 310
51 12 757
51 13 920
51 14 936
51 15 194
51 16 453
51 17 506
51 18 811
51 19 356
51 20 627
51 21 275
51 22 443
51 23 800
51 24 298
51 25 350
51 26 701
51 27 821
51 28 220
51 29 166
51 30 873
51 31 765
51 32 275
51 33 214
51 34 109
51 35 543
51 36 150
51 37 123
51 38 722
51 39 600
51 40 388
51 41 530
51 42 81
51 43 253
51 44 904
51 45 689
51 46 882
51 47 635
51 48 420
51 49 887
51 50 105
51 52 648
51 53 40
51 54 491
51 55 411
51 56 76
51 57 422
51 58 60
51 59 29
51 60 5
51 61 900
51 62 536
51 63 81
51 64 410
51 65 718
51 66 553
51 67 207
51 68 753
51 69 35
51 70 392
51 71 682
51 72 364
51 73 685
51 74 293
51 75 179
51 76 391
51 77 719
51 78 46
51 79 897
51 80 996
51 81 773
51 82 773
51 83 260
51 84 18
51 85 743
51 86 371
51 87 726
51 88 482
51 89 756
51 90 692
51 91 801
51 92 313
51 93 732
51 94 214
51 95 820
51 96 368
51 97 802
51 98 844
51 99 712
52 0 618
52 1 158
52 2 148
52 3 102
52 4 46
52 5 966
52 6 268
52 7 483
52 8 432
52 9 226
52 10 669
52 11 382
52 12 759
52 13 278
52 14 180
52 15 919
52 16 648
52 17 229
52 18 207
52 19 912
52 20 479
52 21 289
52 22 762
52 23 913
52 24 390
52 25 529
52 26 386
52 27 507
52 28 964
52 29 0
52 30 459
52 31 160
52 32 936
52 33 624
52 34 690
52 35 419
52 36 95
52 37 899
52 38 658
52 39 15
52 40 228
52 41 679
52 42 262
52 43 217
52 44 646
52 45 342
52 46 441
52 47 462
52 48 987
52 49 460
52 50 733
52 51 836
52 53 799
52 54 883
52 55 752
52 56 494
52 57 376
52 58 447
52 59 667
52 60 176
52 61 472
52 62 950
52 63 414
52 64 248
52 65 88
52 66 658
52 67 253
52 68 255
52 69 226
52 70 560
52 71 754
52 72 857
52 73 375
52 74 825
52 75 530
52 76 549
52 77 738
52 78 99
52 79 77
52 80 732
52 81 308
52 82 513
52 83 264
52 84 984
52 85 549
52 86 209
52 87 829
52 88 934
52 89 348
52 90 104
52 91 454
52 92 676
52 93 939
52 94 805
52 95 402
52 96 406
52 97 334
52 98 363
52 99 650
53 0 920
53 1 376
53 2 617
53 3 825
53 4 665
53 5 722
53 6 413
53 7 925
53 8 227
53 9 979
53 10 116
53 11 829
53 12 958
53 13 995
53 14 66
53 15 627
53 16 201
53 17 408
53 18 566
53 19 313
53 20 481
53 21 671
53 22 546
53 23 691
53 24 72
53 25 1000
53 26 414
53 27 982
53 28 88
53 29 341
53 30 6
53 31 353
53 32 287
53 33 692
53 34 899
53 35 420
53 36 66
53 37 455
53 38 308
53 39 83
53 40 639
53 41 308
53 42 321
53 43 341
53 44 656
53 45 327
53 46 424
53 47 493
53 48 887
53 49 886
53 50 679
53 51 740
53 52 533
53 54 744
53 55 536
53 56 415
53 57 444
53 58 356
53 59 93
53 60 352
53 61 511
53 62 968
53 63 958
53 64 340
53 65 848
53 66 698
53 67 36
53 68 960
53 69 469
53 70 324
53 71 55
53 72 488
53 73 593
53 74 479
53 75 482
53 76 303
53 77 461
53 78 73
53 79 82
53 80 931
53 81 460
53 82 679
53 83 811
53 84 956
53 85 944
53 86 607
53 87 696
53 88 291
53 89 143
53 90 191
53 91 350
53 92 40
53 93 876
53 94 798
53 95 948
53 96 483
53 97 102
53 98 671
53 99 596
54 0 654
54 1 569
54 2 934
54 3 529
54 4 42
54 5 773
54 6 923
54 7 963
54 8 326
54 9 76
54 10 953
54 11 799
54 12 648
54 13 77
54 14 583
54 15 198
54 16 587
54 17 682
54 18 250
54 19 132
54 20 991
54 21 609
54 22 534
54 23 529
54 24 788
54 25 582
54 26 298
54 27 955
54 28 919
54 29 187
54 30 896
54 31 925
54 32 872
54 33 694
54 34 262
54 35 956
54 36 312
54 37 239
54 38 320
54 39 190
54 40 321
54 41 868
54 42 475
54 43 763
54 44 893
54 45 269
54 46 954
54 47 174
54 48 85
54 49 384
54 50 43
54 51 376
54 52 965
54 53 801
54 55 422
54 56 802
54 57 122
54 58 458
54 59 814
54 60 253
54 61 794
54 62 804
54 63 674
54 64 981
54 65 78
54 66 1
54 67 312
54 68 32
54 69 547
54 70 334
54 71 487
54 72 543
54 73 78
54 74 307
54 75 326
54 76 142
54 77 717
54 78 826
54 79 455
54 80 646
54 81 546
54 82 780
54 83 105
54 84 598
54 85 327
54 86 491
54 87 424
54 88 845
54 89 291
54 90 295
54 91 277
54 92 670
54 93 131
54 94 252
54 95 468
54 96 329
54 97 67
54 98 251
54 99 900
55 0 379
55 1 998
55 2 114
55 3 103
55 4 550
55 5 58
55 6 412
55 7 766
55 8 880
55 9 944
55 10 605
55 11 220
55 12 998
55 13 804
55 14 390
55 15 879
55 16 25
55 17 32
55 18 625
55 19 88
55 20 448
55 21 781
55 22 124
55 23 733
55 24 827
55 25 377
55 26 784
55 27 499
55 28 468
55 29 796
55 30 69
55 31 855
55 32 4
55 33 660
55 34 906
55 35 722
55 36 448
55 37 515
55 38 875
55 39 982
55 40 547
55 41 835
55 42 907
55 43 203
55 44 245
55 45 679
55 46 411
55 47 963
55 48 609
55 49 637
55 50 309
55 51 409
55 52 509
55 53 903
55 54 446
55 56 746
55 57 789
55 58 142
55 59 331
55 60 700
55 61 487
55 62 467
55 63 903
55 64 888
55 65 478
55 66 275
55 67 139
55 68 75
55 69 781
55 70 363
55 71 151
55 72 155
55 73 915
55 74 310
55 75 159
55 76 6
55 77 891
55 78 93
55 79 614
55 80 195
55 81 191
55 82 765
55 83 160
55 84 129
55 85 237
55 86 711
55 87 856
55 88 829
55 89 844
55 90 647
55 91 295
55 92 466
55 93 995
55 94 12
55 95 35
55 96 221
55 97 395
55 98 778
55 99 553
56 0 197
56 1 135
56 2 837
56 3 922
56 4 952
56 5 912
56 6 307
56 7 151
56 8 253
56 9 974
56 10 608
56 11 531
56 12 581
56 13 630
56 14 885
56 15 382
56 16 588
56 17 470
56 18 612
56 19 115
56 20 395
56 21 521
56 22 114
56 23 345
56 24 639
56 25 951
56 26 212
56 27 736
56 28 724
56 29 274
56 30 366
56 31 326
56 32 915
56 33 286
56 34 771
56 35 670
56 36 166
56 37 112
56 38 51
56 39 678
56 40 655
56 41 639
56 42 350
56 43 769
56 44 607
56 45 400
56 46 823
56 47 981
56 48 587
56 49 138
56 50 764
56 51 865
56 52 943
56 53 310
56 54 435
56 55 206
56 57 245
56 58 578
56 59 789
56 60 477
56 61 992
56 62 29
56 63 555
56 64 648
56 65 520
56 66 542
56 67 752
56 68 514
56 69 519
56 70 519
56 71 17
56 72 972
56 73 770
56 74 140
56 75 23
56 76 24
56 77 540
56 78 613
56 79 195
56 80 689
56 81 903
56 82 855
56 83 215
56 84 892
56 85 940
56 86 172
56 87 16
56 88 907
56 89 434
56 90 51
56 91 262
56 92 169
56 93 147
56 94 145
56 95 461
56 96 713
56 97 753
56 98 195
56 99 795
57 0 754
57 1 254
57 2 985
57 3 688
57 4 187
57 5 916
57 6 515
57 7 486
57 8 778
57 9 387
57 10 408
57 11 285
57 12 969
57 13 431
57 14 265
57 15 746
57 16 994
57 17 3
57 18 9
57 19 890
57 20 837
57 21 976
57 22 93
57 23 369
57 24 921
57 25 802
57 26 502
57 27 972
57 28 332
57 29 814
57 30 330
57 31 777
57 32 400
57 33 348
57 34 754
57 35 402
57 36 357
57 37 964
57 38 396
57 39 637
57 40 162
57 41 654
57 42 22
57 43 253
57 44 349
57 45 239
57 46 317
57 47 674
57 48 875
57 49 328
57 50 242
57 51 172
57 52 543
57 53 158
57 54 601
57 55 914
57 56 862
57 58 138
57 59 237
57 60 97
57 61 759
57 62 756
57 63 379
57 64 170
57 65 98
57 66 102
57 67 93
57 68 421
57 69 476
57 70 590
57 71 663
57 72 431
57 73 553
57 74 806
57 75 972
57 76 554
57 77 650
57 78 857
57 79 954
57 80 674
57 81 914
57 82 556
57 83 796
57 84 158
57 85 347
57 86 28
57 87 328
57 88 899
57 89 274
57 90 639
57 91 585
57 92 270
57 93 383
57 94 949
57 95 848
57 96 940
57 97 936
57 98 487
57 99 393
58 0 463
58 1 351
58 2 784
58 3 736
58 4 558
58 5 865
58 6 716
58 7 621
58 8 415
58 9 250
58 10 795
58 11 705
58 12 514
58 13 55
58 14 382
58 15 661
58 16 211
58 17 445
58 18 15
58 19 40
58 20 142
58 21 770
58 22 586
58 23 74
58 24 30
58 25 344
58 26 572
58 27 443
58 28 101
58 29 214
58 30 570
58 31 281
58 32 741
58 33 327
58 34 909
58 35 806
58 36 209
58 37 85
58 38 355
58 39 457
58 40 823
58 41 973
58 42 305
58 43 513
58 44 505
58 45 621
58 46 957
58 47 624
58 48 829
58 49 498
58 50 975
58 51 147
58 52 407
58 53 729
58 54 446
58 55 31
58 56 398
58 57 199
58 59 139
58 60 523
58 61 29
58 62 336
58 63 65
58 64 909
58 65 635
58 66 584
58 67 98
58 68 270
58 69 871
58 70 373
58 71 322
58 72 883
58 73 458
58 74 648
58 75 526
58 76 374
58 77 489
58 78 483
58 79 605
58 80 371
58 81 339
58 82 190
58 83 859
58 84 665
58 85 884
58 86 935
58 87 816
58 88 555
58 89 372
58 90 792
58 91 16
58 92 360
58 93 599
58 94 633
58 95 330
58 96 819
58 97 651
58 98 717
58 99 812
59 0 278
59 1 941
59 2 756
59 3 904
59 4 919
59 5 459
59 6 851
59 7 726
59 8 775
59 9 822
59 10 902
59 11 793
59 12 368
59 13 709
59 14 866
59 15 230
59 16 795
59 17 584
59 18 208
59 19 958
59 20 322
59 21 251
59 22 880
59 23 725
59 24 460
59 25 89
59 26 979
59 27 877
59 28 487
59 29 223
59 30 573
59 31 186
59 32 506
59 33 167
59 34 722
59 35 651
59 36 416
59 37 733
59 38 695
59 39 102
59 40 458
59 41 753
59 42 218
59 43 342
59 44 835
59 45 247
59 46 237
59 47 332
59 48 590
59 49 342
59 50 291
59 51 908
59 52 596
59 53 131
59 54 409
59 55 490
59 56 982
59 57 673
59 58 355
59 60 303
59 61 730
59 62 866
59 63 261
59 64 14
59 65 262
59 66 22
59 67 108
59 68 259
59 69 120
59 70 95
59 71 332
59 72 297
59 73 851
59 74 741
59 75 991
59 76 469
59 77 792
59 78 602
59 79 169
59 80 188
59 81 99
59 82 777
59 83 999
59 84 852
59 85 775
59 86 228
59 87 685
59 88 956
59 89 94
59 90 284
59 91 958
59 92 85
59 93 441
59 94 214
59 95 981
59 96 456
59 97 14
59 98 874
59 99 868
60 0 873
60 1 994
60 2 591
60 3 738
60 4 149
60 5 538
60 6 440
60 7 656
60 8 926
60 9 222
60 10 2
60 11 172
60 12 139
60 13 449
60 14 470
60 15 797
60 16 9
60 17 421
60 18 853
60 19 173
60 20 554
60 21 198
60 22 30
60 23 16
60 24 432
60 25 281
60 26 559
60 27 998
60 28 120
60 29 967
60 30 851
60 31 675
60 32 969
60 33 997
60 34 297
60 35 780
60 36 731
60 37 315
60 38 518
60 39 745
60 40 430
60 41 335
60 42 412
60 43 950
60 44 650
60 45 798
60 46 290
60 47 31
60 48 596
60 49 662
60 50 835
60 51 821
60 52 104
60 53 213
60 54 0
60 55 949
60 56 66
60 57 755
60 58 144
60 59 332
60 61 950
60 62 391
60 63 255
60 64 536
60 65 981
60 66 234
60 67 248
60 68 432
60 69 669
60 70 681
60 71 111
60 72 740
60 73 770
60 74 486
60 75 126
60 76 1
60 77 860
60 78 799
60 79 838
60 80 197
60 81 128
60 82 363
60 83 442
60 84 364
60 85 677
60 86 548
60 87 462
60 88 678
60 89 408
60 90 423
60 91 657
60 92 180
60 93 776
60 94 789
60 95 429
60 96 464
60 97 796
60 98 420
60 99 757
61 0 703
61 1 858
61 2 355
61 3 863
61 4 27
61 5 180
61 6 343
61 7 320
61 8 321
61 9 823
61 10 631
61 11 165
61 12 327
61 13 938
61 14 939
61 15 471
61 16 420
61 17 660
61 18 235
61 19 403
61 20 730
61 21 88
61 22 304
61 23 557
61 24 927
61 25 235
61 26 889
61 27 15
61 28 405
61 29 93
61 30 856
61 31 927
61 32 539
61 33 506
61 34 470
61 35 819
61 36 269
61 37 681
61 38 88
61 39 656
61 40 315
61 41 508
61 42 810
61 43 360
61 44 465
61 45 881
61 46 269
61 47 393
61 48 519
61 49 674
61 50 537
61 51 412
61 52 823
61 53 799
61 54 898
61 55 181
61 56 656
61 57 913
61 58 123
61 59 43
61 60 330
61 62 827
61 63 642
61 64 387
61 65 566
61 66 89
61 67 938
61 68 775
61 69 871
61 70 84
61 71 563
61 72 759
61 73 592
61 74 162
61 75 631
61 76 604
61 77 219
61 78 255
61 79 362
61 80 662
61 81 197
61 82 499
61 83 528
61 84 982
61 85 668
61 86 587
61 87 374
61 88 873
61 89 869
61 90 741
61 91 872
61 92 608
61 93 944
61 94 677
61 95 249
61 96 338
61 97 71
61 98 62
61 99 570
62 0 115
62 1 354
62 2 259
62 3 392
62 4 274
62 5 999
62 6 495
62 7 70
62 8 410
62 9 673
62 10 667
62 11 199
62 12 89
62 13 433
62 14 728
62 15 50
62 16 463
62 17 305
62 18 499
62 19 871
62 20 29
62 21 333
62 22 897
62 23 420
62 24 430
62 25 272
62 26 764
62 27 686
62 28 672
62 29 839
62 30 923
62 31 506
62 32 325
62 33 287
62 34 466
62 35 76
62 36 226
62 37 714
62 38 961
62 39 726
62 40 566
62 41 671
62 42 903
62 43 468
62 44 764
62 45 443
62 46 951
62 47 528
62 48 311
62 49 296
62 50 9
62 51 588
62 52 443
62 53 92
62 54 910
62 55 405
62 56 207
62 57 246
62 58 72
62 59 512
62 60 395
62 61 143
62 63 490
62 64 880
62 65 794
62 66 315
62 67 809
62 68 223
62 69 291
62 70 454
62 71 514
62 72 906
62 73 698
62 74 228
62 75 699
62 76 923
62 77 510
62 78 71
62 79 427
62 80 939
62 81 318
62 82 373
62 83 92
62 84 694
62 85 958
62 86 528
62 87 14
62 88 105
62 89 43
62 90 203
62 91 122
62 92 606
62 93 888
62 94 154
62 95 166
62 96 184
62 97 618
62 98 610
62 99 509
63 0 313
63 1 709
63 2 260
63 3 791
63 4 285
63 5 614
63 6 341
63 7 430
63 8 179
63 9 817
63 10 355
63 11 343
63 12 66
63 13 108
63 14 171
63 15 24
63 16 466
63 17 542
63 18 728
63 19 3
63 20 555
63 21 731
63 22 288
63 23 149
63 24 97
63 25 66
63 26 244
63 27 631
63 28 994
63 29 145
63 30 225
63 31 705
63 32 339
63 33 575
63 34 225
63 35 894
63 36 549
63 37 329
63 38 329
63 39 327
63 40 531
63 41 407
63 42 968
63 43 539
63 44 895
63 45 727
63 46 775
63 47 152
63 48 163
63 49 828
63 50 28
63 51 325
63 52 608
63 53 855
63 54 602
63 55 95
63 56 474
63 57 436
63 58 864
63 59 956
63 60 303
63 61 40
63 62 550
63 64 470
63 65 354
63 66 88
63 67 175
63 68 203
63 69 564
63 70 924
63 71 432
63 72 122
63 73 374
63 74 792
63 75 462
63 76 69
63 77 344
63 78 728
63 79 163
63 80 89
63 81 966
63 82 302
63 83 107
63 84 8
63 85 355
63 86 129
63 87 469
63 88 940
63 89 780
63 90 32
63 91 272
63 92 553
63 93 103
63 94 411
63 95 782
63 96 794
63 97 963
63 98 464
63 99 765
64 0 947
64 1 340
64 2 915
64 3 659
64 4 535
64 5 954
64 6 173
64 7 79
64 8 289
64 9 874
64 10 454
64 11 446
64 12 768
64 13 653
64 14 262
64 15 123
64 16 643
64 17 356
64 18 141
64 19 514
64 20 922
64 21 278
64 22 57
64 23 974
64 24 698
64 25 849
64 26 214
64 27 850
64 28 361
64 29 833
64 30 4
64 31 848
64 32 119
64 33 717
64 34 921
64 35 890
64 36 825
64 37 343
64 38 343
64 39 878
64 40 875
64 41 527
64 42 429
64 43 568
64 44 722
64 45 447
64 46 753
64 47 812
64 48 311
64 49 373
64 50 417
64 51 864
64 52 709
64 53 730
64 54 594
64 55 869
64 56 236
64 57 114
64 58 345
64 59 82
64 60 494
64 61 310
64 62 888
64 63 115
64 65 888
64 66 293
64 67 772
64 68 474
64 69 848
64 70 984
64 71 377
64 72 277
64 73 135
64 74 543
64 75 705
64 76 39
64 77 365
64 78 130
64 79 112
64 80 178
64 81 792
64 82 152
64 83 840
64 84 119
64 85 953
64 86 347
64 87 794
64 88 895
64 89 738
64 90 603
64 91 180
64 92 653
64 93 721
64 94 352
64 95 779
64 96 831
64 97 208
64 98 902
64 99 40
65 0 588
65 1 520
65 2 320
65 3 715
65 4 255
65 5 882
65 6 175
65 7 74
65 8 765
65 9 521
65 10 835
65 11 975
65 12 561
65 13 50
65 14 345
65 15 403
65 16 918
65 17 769
65 18 42
65 19 88
65 20 924
65 21 235
65 22 829
65 23 552
65 24 303
65 25 704
65 26 265
65 27 352
65 28 570
65 29 934
65 30 973
65 31 267
65 32 630
65 33 279
65 34 827
65 35 122
65 36 438
65 37 787
65 38 715
65 39 944
65 40 644
65 41 527
65 42 570
65 43 938
65 44 64
65 45 665
65 46 908
65 47 87
65 48 317
65 49 766
65 50 673
65 51 727
65 52 590
65 53 990
65 54 798
65 55 133
65 56 79
65 57 396
65 58 622
65 59 971
65 60 264
65 61 682
65 62 417
65 63 841
65 64 395
65 66 23
65 67 954
65 68 724
65 69 702
65 70 114
65 71 102
65 72 977
65 73 538
65 74 464
65 75 584
65 76 882
65 77 681
65 78 659
65 79 181
65 80 470
65 81 451
65 82 87
65 83 440
65 84 797
65 85 370
65 86 367
65 87 169
65 88 693
65 89 242
65 90 433
65 91 843
65 92 409
65 93 45
65 94 434
65 95 919
65 96 810
65 97 510
65 98 814
65 99 250
66 0 320
66 1 813
66 2 363
66 3 610
66 4 30
66 5 985
66 6 124
66 7 620
66 8 606
66 9 163
66 10 340
66 11 249
66 12 609
66 13 684
66 14 572
66 15 7
66 16 701
66 17 658
66 18 897
66 19 695
66 20 65
66 21 424
66 22 460
66 23 854
66 24 792
66 25 93
66 26 843
66 27 488
66 28 681
66 29 484
66 30 390
66 31 299
66 32 414
66 33 318
66 34 492
66 35 607
66 36 484
66 37 834
66 38 744
66 39 705
66 40 744
66 41 458
66 42 982
66 43 51
66 44 12
66 45 659
66 46 113
66 47 540
66 48 239
66 49 767
66 50 239
66 51 919
66 52 939
66 53 194
66 54 25
66 55 791
66 56 961
66 57 517
66 58 436
66 59 318
66 60 793
66 61 40
66 62 147
66 63 276
66 64 18
66 65 158
66 67 36
66 68 237
66 69 434
66 70 695
66 71 473
66 72 665
66 73 871
66 74 410
66 75 159
66 76 639
66 77 295
66 78 187
66 79 408
66 80 913
66 81 403
66 82 851
66 83 940
66 84 828
66 85 494
66 86 696
66 87 392
66 88 224
66 89 584
66 90 952
66 91 336
66 92 556
66 93 969
66 94 196
66 95 316
66 96 497
66 97 58
66 98 48
66 99 647
67 0 966
67 1 440
67 2 894
67 3 483
67 4 908
67 5 957
67 6 989
67 7 137
67 8 739
67 9 45
67 10 760
67 11 27
67 12 184
67 13 394
67 14 373
67 15 556
67 16 417
67 17 774
67 18 495
67 19 618
67 20 991
67 21 760
67 22 242
67 23 845
67 24 186
67 25 699
67 26 522
67 27 136
67 28 944
67 29 758
67 30 267
67 31 305
67 32 436
67 33 451
67 34 155
67 35 554
67 36 937
67 37 887
67 38 521
67 39 280
67 40 222
67 41 364
67 42 267
67 43 580
67 44 433
67 45 91
67 46 241
67 47 378
67 48 121
67 49 869
67 50 169
67 51 266
67 52 45
67 53 573
67 54 817
67 55 555
67 56 281
67 57 374
67 58 900
67 59 187
67 60 583
67 61 876
67 62 415
67 63 421
67 64 811
67 65 136
67 66 662
67 68 582
67 69 369
67 70 552
67 71 56
67 72 580
67 73 495
67 74 981
67 75 550
67 76 473
67 77 228
67 78 255
67 79 597
67 80 676
67 81 653
67 82 795
67 83 439
67 84 260
67 85 850
67 86 747
67 87 813
67 88 438
67 89 590
67 90 163
67 91 268
67 92 193
67 93 122
67 94 355
67 95 160
67 96 269
67 97 12
67 98 939
67 99 789
68 0 925
68 1 550
68 2 342
68 3 594
68 4 704
68 5 369
68 6 477
68 7 770
68 8 145
68 9 601
68 10 467
68 11 635
68 12 550
68 13 323
68 14 745
68 15 496
68 16 459
68 17 93
68 18 787
68 19 597
68 20 4
68 21 481
68 22 58
68 23 47
68 24 753
68 25 440
68 26 650
68 27 706
68 28 695
68 29 757
68 30 303
68 31 652
68 32 383
68 33 482
68 34 110
68 35 943
68 36 900
68 37 731
68 38 425
68 39 988
68 40 727
68 41 65
68 42 698
68 43 970
68 44 922
68 45 699
68 46 336
68 47 575
68 48 163
68 49 477
68 50 189
68 51 489
68 52 503
68 53 446
68 54 354
68 55 390
68 56 899
68 57 352
68 58 875
68 59 557
68 60 348
68 61 453
68 62 768
68 63 873
68 64 5
68 65 338
68 66 618
68 67 966
68 69 723
68 70 980
68 71 577
68 72 703
68 73 308
68 74 547
68 75 864
68 76 536
68 77 31
68 78 882
68 79 37
68 80 292
68 81 90
68 82 468
68 83 417
68 84 623
68 85 989
68 86 272
68 87 719
68 88 824
68 89 439
68 90 529
68 91 191
68 92 315
68 93 900
68 94 436
68 95 586
68 96 204
68 97 537
68 98 260
68 99 824
69 0 143
69 1 258
69 2 418
69 3 783
69 4 21
69 5 56
69 6 108
69 7 257
69 8 645
69 9 607
69 10 69
69 11 939
69 12 871
69 13 656
69 14 483
69 15 922
69 16 113
69 17 440
69 18 647
69 19 297
69 20 213
69 21 888
69 22 466
69 23 150
69 24 227
69 25 903
69 26 560
69 27 851
69 28 690
69 29 204
69 30 866
69 31 216
69 32 562
69 33 37
69 34 20
69 35 721
69 36 214
69 37 182
69 38 282
69 39 506
69 40 857
69 41 448
69 42 84
69 43 118
69 44 131
69 45 948
69 46 802
69 47 696
69 48 540
69 49 411
69 50 590
69 51 332
69 52 611
69 53 295
69 54 699
69 55 151
69 56 191
69 57 481
69 58 718
69 59 836
69 60 728
69 61 440
69 62 313
69 63 412
69 64 624
69 65 877
69 66 415
69 67 689
69 68 962
69 70 5
69 71 161
69 72 612
69 73 241
69 74 318
69 75 128
69 76 454
69 77 103
69 78 526
69 79 39
69 80 407
69 81 562
69 82 538
69 83 902
69 84 570
69 85 138
69 86 198
69 87 460
69 88 257
69 89 721
69 90 626
69 91 596
69 92 946
69 93 894
69 94 145
69 95 322
69 96 319
69 97 794
69 98 560
69 99 419
70 0 381
70 1 199
70 2 649
70 3 791
70 4 829
70 5 401
70 6 881
70 7 795
70 8 392
70 9 173
70 10 779
70 11 437
70 12 463
70 13 358
70 14 977
70 15 593
70 16 760
70 17 733
70 18 87
70 19 450
70 20 436
70 21 377
70 22 408
70 23 66
70 24 522
70 25 898
70 26 992
70 27 656
70 28 178
70 29 830
70 30 658
70 31 333
70 32 943
70 33 767
70 34 634
70 35 315
70 36 98
70 37 955
70 38 599
70 39 118
70 40 579
70 41 497
70 42 532
70 43 622
70 44 841
70 45 1000
70 46 735
70 47 132
70 48 933
70 49 996
70 50 961
70 51 475
70 52 939
70 53 317
70 54 242
70 55 589
70 56 436
70 57 974
70 58 612
70 59 529
70 60 794
70 61 407
70 62 350
70 63 941
70 64 336
70 65 321
70 66 56
70 67 138
70 68 544
70 69 149
70 71 907
70 72 1000
70 73 517
70 74 44
70 75 787
70 76 136
70 77 964
70 78 782
70 79 714
70 80 223
70 81 882
70 82 601
70 83 830
70 84 30
70 85 19
70 86 509
70 87 311
70 88 913
70 89 150
70 90 649
70 91 342
70 92 757
70 93 496
70 94 216
70 95 669
70 96 210
70 97 589
70 98 646
70 99 918
71 0 133
71 1 766
71 2 175
71 3 402
71 4 902
71 5 253
71 6 508
71 7 210
71 8 450
71 9 759
71 10 716
71 11 509
71 12 877
71 13 909
71 14 142
71 15 464
71 16 751
71 17 945
71 18 100
71 19 175
71 20 652
71 21 296
71 22 83
71 23 277
71 24 648
71 25 217
71 26 665
71 27 401
71 28 952
71 29 12
71 30 241
71 31 682
71 32 20
71 33 247
71 34 398
71 35 937
71 36 396
71 37 347
71 38 690
71 39 394
71 40 203
71 41 131
71 42 455
71 43 13
71 44 811
71 45 393
71 46 959
71 47 190
71 48 277
71 49 524
71 50 826
71 51 933
71 52 331
71 53 819
71 54 70
71 55 604
71 56 155
71 57 21
71 58 932
71 59 149
71 60 172
71 61 27
71 62 979
71 63 421
71 64 928
71 65 871
71 66 837
71 67 771
71 68 494
71 69 858
71 70 44
71 72 106
71 73 806
71 74 634
71 75 893
71 76 210
71 77 154
71 78 774
71 79 628
71 80 86
71 81 919
71 82 9
71 83 314
71 84 190
71 85 946
71 86 499
71 87 802
71 88 49
71 89 867
71 90 176
71 91 96
71 92 892
71 93 468
71 94 474
71 95 410
71 96 219
71 97 426
71 98 867
71 99 215
72 0 588
72 1 241
72 2 511
72 3 427
72 4 638
72 5 299
72 6 178
72 7 200
72 8 512
72 9 163
72 10 991
72 11 991
72 12 974
72 13 489
72 14 291
72 15 788
72 16 267
72 17 531
72 18 51
72 19 379
72 20 495
72 21 826
72 22 397
72 23 801
72 24 615
72 25 850
72 26 263
72 27 465
72 28 979
72 29 669
72 30 109
72 31 339
72 32 144
72 33 504
72 34 883
72 35 695
72 36 946
72 37 46
72 38 886
72 39 983
72 40 981
72 41 166
72 42 758
72 43 975
72 44 89
72 45 213
72 46 127
72 47 727
72 48 929
72 49 164
72 50 964
72 51 141
72 52 864
72 53 520
72 54 505
72 55 638
72 56 320
72 57 24
72 58 682
72 59 804
72 60 432
72 61 366
72 62 697
72 63 825
72 64 888
72 65 9
72 66 30
72 67 688
72 68 244
72 69 50
72 70 238
72 71 524
72 73 827
72 74 907
72 75 517
72 76 701
72 77 175
72 78 4
72 79 191
72 80 282
72 81 415
72 82 280
72 83 117
72 84 546
72 85 48
72 86 397
72 87 396
72 88 603
72 89 839
72 90 949
72 91 696
72 92 31
72 93 176
72 94 574
72 95 528
72 96 222
72 97 470
72 98 52
72 99 862
73 0 87
73 1 563
73 2 777
73 3 304
73 4 211
73 5 215
73 6 714
73 7 359
73 8 960
73 9 160
73 10 655
73 11 197
73 12 533
73 13 392
73 14 321
73 15 476
73 16 64
73 17 46
73 18 529
73 19 696
73 20 464
73 21 881
73 22 211
73 23 93
73 24 700
73 25 240
73 26 810
73 27 222
73 28 861
73 29 223
73 30 373
73 31 1000
73 32 783
73 33 675
73 34 7
73 35 883
73 36 257
73 37 416
73 38 712
73 39 231
73 40 144
73 41 550
73 42 425
73 43 754
73 44 290
73 45 955
73 46 56
73 47 406
73 48 352
73 49 242
73 50 1000
73 51 271
73 52 409
73 53 297
73 54 728
73 55 902
73 56 847
73 57 504
73 58 122
73 59 825
73 60 415
73 61 781
73 62 655
73 63 45
73 64 850
73 65 481
73 66 68
73 67 879
73 68 627
73 69 304
73 70 920
73 71 321
73 72 962
73 74 889
73 75 937
73 76 48
73 77 84
73 78 668
73 79 355
73 80 567
73 81 642
73 82 918
73 83 624
73 84 187
73 85 873
73 86 295
73 87 275
73 88 34
73 89 179
73 90 251
73 91 498
73 92 27
73 93 696
73 94 432
73 95 812
73 96 911
73 97 477
73 98 784
73 99 913
74 0 292
74 1 107
74 2 620
74 3 501
74 4 651
74 5 820
74 6 385
74 7 240
74 8 255
74 9 370
74 10 129
74 11 526
74 12 167
74 13 358
74 14 197
74 15 278
74 16 323
74 17 366
74 18 523
74 19 319
74 20 595
74 21 771
74 22 465
74 23 795
74 24 922
74 25 153
74 26 192
74 27 784
74 28 625
74 29 531
74 30 780
74 31 338
74 32 649
74 33 390
74 34 183
74 35 819
74 36 505
74 37 286
74 38 157
74 39 450
74 40 645
74 41 511
74 42 66
74 43 951
74 44 598
74 45 144
74 46 116
74 47 674
74 48 335
74 49 960
74 50 820
74 51 610
74 52 230
74 53 575
74 54 709
74 55 372
74 56 807
74 57 643
74 58 384
74 59 277
74 60 699
74 61 763
74 62 249
74 63 778
74 64 707
74 65 885
74 66 356
74 67 76
74 68 156
74 69 476
74 70 864
74 71 458
74 72 565
74 73 907
74 75 846
74 76 106
74 77 630
74 78 659
74 79 568
74 80 567
74 81 694
74 82 562
74 83 544
74 84 292
74 85 673
74 86 642
74 87 82
74 88 324
74 89 328
74 90 726
74 91 89
74 92 605
74 93 175
74 94 574
74 95 427
74 96 579
74 97 824
74 98 30
74 99 852
75 0 940
75 1 208
75 2 978
75 3 509
75 4 685
75 5 743
75 6 399
75 7 349
75 8 970
75 9 989
75 10 590
75 11 53
75 12 322
75 13 26
75 14 896
75 15 737
75 16 916
75 17 925
75 18 504
75 19 352
75 20 258
75 21 705
75 22 400
75 23 48
75 24 781
75 25 389
75 26 947
75 27 778
75 28 802
75 29 438
75 30 492
75 31 100
75 32 807
75 33 413
75 34 742
75 35 997
75 36 661
75 37 111
75 38 53
75 39 429
75 40 644
75 41 281
75 42 777
75 43 918
75 44 890
75 45 38
75 46 562
75 47 25
75 48 713
75 49 363
75 50 835
75 51 397
75 52 888
75 53 755
75 54 384
75 55 921
75 56 883
75 57 932
75 58 10
75 59 300
75 60 28
75 61 841
75 62 238
75 63 195
75 64 591
75 65 565
75 66 8
75 67 238
75 68 502
75 69 465
75 70 87
75 71 255
75 72 133
75 73 741
75 74 431
75 76 349
75 77 998
75 78 788
75 79 781
75 80 189
75 81 551
75 82 691
75 83 759
75 84 932
75 85 444
75 86 18
75 87 396
75 88 728
75 89 567
75 90 361
75 91 421
75 92 389
75 93 988
75 94 591
75 95 482
75 96 612
75 97 190
75 98 593
75 99 198
76 0 357
76 1 786
76 2 226
76 3 544
76 4 799
76 5 983
76 6 437
76 7 327
76 8 611
76 9 717
76 10 518
76 11 771
76 12 672
76 13 904
76 14 493
76 15 338
76 16 414
76 17 876
76 18 768
76 19 985
76 20 585
76 21 531
76 22 261
76 23 100
76 24 532
76 25 183
76 26 826
76 27 261
76 28 594
76 29 58
76 30 919
76 31 827
76 32 289
76 33 660
76 34 188
76 35 885
76 36 75
76 37 553
76 38 868
76 39 279
76 40 579
76 41 213
76 42 221
76 43 887
76 44 621
76 45 994
76 46 137
76 47 72
76 48 773
76 49 386
76 50 497
76 51 951
76 52 754
76 53 914
76 54 968
76 55 53
76 56 853
76 57 426
76 58 478
76 59 906
76 60 757
76 61 649
76 62 487
76 63 273
76 64 818
76 65 736
76 66 508
76 67 616
76 68 337
76 69 658
76 70 248
76 71 362
76 72 424
76 73 225
76 74 169
76 75 284
76 77 536
76 78 688
76 79 136
76 80 160
76 81 565
76 82 618
76 83 25
76 84 107
76 85 648
76 86 666
76 87 87
76 88 515
76 89 849
76 90 681
76 91 319
76 92 640
76 93 297
76 94 80
76 95 727
76 96 808
76 97 57
76 98 689
76 99 326
77 0 691
77 1 84
77 2 791
77 3 521
77 4 749
77 5 975
77 6 646
77 7 549
77 8 334
77 9 528
77 10 171
77 11 598
77 12 256
77 13 281
77 14 567
77 15 491
77 16 805
77 17 469
77 18 38
77 19 897
77 20 864
77 21 694
77 22 49
77 23 44
77 24 400
77 25 169
77 26 755
77 27 1
77 28 730
77 29 77
77 30 816
77 31 784
77 32 114
77 33 333
77 34 152
77 35 2
77 36 418
77 37 943
77 38 802
77 39 548
77 40 385
77 41 433
77 42 130
77 43 692
77 44 123
77 45 827
77 46 758
77 47 144
77 48 285
77 49 702
77 50 713
77 51 947
77 52 444
77 53 471
77 54 533
77 55 567
77 56 150
77 57 557
77 58 42
77 59 442
77 60 846
77 61 561
77 62 703
77 63 211
77 64 736
77 65 683
77 66 86
77 67 361
77 68 476
77 69 508
77 70 773
77 71 427
77 72 226
77 73 319
77 74 507
77 75 740
77 76 316
77 78 73
77 79 760
77 80 367
77 81 654
77 82 796
77 83 297
77 84 108
77 85 306
77 86 556
77 87 17
77 88 721
77 89 873
77 90 40
77 91 878
77 92 939
77 93 279
77 94 632
77 95 4
77 96 706
77 97 814
77 98 80
77 99 195
78 0 284
78 1 423
78 2 581
78 3 978
78 4 152
78 5 765
78 6 914
78 7 426
78 8 950
78 9 148
78 10 379
78 11 467
78 12 71
78 13 333
78 14 440
78 15 935
78 16 518
78 17 874
78 18 74
78 19 874
78 20 93
78 21 433
78 22 110
78 23 553
78 24 39
78 25 650
78 26 210
78 27 931
78 28 801
78 29 709
78 30 778
78 31 882
78 32 722
78 33 131
78 34 572
78 35 695
78 36 918
78 37 577
78 38 325
78 39 111
78 40 444
78 41 219
78 42 773
78 43 718
78 44 627
78 45 657
78 46 480
78 47 275
78 48 536
78 49 10
78 50 280
78 51 259
78 52 124
78 53 273
78 54 194
78 55 883
78 56 963
78 57 688
78 58 704
78 59 759
78 60 15
78 61 727
78 62 780
78 63 340
78 64 302
78 65 805
78 66 640
78 67 330
78 68 393
78 69 813
78 70 655
78 71 260
78 72 383
78 73 792
78 74 981
78 75 889
78 76 946
78 77 331
78 79 435
78 80 113
78 81 757
78 82 846
78 83 734
78 84 827
78 85 148
78 86 244
78 87 892
78 88 85
78 89 180
78 90 911
78 91 641
78 92 318
78 93 241
78 94 447
78 95 398
78 96 765
78 97 355
78 98 921
78 99 793
79 0 413
79 1 436
79 2 366
79 3 428
79 4 395
79 5 612
79 6 768
79 7 626
79 8 768
79 9 934
79 10 98
79 11 710
79 12 299
79 13 385
79 14 79
79 15 8
79 16 663
79 17 144
79 18 344
79 19 644
79 20 212
79 21 717
79 22 949
79 23 326
79 24 31
79 25 244
79 26 936
79 27 346
79 28 635
79 29 208
79 30 464
79 31 927
79 32 101
79 33 809
79 34 490
79 35 987
79 36 663
79 37 538
79 38 928
79 39 847
79 40 39
79 41 923
79 42 124
79 43 876
79 44 769
79 45 765
79 46 932
79 47 118
79 48 286
79 49 755
79 50 270
79 51 397
79 52 917
79 53 935
79 54 334
79 55 758
79 56 112
79 57 777
79 58 11
79 59 57
79 60 761
79 61 229
79 62 174
79 63 265
79 64 744
79 65 363
79 66 959
79 67 323
79 68 956
79 69 422
79 70 97
79 71 288
79 72 266
79 73 376
79 74 383
79 75 491
79 76 497
79 77 811
79 78 302
79 80 488
79 81 139
79 82 555
79 83 962
79 84 462
79 85 283
79 86 137
79 87 733
79 88 262
79 89 577
79 90 566
79 91 715
79 92 205
79 93 355
79 94 837
79 95 146
79 96 233
79 97 660
79 98 547
79 99 810
80 0 718
80 1 386
80 2 293
80 3 388
80 4 222
80 5 805
80 6 692
80 7 803
80 8 452
80 9 577
80 10 332
80 11 536
80 12 105
80 13 250
80 14 385
80 15 869
80 16 531
80 17 950
80 18 739
80 19 236
80 20 329
80 21 384
80 22 550
80 23 769
80 24 330
80 25 196
80 26 342
80 27 971
80 28 936
80 29 657
80 30 647
80 31 131
80 32 251
80 33 250
80 34 271
80 35 843
80 36 264
80 37 950
80 38 397
80 39 598
80 40 83
80 41 345
80 42 769
80 43 852
80 44 55
80 45 573
80 46 706
80 47 520
80 48 955
80 49 310
80 50 755
80 51 612
80 52 208
80 53 865
80 54 345
80 55 424
80 56 491
80 57 974
80 58 750
80 59 840
80 60 689
80 61 487
80 62 531
80 63 94
80 64 472
80 65 267
80 66 383
80 67 426
80 68 282
80 69 164
80 70 835
80 71 271
80 72 877
80 73 872
80 74 565
80 75 240
80 76 342
80 77 982
80 78 590
80 79 517
80 81 328
80 82 746
80 83 796
80 84 312
80 85 875
80 86 990
80 87 42
80 88 631
80 89 511
80 90 558
80 91 366
80 92 719
80 93 902
80 94 749
80 95 50
80 96 919
80 97 556
80 98 939
80 99 682
81 0 568
81 1 139
81 2 93
81 3 875
81 4 900
81 5 700
81 6 933
81 7 933
81 8 601
81 9 549
81 10 514
81 11 114
81 12 370
81 13 516
81 14 287
81 15 933
81 16 61
81 17 110
81 18 874
81 19 239
81 20 134
81 21 632
81 22 464
81 23 624
81 24 877
81 25 383
81 26 422
81 27 326
81 28 467
81 29 892
81 30 395
81 31 392
81 32 38
81 33 267
81 34 678
81 35 111
81 36 11
81 37 554
81 38 715
81 39 268
81 40 676
81 41 885
81 42 725
81 43 886
81 44 492
81 45 821
81 46 634
81 47 263
81 48 131
81 49 765
81 50 13
81 51 231
81 52 601
81 53 385
81 54 446
81 55 628
81 56 869
81 57 708
81 58 498
81 59 923
81 60 463
81 61 380
81 62 10
81 63 992
81 64 55
81 65 709
81 66 271
81 67 849
81 68 54
81 69 674
81 70 395
81 71 538
81 72 528
81 73 272
81 74 363
81 75 437
81 76 762
81 77 481
81 78 270
81 79 463
81 80 939
81 82 241
81 83 927
81 84 266
81 85 212
81 86 913
81 87 461
81 88 932
81 89 634
81 90 806
81 91 123
81 92 562
81 93 332
81 94 443
81 95 109
81 96 282
81 97 816
81 98 398
81 99 914
82 0 534
82 1 464
82 2 912
82 3 11
82 4 464
82 5 219
82 6 716
82 7 956
82 8 102
82 9 461
82 10 710
82 11 669
82 12 412
82 13 544
82 14 703
82 15 796
82 16 920
82 17 782
82 18 827
82 19 806
82 20 121
82 21 630
82 22 807
82 23 308
82 24 237
82 25 441
82 26 265
82 27 41
82 28 236
82 29 771
82 30 411
82 31 98
82 32 978
82 33 826
82 34 866
82 35 825
82 36 750
82 37 272
82 38 591
82 39 986
82 40 523
82 41 31
82 42 910
82 43 546
82 44 134
82 45 99
82 46 499
82 47 577
82 48 131
82 49 313
82 50 128
82 51 368
82 52 315
82 53 466
82 54 355
82 55 730
82 56 286
82 57 370
82 58 109
82 59 619
82 60 790
82 61 948
82 62 336
82 63 327
82 64 388
82 65 752
82 66 153
82 67 301
82 68 782
82 69 155
82 70 434
82 71 983
82 72 169
82 73 193
82 74 550
82 75 964
82 76 209
82 77 410
82 78 778
82 79 30
82 80 693
82 81 827
82 83 372
82 84 846
82 85 982
82 86 23
82 87 611
82 88 291
82 89 276
82 90 465
82 91 437
82 92 943
82 93 164
82 94 847
82 95 375
82 96 602
82 97 484
82 98 594
82 99 147
83 0 162
83 1 868
83 2 478
83 3 944
83 4 73
83 5 929
83 6 758
83 7 69
83 8 869
83 9 206
83 10 745
83 11 912
83 12 285
83 13 963
83 14 469
83 15 821
83 16 256
83 17 60
83 18 314
83 19 410
83 20 10
83 21 853
83 22 878
83 23 988
83 24 885
83 25 285
83 26 327
83 27 723
83 28 625
83 29 183
83 30 540
83 31 49
83 32 280
83 33 726
83 34 10
83 35 359
83 36 792
83 37 624
83 38 867
83 39 959
83 40 66
83 41 967
83 42 321
83 43 313
83 44 221
83 45 248
83 46 795
83 47 52
83 48 476
83 49 748
83 50 698
83 51 367
83 52 750
83 53 835
83 54 592
83 55 333
83 56 761
83 57 945
83 58 598
83 59 624
83 60 803
83 61 71
83 62 294
83 63 549
83 64 65
83 65 955
83 66 847
83 67 727
83 68 344
83 69 855
83 70 960
83 71 863
83 72 316
83 73 153
83 74 217
83 75 796
83 76 703
83 77 707
83 78 763
83 79 967
83 80 764
83 81 796
83 82 783
83 84 664
83 85 527
83 86 411
83 87 322
83 88 18
83 89 70
83 90 612
83 91 405
83 92 833
83 93 723
83 94 535
83 95 811
83 96 332
83 97 790
83 98 303
83 99 272
84 0 615
84 1 492
84 2 261
84 3 599
84 4 520
84 5 166
84 6 247
84 7 139
84 8 159
84 9 571
84 10 200
84 11 883
84 12 980
84 13 398
84 14 241
84 15 501
84 16 955
84 17 291
84 18 123
84 19 561
84 20 248
84 21 840
84 22 832
84 23 942
84 24 137
84 25 0
84 26 282
84 27 210
84 28 504
84 29 308
84 30 982
84 31 184
84 32 328
84 33 285
84 34 512
84 35 291
84 36 896
84 37 356
84 38 985
84 39 298
84 40 805
84 41 48
84 42 209
84 43 995
84 44 911
84 45 573
84 46 840
84 47 769
84 48 351
84 49 403
84 50 506
84 51 73
84 52 134
84 53 624
84 54 995
84 55 808
84 56 65
84 57 74
84 58 960
84 59 136
84 60 357
84 61 491
84 62 763
84 63 717
84 64 614
84 65 462
84 66 824
84 67 374
84 68 718
84 69 188
84 70 12
84 71 447
84 72 280
84 73 808
84 74 299
84 75 709
84 76 78
84 77 242
84 78 710
84 79 258
84 80 414
84 81 563
84 82 629
84 83 181
84 85 144
84 86 264
84 87 577
84 88 516
84 89 895
84 90 735
84 91 899
84 92 720
84 93 338
84 94 819
84 95 199
84 96 369
84 97 701
84 98 798
84 99 908
85 0 946
85 1 594
85 2 598
85 3 825
85 4 84
85 5 26
85 6 819
85 7 61
85 8 513
85 9 986
85 10 853
85 11 437
85 12 888
85 13 280
85 14 313
85 15 907
85 16 246
85 17 153
85 18 418
85 19 626
85 20 796
85 21 450
85 22 420
85 23 91
85 24 607
85 25 559
85 26 539
85 27 876
85 28 103
85 29 183
85 30 530
85 31 429
85 32 868
85 33 320
85 34 326
85 35 742
85 36 509
85 37 720
85 38 484
85 39 873
85 40 493
85 41 880
85 42 239
85 43 114
85 44 930
85 45 375
85 46 459
85 47 1
85 48 874
85 49 893
85 50 38
85 51 227
85 52 932
85 53 170
85 54 860
85 55 596
85 56 903
85 57 200
85 58 37
85 59 805
85 60 668
85 61 882
85 62 230
85 63 215
85 64 809
85 65 753
85 66 979
85 67 415
85 68 776
85 69 943
85 70 900
85 71 502
85 72 59
85 73 295
85 74 990
85 75 29
85 76 588
85 77 333
85 78 574
85 79 804
85 80 511
85 81 193
85 82 163
85 83 994
85 84 120
85 86 194
85 87 914
85 88 570
85 89 405
85 90 428
85 91 853
85 92 586
85 93 290
85 94 60
85 95 108
85 96 983
85 97 490
85 98 850
85 99 222
86 0 560
86 1 658
86 2 358
86 3 190
86 4 473
86 5 493
86 6 186
86 7 936
86 8 232
86 9 642
86 10 3
86 11 640
86 12 146
86 13 739
86 14 940
86 15 145
86 16 599
86 17 386
86 18 600
86 19 420
86 20 332
86 21 310
86 22 863
86 23 16
86 24 582
86 25 681
86 26 688
86 27 375
86 28 456
86 29 820
86 30 261
86 31 114
86 32 817
86 33 916
86 34 85
86 35 622
86 36 309
86 37 601
86 38 443
86 39 842
86 40 679
86 41 392
86 42 578
86 43 474
86 44 508
86 45 247
86 46 83
86 47 482
86 48 465
86 49 959
86 50 356
86 51 995
86 52 654
86 53 162
86 54 771
86 55 715
86 56 257
86 57 758
86 58 46
86 59 372
86 60 520
86 61 124
86 62 926
86 63 783
86 64 579
86 65 879
86 66 548
86 67 493
86 68 846
86 69 50
86 70 47
86 71 910
86 72 775
86 73 900
86 74 976
86 75 339
86 76 874
86 77 936
86 78 310
86 79 656
86 80 509
86 81 315
86 82 941
86 83 440
86 84 558
86 85 557
86 87 126
86 88 749
86 89 672
86 90 193
86 91 365
86 92 804
86 93 282
86 94 816
86 95 270
86 96 49
86 97 557
86 98 138
86 99 302
87 0 97
87 1 912
87 2 129
87 3 189
87 4 3
87 5 361
87 6 708
87 7 357
87 8 201
87 9 397
87 10 577
87 11 497
87 12 566
87 13 452
87 14 542
87 15 838
87 16 913
87 17 26
87 18 338
87 19 954
87 20 248
87 21 133
87 22 612
87 23 820
87 24 495
87 25 17
87 26 253
87 27 579
87 28 126
87 29 385
87 30 751
87 31 343
87 32 137
87 33 213
87 34 975
87 35 827
87 36 818
87 37 254
87 38 783
87 39 482
87 40 540
87 41 2
87 42 460
87 43 546
87 44 687
87 45 377
87 46 345
87 47 719
87 48 496
87 49 371
87 50 812
87 51 768
87 52 80
87 53 607
87 54 907
87 55 402
87 56 789
87 57 347
87 58 274
87 59 275
87 60 544
87 61 750
87 62 360
87 63 163
87 64 8
87 65 11
87 66 758
87 67 647
87 68 165
87 69 186
87 70 765
87 71 580
87 72 970
87 73 752
87 74 183
87 75 533
87 76 938
87 77 407
87 78 903
87 79 947
87 80 586
87 81 133
87 82 64
87 83 279
87 84 533
87 85 8
87 86 402
87 88 501
87 89 903
87 90 917
87 91 191
87 92 598
87 93 329
87 94 293
87 95 827
87 96 57
87 97 225
87 98 995
87 99 699
88 0 646
88 1 817
88 2 886
88 3 748
88 4 960
88 5 763
88 6 609
88 7 46
88 8 466
88 9 894
88 10 204
88 11 539
88 12 106
88 13 258
88 14 491
88 15 675
88 16 173
88 17 893
88 18 913
88 19 1
88 20 259
88 21 188
88 22 311
88 23 106
88 24 347
88 25 113
88 26 769
88 27 71
88 28 315
88 29 742
88 30 356
88 31 599
88 32 617
88 33 444
88 34 337
88 35 354
88 36 50
88 37 804
88 38 431
88 39 990
88 40 374
88 41 241
88 42 6
88 43 499
88 44 721
88 45 647
88 46 717
88 47 832
88 48 889
88 49 238
88 50 360
88 51 760
88 52 497
88 53 276
88 54 889
88 55 395
88 56 909
88 57 557
88 58 975
88 59 278
88 60 697
88 61 596
88 62 377
88 63 471
88 64 140
88 65 288
88 66 474
88 67 932
88 68 781
88 69 699
88 70 573
88 71 741
88 72 610
88 73 950
88 74 374
88 75 661
88 76 838
88 77 389
88 78 228
88 79 664
88 80 273
88 81 698
88 82 674
88 83 674
88 84 135
88 85 303
88 86 598
88 87 1000
88 89 949
88 90 95
88 91 643
88 92 642
88 93 637
88 94 828
88 95 452
88 96 138
88 97 13
88 98 283
88 99 682
89 0 711
89 1 586
89 2 156
89 3 543
89 4 189
89 5 590
89 6 234
89 7 994
89 8 416
89 9 587
89 10 716
89 11 960
89 12 194
89 13 484
89 14 649
89 15 297
89 16 531
89 17 323
89 18 811
89 19 756
89 20 519
89 21 91
89 22 525
89 23 439
89 24 950
89 25 870
89 26 1
89 27 950
89 28 242
89 29 12
89 30 467
89 31 695
89 32 571
89 33 570
89 34 279
89 35 320
89 36 271
89 37 32
89 38 569
89 39 742
89 40 312
89 41 377
89 42 220
89 43 608
89 44 441
89 45 13
89 46 650
89 47 624
89 48 512
89 49 697
89 50 2
89 51 847
89 52 789
89 53 827
89 54 862
89 55 153
89 56 413
89 57 425
89 58 125
89 59 473
89 60 835
89 61 652
89 62 650
89 63 123
89 64 638
89 65 126
89 66 664
89 67 770
89 68 664
89 69 123
89 70 811
89 71 53
89 72 93
89 73 490
89 74 973
89 75 207
89 76 232
89 77 152
89 78 532
89 79 381
89 80 690
89 81 8
89 82 114
89 83 474
89 84 495
89 85 240
89 86 328
89 87 115
89 88 900
89 90 881
89 91 340
89 92 463
89 93 136
89 94 482
89 95 815
89 96 978
89 97 460
89 98 435
89 99 557
90 0 709
90 1 843
90 2 233
90 3 769
90 4 793
90 5 329
90 6 512
90 7 708
90 8 216
90 9 175
90 10 407
90 11 324
90 12 759
90 13 236
90 14 956
90 15 407
90 16 297
90 17 483
90 18 183
90 19 418
90 20 63
90 21 106
90 22 479
90 23 99
90 24 785
90 25 503
90 26 228
90 27 325
90 28 83
90 29 993
90 30 762
90 31 496
90 32 573
90 33 473
90 34 616
90 35 943
90 36 980
90 37 94
90 38 339
90 39 63
90 40 957
90 41 832
90 42 356
90 43 375
90 44 174
90 45 671
90 46 592
90 47 622
90 48 698
90 49 653
90 50 275
90 51 469
90 52 326
90 53 711
90 54 851
90 55 834
90 56 126
90 57 606
90 58 599
90 59 528
90 60 948
90 61 631
90 62 420
90 63 836
90 64 170
90 65 327
90 66 552
90 67 220
90 68 130
90 69 721
90 70 790
90 71 700
90 72 192
90 73 856
90 74 387
90 75 357
90 76 111
90 77 821
90 78 727
90 79 473
90 80 771
90 81 147
90 82 822
90 83 686
90 84 243
90 85 231
90 86 212
90 87 882
90 88 718
90 89 22
90 91 522
90 92 639
90 93 347
90 94 184
90 95 980
90 96 587
90 97 85
90 98 267
90 99 999
91 0 474
91 1 77
91 2 645
91 3 801
91 4 127
91 5 203
91 6 225
91 7 457
91 8 825
91 9 690
91 10 86
91 11 325
91 12 883
91 13 810
91 14 189
91 15 953
91 16 990
91 17 932
91 18 159
91 19 388
91 20 919
91 21 802
91 22 136
91 23 844
91 24 949
91 25 790
91 26 805
91 27 207
91 28 333
91 29 878
91 30 695
91 31 823
91 32 419
91 33 394
91 34 144
91 35 657
91 36 909
91 37 604
91 38 894
91 39 869
91 40 940
91 41 408
91 42 635
91 43 692
91 44 608
91 45 880
91 46 751
91 47 632
91 48 118
91 49 568
91 50 19
91 51 658
91 52 892
91 53 756
91 54 193
91 55 359
91 56 495
91 57 772
91 58 895
91 59 982
91 60 52
91 61 604
91 62 540
91 63 278
91 64 692
91 65 559
91 66 541
91 67 778
91 68 987
91 69 849
91 70 997
91 71 289
91 72 960
91 73 209
91 74 398
91 75 150
91 76 38
91 77 889
91 78 471
91 79 849
91 80 501
91 81 125
91 82 907
91 83 876
91 84 361
91 85 579
91 86 480
91 87 82
91 88 625
91 89 920
91 90 958
91 92 506
91 93 968
91 94 526
91 95 409
91 96 43
91 97 759
91 98 200
91 99 894
92 0 483
92 1 591
92 2 503
92 3 477
92 4 24
92 5 132
92 6 367
92 7 123
92 8 584
92 9 201
92 10 201
92 11 571
92 12 939
92 13 621
92 14 94
92 15 572
92 16 175
92 17 700
92 18 387
92 19 235
92 20 567
92 21 426
92 22 611
92 23 160
92 24 402
92 25 292
92 26 326
92 27 192
92 28 377
92 29 64
92 30 82
92 31 370
92 32 179
92 33 647
92 34 115
92 35 674
92 36 458
92 37 522
92 38 867
92 39 774
92 40 920
92 41 73
92 42 168
92 43 2
92 44 164
92 45 891
92 46 395
92 47 713
92 48 323
92 49 472
92 50 788
92 51 542
92 52 714
92 53 604
92 54 219
92 55 153
92 56 390
92 57 327
92 58 335
92 59 180
92 60 743
92 61 959
92 62 87
92 63 45
92 64 84
92 65 490
92 66 260
92 67 607
92 68 455
92 69 442
92 70 686
92 71 566
92 72 822
92 73 278
92 74 989
92 75 804
92 76 426
92 77 732
92 78 934
92 79 703
92 80 198
92 81 300
92 82 455
92 83 7
92 84 694
92 85 253
92 86 974
92 87 799
92 88 613
92 89 605
92 90 492
92 91 471
92 93 672
92 94 991
92 95 1
92 96 881
92 97 620
92 98 273
92 99 471
93 0 540
93 1 530
93 2 973
93 3 354
93 4 741
93 5 435
93 6 167
93 7 394
93 8 206
93 9 616
93 10 705
93 11 918
93 12 480
93 13 898
93 14 932
93 15 335
93 16 269
93 17 133
93 18 515
93 19 11
93 20 14
93 21 205
93 22 305
93 23 566
93 24 762
93 25 879
93 26 78
93 27 559
93 28 632
93 29 335
93 30 605
93 31 25
93 32 155
93 33 556
93 34 111
93 35 74
93 36 582
93 37 533
93 38 821
93 39 892
93 40 107
93 41 462
93 42 973
93 43 808
93 44 973
93 45 405
93 46 916
93 47 224
93 48 911
93 49 303
93 50 627
93 51 577
93 52 102
93 53 262
93 54 225
93 55 597
93 56 432
93 57 82
93 58 404
93 59 403
93 60 525
93 61 949
93 62 895
93 63 502
93 64 318
93 65 513
93 66 695
93 67 117
93 68 577
93 69 515
93 70 586
93 71 272
93 72 344
93 73 886
93 74 423
93 75 609
93 76 474
93 77 620
93 78 650
93 79 635
93 80 37
93 81 981
93 82 306
93 83 167
93 84 89
93 85 570
93 86 480
93 87 884
93 88 197
93 89 66
93 90 706
93 91 902
93 92 454
93 94 344
93 95 937
93 96 842
93 97 500
93 98 41
93 99 648
94 0 587
94 1 554
94 2 687
94 3 128
94 4 950
94 5 426
94 6 597
94 7 194
94 8 211
94 9 726
94 10 337
94 11 743
94 12 638
94 13 776
94 14 605
94 15 969
94 16 5
94 17 582
94 18 343
94 19 80
94 20 521
94 21 464
94 22 975
94 23 227
94 24 263
94 25 42
94 26 525
94 27 921
94 28 786
94 29 333
94 30 136
94 31 318
94 32 862
94 33 295
94 34 370
94 35 317
94 36 181
94 37 19
94 38 191
94 39 963
94 40 128
94 41 144
94 42 431
94 43 4
94 44 819
94 45 234
94 46 851
94 47 440
94 48 120
94 49 695
94 50 812
94 51 95
94 52 14
94 53 744
94 54 620
94 55 916
94 56 949
94 57 885
94 58 948
94 59 382
94 60 545
94 61 494
94 62 800
94 63 852
94 64 839
94 65 748
94 66 241
94 67 963
94 68 326
94 69 645
94 70 745
94 71 531
94 72 104
94 73 585
94 74 971
94 75 712
94 76 894
94 77 112
94 78 152
94 79 552
94 80 278
94 81 124
94 82 377
94 83 79
94 84 614
94 85 838
94 86 319
94 87 779
94 88 226
94 89 744
94 90 734
94 91 603
94 92 461
94 93 429
94 95 157
94 96 425
94 97 200
94 98 941
94 99 386
95 0 320
95 1 339
95 2 165
95 3 904
95 4 569
95 5 523
95 6 969
95 7 79
95 8 294
95 9 242
95 10 859
95 11 396
95 12 495
95 13 193
95 14 290
95 15 883
95 16 653
95 17 588
95 18 34
95 19 708
95 20 256
95 21 98
95 22 886
95 23 368
95 24 487
95 25 372
95 26 191
95 27 574
95 28 856
95 29 393
95 30 91
95 31 59
95 32 818
95 33 151
95 34 735
95 35 565
95 36 915
95 37 988
95 38 492
95 39 666
95 40 950
95 41 175
95 42 828
95 43 967
95 44 431
95 45 991
95 46 914
95 47 279
95 48 77
95 49 146
95 50 738
95 51 158
95 52 870
95 53 543
95 54 366
95 55 927
95 56 40
95 57 335
95 58 8
95 59 248
95 60 525
95 61 596
95 62 775
95 63 715
95 64 357
95 65 43
95 66 46
95 67 22
95 68 242
95 69 252
95 70 437
95 71 223
95 72 581
95 73 743
95 74 160
95 75 312
95 76 767
95 77 835
95 78 452
95 79 871
95 80 432
95 81 717
95 82 759
95 83 806
95 84 166
95 85 213
95 86 350
95 87 419
95 88 837
95 89 521
95 90 320
95 91 263
95 92 70
95 93 64
95 94 287
95 96 48
95 97 260
95 98 703
95 99 816
96 0 503
96 1 400
96 2 458
96 3 668
96 4 82
96 5 800
96 6 317
96 7 936
96 8 35
96 9 194
96 10 81
96 11 31
96 12 598
96 13 553
96 14 252
96 15 40
96 16 844
96 17 934
96 18 465
96 19 556
96 20 236
96 21 739
96 22 21
96 23 697
96 24 146
96 25 334
96 26 422
96 27 696
96 28 102
96 29 832
96 30 615
96 31 548
96 32 178
96 33 234
96 34 773
96 35 511
96 36 865
96 37 55
96 38 136
96 39 985
96 40 651
96 41 912
96 42 53
96 43 759
96 44 954
96 45 850
96 46 470
96 47 622
96 48 918
96 49 637
96 50 695
96 51 213
96 52 14
96 53 903
96 54 259
96 55 815
96 56 653
96 57 710
96 58 30
96 59 403
96 60 250
96 61 432
96 62 477
96 63 434
96 64 787
96 65 810
96 66 639
96 67 653
96 68 699
96 69 231
96 70 663
96 71 673
96 72 943
96 73 209
96 74 942
96 75 64
96 76 559
96 77 990
96 78 156
96 79 799
96 80 151
96 81 597
96 82 89
96 83 776
96 84 45
96 85 220
96 86 724
96 87 214
96 88 496
96 89 769
96 90 731
96 91 122
96 92 748
96 93 619
96 94 778
96 95 827
96 97 329
96 98 303
96 99 152
97 0 197
97 1 778
97 2 949
97 3 59
97 4 331
97 5 379
97 6 436
97 7 956
97 8 136
97 9 460
97 10 678
97 11 865
97 12 364
97 13 496
97 14 557
97 15 880
97 16 846
97 17 357
97 18 186
97 19 63
97 20 73
97 21 896
97 22 296
97 23 591
97 24 855
97 25 94
97 26 145
97 27 789
97 28 248
97 29 551
97 30 103
97 31 815
97 32 554
97 33 833
97 34 884
97 35 866
97 36 588
97 37 230
97 38 458
97 39 819
97 40 338
97 41 914
97 42 593
97 43 277
97 44 798
97 45 436
97 46 849
97 47 684
97 48 531
97 49 760
97 50 449
97 51 910
97 52 163
97 53 704
97 54 953
97 55 854
97 56 87
97 57 280
97 58 268
97 59 987
97 60 9
97 61 764
97 62 601
97 63 359
97 64 17
97 65 610
97 66 109
97 67 448
97 68 378
97 69 923
97 70 89
97 71 426
97 72 682
97 73 364
97 74 481
97 75 744
97 76 904
97 77 329
97 78 278
97 79 933
97 80 323
97 81 281
97 82 131
97 83 204
97 84 704
97 85 139
97 86 66
97 87 82
97 88 205
97 89 553
97 90 999
97 91 949
97 92 547
97 93 513
97 94 738
97 95 385
97 96 81
97 98 798
97 99 600
98 0 28
98 1 785
98 2 684
98 3 561
98 4 338
98 5 23
98 6 144
98 7 389
98 8 902
98 9 195
98 10 36
98 11 1000
98 12 780
98 13 433
98 14 349
98 15 655
98 16 641
98 17 635
98 18 762
98 19 62
98 20 436
98 21 753
98 22 382
98 23 335
98 24 187
98 25 380
98 26 631
98 27 958
98 28 999
98 29 361
98 30 30
98 31 519
98 32 792
98 33 759
98 34 494
98 35 359
98 36 975
98 37 18
98 38 749
98 39 625
98 40 240
98 41 616
98 42 836
98 43 72
98 44 462
98 45 863
98 46 395
98 47 201
98 48 898
98 49 457
98 50 810
98 51 473
98 52 23
98 53 777
98 54 373
98 55 323
98 56 809
98 57 623
98 58 453
98 59 375
98 60 611
98 61 878
98 62 973
98 63 363
98 64 486
98 65 815
98 66 691
98 67 65
98 68 497
98 69 484
98 70 195
98 71 793
98 72 669
98 73 650
98 74 196
98 75 607
98 76 190
98 77 914
98 78 892
98 79 929
98 80 988
98 81 993
98 82 198
98 83 100
98 84 455
98 85 497
98 86 134
98 87 159
98 88 153
98 89 743
98 90 641
98 91 482
98 92 989
98 93 207
98 94 766
98 95 585
98 96 358
98 97 383
98 99 710
99 0 834
99 1 363
99 2 366
99 3 430
99 4 911
99 5 502
99 6 677
99 7 528
99 8 403
99 9 841
99 10 969
99 11 30
99 12 33
99 13 380
99 14 73
99 15 465
99 16 92
99 17 39
99 18 187
99 19 593
99 20 381
99 21 969
99 22 855
99 23 7
99 24 414
99 25 972
99 26 698
99 27 439
99 28 877
99 29 957
99 30 350
99 31 50
99 32 49
99 33 265
99 34 501
99 35 432
99 36 91
99 37 223
99 38 891
99 39 312
99 40 198
99 41 484
99 42 454
99 43 719
99 44 681
99 45 878
99 46 494
99 47 603
99 48 743
99 49 711
99 50 893
99 51 261
99 52 20
99 53 225
99 54 179
99 55 634
99 56 930
99 57 138
99 58 262
99 59 721
99 60 173
99 61 647
99 62 178
99 63 598
99 64 155
99 65 705
99 66 693
99 67 597
99 68 547
99 69 105
99 70 434
99 71 670
99 72 101
99 73 66
99 74 31
99 75 300
99 76 945
99 77 297
99 78 660
99 79 161
99 80 91
99 81 599
99 82 582
99 83 9
99 84 331
99 85 641
99 86 778
99 87 425
99 88 656
99 89 126
99 90 274
99 91 513
99 92 993
99 93 466
99 94 918
99 95 13
99 96 819
99 97 668
99 98 159
