500 7826 0
0 14 624
0 88 787
0 124 412
0 206 967
0 276 840
0 279 314
0 290 586
0 331 550
0 351 182
0 401 230
0 424 680
0 1 17
0 4 486
0 30 118
0 178 715
0 282 729
0 493 210
1 30 456
1 51 297
1 70 604
1 78 311
1 95 963
1 179 297
1 191 7
1 210 720
1 255 627
1 329 359
1 343 276
1 349 681
1 380 93
1 442 15
1 443 608
1 2 25
1 9 922
1 10 479
1 25 905
1 32 938
1 63 966
2 70 48
2 172 152
2 183 87
2 275 56
2 282 262
2 298 318
2 334 747
2 365 75
2 395 945
2 400 64
2 401 841
2 3 82
2 5 229
2 7 827
3 94 602
3 114 624
3 181 35
3 317 805
3 331 860
3 351 643
3 373 964
3 382 320
3 417 341
3 470 618
3 499 849
3 6 808
3 19 622
3 37 474
3 51 24
3 55 544
3 101 848
3 386 689
4 56 998
4 206 622
4 315 751
4 316 499
4 435 745
4 12 857
4 14 413
4 313 296
5 147 875
5 211 626
5 218 26
5 231 244
5 313 364
5 397 358
5 408 848
5 445 329
5 472 174
5 151 429
6 141 194
6 231 404
6 260 53
6 320 825
6 102 29
6 147 274
6 264 908
7 141 984
7 241 788
7 261 619
7 308 556
7 326 218
7 350 865
7 382 306
7 432 155
7 435 610
7 439 12
7 448 739
7 8 411
7 46 838
7 49 263
7 232 253
8 86 19
8 89 40
8 125 627
8 251 182
8 313 767
8 416 463
8 437 950
8 11 609
8 82 152
8 374 853
9 18 229
9 22 858
9 27 627
9 72 746
9 114 834
9 115 336
9 238 304
9 367 670
9 376 400
9 1 513
9 15 713
9 60 791
9 205 79
9 344 525
9 405 487
10 37 225
10 56 274
10 125 270
10 149 34
10 175 865
10 203 374
10 221 590
10 230 304
10 254 916
10 352 813
10 419 578
10 438 261
10 13 238
10 17 717
10 95 314
10 252 340
10 293 537
10 356 832
11 35 299
11 205 280
11 224 900
11 349 386
11 352 496
11 359 114
11 382 716
11 20 78
11 28 427
11 31 201
11 104 999
11 138 665
12 87 179
12 113 701
12 138 843
12 166 695
12 247 846
12 303 213
12 26 280
12 41 881
12 97 380
13 23 666
13 84 967
13 116 536
13 124 453
13 159 661
13 208 451
13 314 718
13 395 633
13 412 944
13 450 796
13 16 419
13 44 215
13 117 793
13 185 554
14 20 455
14 28 869
14 48 350
14 79 96
14 171 754
14 188 222
14 192 628
14 359 489
14 421 317
14 439 948
14 18 601
14 21 771
14 36 107
14 467 852
14 303 937
14 363 22
14 67 32
14 356 956
14 199 73
14 472 695
14 368 712
14 271 716
14 278 803
14 101 239
14 443 956
14 366 567
14 471 432
14 104 665
14 474 963
14 183 328
14 115 514
14 316 97
14 255 93
14 416 494
14 326 302
14 475 737
14 25 507
14 396 478
14 211 902
14 498 997
14 309 61
14 349 316
14 430 555
14 237 671
14 276 563
14 164 976
14 103 886
14 161 484
14 83 379
14 166 635
14 423 485
14 444 130
14 251 680
14 390 552
14 37 231
14 285 651
14 402 50
14 456 460
14 485 580
14 461 246
15 52 983
15 69 255
15 82 987
15 252 606
15 313 232
15 123 694
16 104 35
16 125 290
16 408 112
16 424 395
16 433 344
16 445 989
16 469 426
16 52 353
16 186 145
16 376 605
16 397 392
17 26 467
17 98 131
17 114 424
17 118 161
17 133 236
17 136 38
17 143 382
17 281 472
17 351 849
17 381 673
17 430 464
17 468 116
17 24 700
17 27 976
17 349 337
18 19 265
18 127 611
18 131 133
18 141 749
18 180 723
18 196 304
18 256 37
18 269 983
18 309 200
18 310 536
18 361 299
18 368 267
18 394 243
18 437 83
18 465 469
18 476 116
18 489 975
18 492 544
18 197 498
19 89 765
19 96 328
19 161 891
19 193 184
19 286 313
19 340 515
19 399 106
19 408 3
19 439 208
19 444 226
19 457 371
19 488 551
19 3 902
19 38 886
19 81 183
19 134 381
20 139 824
20 208 340
20 223 236
20 256 317
20 317 198
20 325 884
20 371 655
20 372 526
20 439 777
20 488 920
20 22 56
20 29 690
20 53 387
20 70 262
20 90 296
20 159 396
21 38 275
21 131 86
21 149 641
21 191 59
21 297 0
21 355 951
21 394 956
21 410 599
21 426 974
21 431 841
21 54 135
21 280 233
21 389 910
21 467 573
21 303 0
21 363 552
21 67 740
21 356 130
21 199 602
21 472 832
21 188 639
21 368 962
21 271 295
21 278 943
21 101 677
21 443 176
21 366 164
21 471 598
21 104 498
21 474 962
21 183 38
21 115 671
21 316 508
21 255 610
21 416 907
21 326 318
21 475 882
21 25 567
21 396 899
21 211 244
21 498 694
21 309 733
21 349 959
21 430 906
21 237 697
21 276 366
21 164 122
21 103 819
21 161 215
21 83 855
21 14 225
21 166 157
21 423 158
21 444 286
21 251 528
21 390 488
21 37 313
21 285 457
21 402 302
21 456 197
21 485 351
21 461 211
22 196 138
22 230 472
22 258 489
22 386 805
22 390 909
22 409 167
22 491 524
22 225 227
23 120 781
23 158 440
23 456 398
23 12 283
23 136 223
24 46 356
24 54 664
24 62 314
24 110 473
24 167 694
24 195 135
24 366 716
24 370 442
24 388 385
24 7 459
24 78 418
24 84 745
24 347 216
24 458 914
25 88 629
25 112 52
25 120 261
25 145 582
25 194 534
25 213 762
25 241 51
25 301 673
25 325 493
25 416 590
25 457 885
25 15 48
25 20 422
25 48 636
25 72 611
25 177 958
25 409 178
25 467 28
25 303 15
25 363 611
25 67 258
25 356 914
25 199 180
25 472 70
25 188 837
25 368 32
25 271 279
25 278 340
25 101 989
25 443 22
25 366 725
25 471 306
25 104 867
25 474 401
25 183 105
25 115 388
25 316 416
25 255 754
25 326 338
25 475 769
25 396 210
25 211 710
25 498 943
25 309 863
25 349 802
25 430 254
25 237 168
25 21 889
25 276 617
25 164 454
25 103 843
25 161 902
25 83 393
25 14 321
25 166 843
25 423 462
25 444 547
25 251 754
25 390 151
25 37 832
25 285 582
25 402 99
25 456 752
25 485 796
25 461 289
26 33 463
26 156 634
26 247 864
26 277 118
26 299 139
26 318 805
26 394 310
26 467 547
26 494 254
26 18 668
26 85 512
26 88 349
26 158 787
26 248 695
26 278 420
27 55 953
27 120 586
27 133 343
27 168 786
27 192 69
27 194 896
27 196 371
27 243 504
27 261 14
27 308 114
27 385 150
27 408 139
27 488 680
27 35 262
27 100 283
27 144 903
28 34 130
28 135 822
28 168 933
28 172 245
28 173 165
28 189 357
28 246 349
28 253 699
28 265 513
28 266 227
28 273 883
28 56 976
28 68 773
28 111 240
28 215 604
29 72 46
29 158 865
29 231 526
29 400 683
29 433 199
29 445 557
30 57 500
30 90 856
30 102 381
30 183 178
30 222 404
30 228 480
30 277 507
30 360 208
30 410 841
30 480 458
30 33 559
30 206 393
30 236 719
30 303 309
30 340 962
31 78 232
31 134 123
31 169 528
31 181 745
31 227 473
31 231 810
31 276 424
31 303 636
31 339 876
31 364 749
31 399 278
31 8 323
31 14 88
31 28 99
31 71 784
31 74 154
31 75 659
32 50 854
32 64 231
32 112 506
32 113 546
32 184 184
32 211 60
32 235 470
32 0 190
32 34 538
32 39 764
32 47 492
32 61 132
32 65 26
33 290 243
33 360 191
33 415 201
33 427 614
33 437 32
34 190 348
34 230 357
34 254 795
34 301 492
34 351 317
34 359 981
34 366 807
34 374 337
34 419 578
34 33 343
34 40 330
34 43 87
34 67 309
34 76 650
34 133 414
35 81 908
35 194 75
35 228 706
35 294 799
35 339 501
35 357 940
35 363 632
35 418 655
35 50 325
35 110 603
36 38 358
36 59 804
36 70 441
36 78 96
36 189 764
36 216 123
36 274 702
36 377 16
36 382 157
36 21 545
37 67 578
37 147 375
37 164 822
37 168 909
37 208 247
37 212 25
37 246 81
37 249 573
37 261 105
37 262 674
37 311 314
37 496 436
37 29 393
37 62 297
37 69 854
37 106 329
37 441 488
37 467 60
37 303 782
37 363 241
37 356 279
37 199 716
37 472 999
37 188 338
37 368 423
37 271 807
37 278 882
37 101 334
37 443 57
37 366 84
37 471 79
37 104 40
37 474 320
37 183 880
37 115 583
37 316 851
37 255 137
37 416 763
37 326 53
37 475 901
37 25 937
37 396 309
37 211 605
37 498 792
37 309 270
37 349 904
37 430 830
37 237 615
37 21 870
37 276 818
37 103 745
37 161 853
37 83 228
37 14 670
37 166 528
37 423 818
37 444 330
37 251 916
37 390 566
37 285 219
37 402 843
37 456 211
37 485 141
37 461 631
38 41 458
38 74 902
38 136 386
38 162 836
38 207 836
38 276 727
38 375 159
38 392 82
38 394 270
38 440 763
38 459 958
38 468 962
38 483 742
38 23 999
38 42 741
38 93 384
38 132 864
38 182 335
38 194 695
38 367 337
39 56 300
39 66 651
39 132 903
39 141 444
39 228 338
39 229 907
39 274 968
39 294 830
39 321 663
39 423 985
39 466 199
39 0 644
39 99 876
39 107 17
39 135 813
39 353 776
40 66 903
40 176 823
40 226 662
40 250 433
40 332 148
40 483 322
40 499 75
40 5 978
40 195 135
40 312 236
41 136 541
41 144 131
41 239 495
41 279 318
41 335 599
41 364 47
41 421 455
41 481 985
41 25 732
41 80 451
41 120 552
41 203 150
42 87 665
42 118 513
42 140 876
42 226 397
42 341 87
42 370 623
42 371 869
42 376 621
42 384 243
42 463 839
42 470 993
43 129 921
43 135 468
43 143 651
43 159 426
43 175 560
43 197 997
43 212 335
43 222 569
43 235 229
43 276 45
43 294 845
43 386 913
43 390 21
43 447 281
43 487 626
43 20 411
43 29 708
43 45 147
43 57 224
43 311 235
44 117 657
44 144 831
44 215 926
44 242 870
44 351 634
44 356 424
44 493 884
44 35 609
44 77 894
44 103 515
44 167 980
45 112 882
45 202 778
45 217 179
45 245 975
45 312 149
45 355 682
45 485 51
45 410 758
46 104 247
46 263 947
46 270 1000
46 322 965
46 330 99
46 366 600
46 3 4
46 58 244
46 188 598
47 64 117
47 128 983
47 214 65
47 257 664
47 348 42
47 355 196
47 379 253
47 386 157
47 415 222
47 0 344
47 114 416
47 122 540
47 429 933
48 91 418
48 109 83
48 172 378
48 180 603
48 192 90
48 222 322
48 317 659
48 336 813
48 376 397
48 385 125
48 450 523
48 473 333
48 18 53
48 89 76
49 239 49
49 276 301
49 289 304
49 344 727
49 365 36
49 7 821
49 59 905
49 83 173
50 97 110
50 134 382
50 185 975
50 194 361
50 266 291
50 333 175
50 121 464
50 346 672
51 116 436
51 154 772
51 204 194
51 215 665
51 219 754
51 342 249
51 381 95
51 456 125
51 465 425
51 148 162
52 74 509
52 169 604
52 179 991
52 183 528
52 256 464
52 290 899
52 293 552
52 305 711
52 387 537
52 427 930
52 432 182
52 454 781
52 10 0
52 64 731
52 487 912
53 109 969
53 129 953
53 141 96
53 224 17
53 236 492
53 243 157
53 306 211
53 330 901
53 334 336
53 400 584
53 403 52
53 10 87
53 284 516
53 308 534
53 309 261
53 408 823
54 86 131
54 171 266
54 181 339
54 385 435
54 490 121
54 494 755
54 497 891
54 6 401
54 7 711
54 15 4
54 164 750
54 416 291
54 460 565
55 82 949
55 300 704
55 323 306
55 324 425
55 325 622
55 385 325
55 419 506
55 7 721
55 450 314
56 78 998
56 179 55
56 183 887
56 191 17
56 203 505
56 207 736
56 267 130
56 408 125
56 442 676
56 477 33
56 24 215
56 32 256
56 139 232
56 304 122
56 305 643
57 62 531
57 83 228
57 111 951
57 122 729
57 185 195
57 241 516
57 390 302
57 398 443
57 492 301
57 27 822
57 36 863
57 105 473
57 288 915
57 471 738
58 73 489
58 136 634
58 168 989
58 277 762
58 279 586
58 316 913
58 342 428
58 351 218
58 365 208
58 394 694
58 51 854
58 214 4
58 377 722
59 133 221
59 152 374
59 199 759
59 234 170
59 236 314
59 332 805
59 347 222
59 366 34
59 490 570
60 132 445
60 160 908
60 173 418
60 186 553
60 255 347
60 336 218
60 357 132
60 373 300
60 404 89
60 456 132
60 488 60
60 491 338
60 20 955
60 297 51
61 92 132
61 179 669
61 228 68
61 242 543
61 453 112
61 8 113
61 12 740
61 29 48
61 45 121
61 66 150
61 199 386
62 90 881
62 107 971
62 163 986
62 189 628
62 249 312
62 309 31
62 396 451
62 458 104
62 16 195
62 73 621
62 91 744
62 157 623
62 289 521
63 67 575
63 197 12
63 228 825
63 291 238
63 345 168
63 488 8
63 29 586
63 108 448
63 435 270
64 65 892
64 165 297
64 252 901
64 394 609
64 9 617
64 335 859
65 118 982
65 124 185
65 261 933
65 295 865
65 300 522
65 407 612
65 445 402
65 449 924
65 137 322
65 499 107
66 71 170
66 89 122
66 145 563
66 260 148
66 397 485
66 401 159
66 449 10
66 492 616
66 328 34
67 90 304
67 140 222
67 316 121
67 399 266
67 401 264
67 411 460
67 53 496
67 115 923
67 479 825
67 467 945
67 303 227
67 363 276
67 356 905
67 199 694
67 472 619
67 188 569
67 368 447
67 271 921
67 278 467
67 101 309
67 443 991
67 366 454
67 471 224
67 104 609
67 474 556
67 183 429
67 255 108
67 416 428
67 326 401
67 475 205
67 25 124
67 396 759
67 211 372
67 498 833
67 309 646
67 349 666
67 430 667
67 237 576
67 21 248
67 276 901
67 164 674
67 103 880
67 161 752
67 83 20
67 14 512
67 166 695
67 423 70
67 444 21
67 251 734
67 390 416
67 37 365
67 285 205
67 402 735
67 456 209
67 485 337
67 461 446
68 88 111
68 121 46
68 160 887
68 190 741
68 195 922
68 214 503
68 249 443
68 385 893
68 390 313
68 476 279
68 492 398
68 497 990
68 47 622
68 55 986
68 124 285
68 131 392
68 449 593
68 469 158
69 73 643
69 80 128
69 282 17
69 373 70
69 422 177
69 435 43
69 497 325
70 139 889
70 154 622
70 287 372
70 293 542
70 300 478
70 306 856
70 373 446
70 378 1000
70 444 821
70 479 207
70 493 410
70 184 62
71 111 365
71 263 787
71 304 694
71 324 515
71 351 392
71 410 673
71 450 672
71 40 469
71 43 581
71 63 614
71 113 412
72 123 583
72 134 259
72 136 850
72 171 966
72 197 615
72 226 602
72 248 112
72 315 651
72 367 177
72 475 293
72 43 175
72 68 651
72 70 673
73 76 565
73 186 778
73 272 595
73 280 765
73 316 552
73 379 414
73 454 263
73 16 142
73 30 670
73 79 588
73 172 82
74 100 912
74 110 318
74 123 445
74 144 310
74 166 768
74 262 444
74 268 632
74 338 2
74 343 509
74 345 209
74 399 536
74 412 874
74 447 290
74 455 810
74 468 207
74 31 13
74 319 771
75 80 621
75 132 691
75 148 527
75 167 314
75 172 99
75 214 416
75 265 759
75 329 769
75 336 370
75 347 749
75 379 391
75 2 949
75 10 374
75 462 740
76 103 622
76 200 744
76 204 853
76 355 391
76 384 862
76 412 215
76 460 320
76 37 964
76 49 919
76 69 8
76 244 60
76 350 104
77 114 637
77 131 515
77 231 717
77 239 652
77 302 978
77 342 665
77 388 427
77 430 112
77 438 424
77 462 344
77 87 642
77 116 224
77 191 348
78 98 342
78 108 991
78 155 725
78 284 356
78 295 378
78 296 150
78 305 320
78 341 347
78 354 86
78 376 260
78 447 350
78 474 821
78 19 909
78 86 849
78 94 751
78 163 654
79 99 280
79 121 652
79 162 288
79 211 903
79 238 155
79 248 422
79 254 598
79 255 405
79 264 226
79 269 623
79 280 107
79 297 235
79 302 922
79 342 982
79 348 275
79 419 458
79 430 641
79 442 911
79 460 132
79 494 816
79 13 291
79 40 953
79 77 141
80 114 969
80 197 282
80 301 48
80 321 9
80 361 244
80 383 370
80 395 341
80 399 961
80 119 674
81 172 640
81 186 119
81 262 971
81 266 711
81 348 462
81 454 652
81 464 60
81 276 280
81 283 157
82 154 963
82 180 498
82 207 221
82 209 233
82 218 341
82 219 93
82 220 108
82 233 268
82 283 502
82 420 479
82 488 312
82 29 430
82 294 813
82 296 767
83 127 372
83 185 963
83 212 593
83 249 556
83 307 189
83 315 93
83 379 793
83 461 120
83 9 128
83 72 413
83 285 278
83 467 87
83 303 864
83 363 556
83 67 606
83 356 726
83 199 878
83 472 296
83 188 877
83 368 534
83 271 170
83 278 720
83 101 951
83 443 484
83 366 424
83 471 901
83 104 251
83 474 382
83 183 280
83 115 940
83 316 277
83 255 902
83 416 859
83 326 850
83 475 771
83 25 337
83 396 178
83 211 265
83 498 222
83 309 100
83 349 298
83 430 798
83 237 395
83 21 409
83 276 346
83 164 476
83 103 748
83 161 97
83 14 686
83 166 70
83 423 951
83 444 861
83 251 868
83 390 572
83 37 249
83 402 169
83 456 468
83 485 193
84 135 595
84 275 368
84 281 774
84 302 272
84 42 36
85 88 139
85 135 808
85 228 7
85 250 712
85 288 978
85 364 376
85 387 454
85 446 292
85 211 677
85 331 773
86 101 579
86 121 318
86 133 718
86 228 642
86 365 912
86 374 841
86 375 336
86 396 183
86 497 672
86 112 981
86 160 15
87 124 592
87 250 303
87 254 167
87 339 26
87 7 450
87 179 454
87 233 909
88 137 877
88 412 123
88 476 914
88 48 447
88 66 686
88 92 717
88 180 866
89 97 656
89 144 484
89 328 785
89 465 84
89 468 36
89 8 476
89 58 688
89 72 735
89 130 447
89 143 230
89 213 282
90 142 130
90 230 605
90 346 489
90 386 457
90 443 88
90 447 663
90 485 889
90 35 361
90 209 714
90 492 971
91 117 424
91 151 843
91 191 553
91 205 317
91 269 508
91 282 484
91 288 461
91 312 320
91 395 581
91 422 948
91 496 316
91 61 85
91 80 117
91 98 108
91 141 986
92 186 77
92 225 925
92 293 252
92 395 704
92 404 434
92 12 451
92 42 69
92 67 911
92 256 604
92 314 476
93 218 858
93 244 658
93 245 23
93 272 947
93 286 554
93 367 182
93 401 145
93 410 784
93 450 814
93 466 956
93 468 672
93 26 421
93 29 863
93 176 574
93 258 699
93 342 338
93 433 170
94 98 953
94 140 704
94 182 343
94 199 161
94 240 249
94 245 492
94 273 401
94 278 173
94 392 99
94 441 374
94 444 163
94 452 466
94 465 99
94 473 974
94 11 728
94 28 155
94 77 340
94 440 795
95 185 38
95 223 890
95 301 707
95 360 117
95 400 306
95 451 319
95 488 830
95 11 280
95 58 939
95 96 178
95 251 599
95 423 683
96 238 954
96 283 936
96 366 945
96 436 212
96 447 402
96 453 483
96 476 729
96 5 570
96 42 20
96 51 275
96 52 647
96 58 795
96 83 991
96 291 409
96 403 583
97 124 114
97 240 304
97 247 378
97 279 552
97 360 565
97 434 391
97 2 295
97 35 302
97 67 81
97 275 459
98 121 713
98 144 230
98 146 296
98 185 485
98 246 21
98 374 244
98 423 826
98 434 18
98 6 112
98 14 22
98 48 343
98 129 433
98 279 146
98 355 305
99 167 40
99 320 105
99 345 836
99 457 810
99 468 100
99 125 870
99 142 315
100 104 479
100 109 842
100 169 314
100 249 752
100 367 143
100 0 438
100 10 260
100 11 785
100 32 370
100 93 265
100 382 428
101 177 431
101 244 592
101 388 831
101 443 529
101 445 319
101 91 591
101 97 823
101 99 494
101 306 447
101 481 243
101 467 720
101 303 643
101 363 183
101 67 682
101 356 465
101 199 293
101 472 137
101 188 99
101 368 576
101 271 186
101 278 132
101 366 257
101 471 965
101 104 799
101 474 944
101 183 288
101 115 283
101 316 108
101 255 324
101 416 114
101 326 4
101 475 201
101 25 67
101 396 590
101 211 705
101 498 325
101 309 542
101 349 46
101 430 272
101 237 617
101 21 667
101 276 497
101 164 437
101 103 918
101 161 123
101 83 174
101 14 263
101 166 700
101 423 722
101 444 199
101 251 237
101 390 612
101 37 321
101 285 973
101 402 184
101 456 847
101 485 38
101 461 938
102 123 53
102 206 1
102 217 200
102 236 896
102 242 97
102 252 742
102 271 703
102 302 50
102 420 905
102 477 949
102 480 507
102 17 93
102 66 313
102 333 201
102 421 516
102 473 364
103 143 733
103 169 919
103 175 646
103 289 436
103 298 163
103 321 886
103 364 791
103 381 246
103 386 920
103 485 720
103 487 514
103 90 948
103 467 711
103 303 568
103 363 595
103 67 942
103 356 170
103 199 464
103 472 393
103 188 206
103 368 987
103 271 860
103 278 54
103 101 542
103 443 782
103 366 632
103 471 633
103 104 437
103 474 582
103 183 729
103 115 504
103 316 965
103 255 153
103 416 416
103 326 624
103 475 852
103 25 966
103 396 527
103 211 520
103 498 974
103 309 869
103 349 923
103 430 700
103 237 78
103 21 176
103 276 588
103 164 840
103 161 850
103 83 173
103 14 323
103 166 965
103 423 636
103 444 164
103 251 627
103 390 421
103 37 917
103 285 846
103 402 840
103 456 369
103 461 656
104 141 631
104 211 432
104 340 679
104 357 427
104 7 297
104 82 211
104 89 414
104 268 417
104 467 599
104 303 426
104 363 512
104 67 720
104 356 960
104 199 229
104 472 741
104 188 471
104 368 87
104 271 10
104 278 701
104 101 700
104 443 606
104 366 487
104 471 539
104 474 36
104 183 332
104 115 344
104 316 795
104 255 799
104 416 930
104 326 332
104 475 495
104 25 649
104 396 733
104 498 588
104 309 779
104 349 917
104 430 289
104 237 780
104 21 588
104 276 888
104 164 896
104 103 542
104 161 73
104 83 62
104 14 847
104 166 68
104 423 718
104 444 302
104 251 847
104 390 188
104 37 909
104 285 279
104 402 761
104 456 249
104 485 682
104 461 89
105 160 97
105 171 964
105 212 584
105 233 194
105 253 34
105 257 310
105 323 447
105 327 262
105 481 86
105 488 522
105 36 622
105 51 966
105 150 33
105 152 19
105 217 754
105 448 132
106 292 682
106 440 239
106 451 86
106 460 435
106 17 134
106 161 723
106 363 791
106 401 606
107 198 762
107 211 623
107 269 930
107 295 878
107 363 359
107 407 78
107 439 211
107 32 806
107 61 977
107 454 234
108 116 484
108 123 798
108 316 580
108 379 959
108 12 93
108 34 892
108 153 825
108 287 535
108 351 228
109 129 879
109 182 973
109 279 520
109 20 474
109 47 896
109 91 161
109 212 468
110 116 617
110 137 383
110 269 255
110 297 142
110 375 115
110 429 312
110 475 497
110 485 907
111 126 516
111 236 681
111 299 728
111 302 60
111 433 921
111 447 412
111 470 222
111 85 442
112 169 844
112 245 934
112 305 464
112 365 601
112 408 128
112 439 802
112 458 769
112 15 839
112 45 395
112 50 40
112 411 573
112 427 804
113 273 3
113 297 515
113 427 253
113 449 547
113 465 593
113 86 374
113 478 31
114 247 795
114 305 134
114 338 91
114 354 537
114 359 108
114 10 225
114 70 719
114 126 721
114 261 995
114 325 914
115 220 985
115 330 168
115 373 397
115 9 380
115 23 211
115 74 73
115 80 418
115 83 962
115 118 203
115 187 729
115 301 780
115 467 147
115 303 730
115 363 238
115 67 481
115 356 628
115 199 420
115 472 306
115 188 361
115 368 161
115 271 753
115 278 855
115 101 738
115 443 282
115 366 304
115 471 717
115 104 901
115 474 406
115 183 383
115 316 244
115 255 957
115 416 885
115 326 249
115 475 720
115 25 203
115 396 423
115 211 672
115 498 642
115 309 938
115 349 140
115 430 414
115 237 998
115 21 288
115 276 769
115 164 934
115 103 843
115 161 920
115 14 211
115 166 172
115 423 859
115 444 42
115 251 325
115 390 680
115 37 348
115 285 919
115 402 683
115 456 619
115 485 894
115 461 955
116 155 698
116 186 35
116 285 297
116 338 192
116 354 844
116 365 498
116 400 138
116 416 661
116 464 965
116 478 46
116 492 722
116 59 169
116 105 575
116 390 861
117 368 214
117 446 378
117 451 471
117 483 955
117 484 433
117 7 233
117 44 541
117 85 131
117 181 783
117 204 185
118 139 843
118 284 690
118 339 493
118 24 537
118 25 630
118 33 832
118 38 147
118 108 731
118 166 21
119 147 612
119 171 40
119 189 412
119 225 135
119 269 63
119 344 852
119 369 851
119 398 882
119 407 207
119 421 692
119 20 582
119 31 391
119 55 216
119 110 488
119 230 3
120 132 797
120 204 412
120 269 539
120 281 553
120 474 127
120 22 266
120 61 474
120 146 51
120 175 847
121 153 789
121 159 322
121 161 495
121 276 874
121 345 55
121 455 496
121 78 140
121 104 895
121 110 719
121 116 139
121 128 709
122 126 960
122 155 630
122 171 984
122 333 361
122 376 467
122 410 335
122 497 674
122 59 62
122 78 85
122 85 202
122 235 602
122 334 685
123 238 755
123 240 750
123 253 919
123 264 0
123 315 84
123 325 965
123 377 423
123 406 791
123 420 278
123 421 212
123 453 118
123 485 345
123 38 240
124 165 342
124 229 819
124 272 489
124 329 568
124 346 401
124 360 560
124 488 196
124 24 236
124 30 400
124 78 845
124 220 72
124 402 496
124 452 496
125 158 854
125 208 17
125 225 448
125 302 201
125 309 1
125 334 201
125 340 232
125 405 316
125 408 623
125 486 528
125 21 170
125 35 93
125 388 496
126 180 774
126 194 612
126 238 402
126 243 400
126 264 177
126 299 29
126 361 944
126 386 63
126 443 79
126 472 828
126 0 101
126 57 506
126 87 611
126 96 97
126 111 73
126 165 209
126 189 401
127 137 328
127 279 280
127 292 56
127 322 768
127 347 621
127 451 648
127 73 512
127 83 599
127 477 796
128 133 695
128 141 487
128 196 535
128 208 557
128 229 760
128 239 823
128 277 844
128 299 846
128 306 693
128 334 334
128 345 660
128 377 100
128 468 675
128 499 919
128 17 348
128 59 789
128 100 265
128 101 20
128 108 276
128 127 61
128 145 675
128 200 884
129 155 34
129 156 412
129 212 357
129 252 5
129 295 483
129 346 579
129 392 359
129 416 928
129 432 190
129 49 250
129 73 786
129 88 755
129 112 944
129 140 189
129 387 520
129 456 839
130 143 610
130 179 629
130 196 168
130 208 836
130 226 281
130 246 703
130 402 449
130 441 851
130 463 470
130 466 140
130 494 221
130 14 276
130 59 838
130 100 191
130 123 717
130 193 126
130 315 676
131 175 227
131 195 142
131 213 85
131 260 276
131 266 460
131 293 481
131 491 353
131 21 665
131 103 9
131 224 147
132 142 200
132 146 359
132 171 719
132 214 252
132 226 44
132 237 937
132 244 19
132 255 263
132 271 877
132 310 191
132 339 937
132 346 588
132 347 37
132 422 448
132 16 266
132 208 1000
132 443 367
133 193 911
133 197 594
133 222 108
133 239 642
133 251 669
133 283 987
133 380 384
133 59 276
133 105 330
133 122 411
133 173 349
134 179 385
134 238 360
134 331 858
134 384 324
134 441 197
134 25 538
134 57 931
134 467 311
135 179 677
135 286 720
135 330 500
135 336 868
135 361 736
135 381 892
135 398 201
135 433 48
135 486 45
135 18 285
135 85 886
136 144 906
136 145 365
136 168 991
136 238 894
136 255 160
136 265 638
136 343 764
136 440 596
136 55 485
136 118 903
136 133 978
136 162 311
136 183 933
137 199 392
137 233 251
137 289 865
137 330 963
137 349 929
137 376 25
137 444 804
137 450 153
137 465 941
137 13 786
137 22 563
137 127 279
137 234 177
138 161 938
138 167 868
138 284 415
138 333 904
138 380 997
138 446 311
138 469 627
138 104 682
138 124 270
138 126 19
138 174 743
139 161 948
139 211 983
139 232 355
139 295 111
139 298 577
139 20 375
139 97 700
139 149 351
139 419 843
140 291 531
140 306 723
140 322 864
140 18 334
140 74 720
140 76 952
140 82 615
140 364 228
141 151 738
141 238 764
141 287 893
141 322 519
141 362 243
141 438 259
141 455 18
141 491 525
141 7 170
141 92 322
141 102 727
141 155 533
141 395 764
142 161 213
142 170 637
142 198 270
142 251 352
142 254 250
142 45 997
142 327 882
143 196 830
143 203 400
143 352 352
143 394 877
143 453 554
143 467 387
143 53 893
143 99 328
143 139 338
143 141 680
143 156 446
143 242 414
144 205 299
144 260 838
144 272 239
144 352 662
144 358 548
144 25 716
144 57 108
144 345 993
145 154 285
145 205 865
145 209 87
145 238 349
145 280 856
145 290 470
145 304 933
145 342 886
145 381 151
145 491 914
145 65 962
145 94 551
145 95 499
145 137 558
145 141 865
146 151 85
146 154 262
146 156 217
146 191 167
146 196 121
146 232 274
146 253 333
146 272 562
146 296 16
146 303 348
146 313 519
146 342 964
146 459 0
146 494 157
146 226 368
147 153 492
147 196 104
147 200 612
147 282 249
147 302 396
147 370 680
147 89 236
147 143 270
148 184 52
148 211 5
148 276 616
148 404 845
148 407 353
148 458 551
148 477 580
148 59 903
148 118 696
148 223 274
149 175 887
149 272 327
149 329 941
149 433 31
149 110 962
149 136 519
149 170 789
149 255 916
150 158 622
150 167 1
150 177 976
150 211 591
150 240 397
150 336 246
150 345 471
150 374 703
150 386 686
150 480 947
150 4 851
150 9 495
150 11 298
150 44 897
150 112 129
150 154 394
150 171 27
150 321 222
151 173 233
151 264 432
151 315 777
151 350 674
151 410 66
151 29 821
151 30 95
151 78 693
151 196 318
151 229 73
152 176 345
152 285 814
152 310 722
152 440 135
152 492 439
152 16 117
152 116 115
153 263 217
153 271 104
153 325 178
153 364 801
153 391 197
153 397 967
153 416 205
153 496 970
153 37 548
153 64 377
153 125 880
154 221 80
154 243 538
154 255 255
154 323 673
154 490 961
154 32 801
154 36 935
154 38 691
154 59 280
154 110 794
154 134 964
154 222 731
154 227 200
155 158 512
155 183 197
155 205 281
155 223 814
155 233 848
155 327 80
155 414 216
155 32 922
155 103 834
155 447 924
156 164 631
156 186 718
156 279 814
156 285 713
156 292 867
156 361 491
156 432 243
156 21 72
156 38 604
156 352 354
157 160 843
157 208 778
157 363 1
157 485 601
157 59 865
157 99 313
157 148 679
157 249 176
158 191 924
158 314 215
158 343 18
158 362 546
158 443 664
158 41 716
158 97 802
158 106 966
158 320 479
158 455 799
159 164 767
159 170 723
159 216 630
159 219 648
159 271 539
159 295 353
159 385 624
159 4 840
159 32 800
159 257 231
160 179 411
160 242 760
160 280 142
160 290 609
160 319 375
160 338 778
160 345 811
160 419 520
160 45 520
160 107 164
161 256 507
161 128 76
161 168 213
161 271 510
161 392 371
161 404 483
161 467 767
161 303 609
161 363 427
161 67 260
161 356 179
161 199 756
161 472 981
161 188 3
161 368 955
161 278 883
161 101 881
161 443 664
161 366 501
161 471 270
161 104 41
161 474 73
161 183 615
161 115 670
161 316 744
161 255 32
161 416 813
161 326 352
161 475 845
161 25 573
161 396 943
161 211 494
161 498 870
161 309 446
161 349 843
161 430 959
161 237 585
161 21 904
161 276 651
161 164 911
161 103 498
161 83 798
161 14 126
161 166 206
161 423 886
161 444 677
161 251 50
161 390 378
161 37 398
161 285 910
161 402 266
161 456 352
161 485 540
161 461 611
162 202 347
162 256 846
162 392 143
162 407 336
162 428 153
162 478 124
162 499 746
162 192 365
163 174 93
163 219 276
163 239 930
163 259 359
163 287 408
163 328 1000
163 339 106
163 393 880
163 465 321
163 39 598
163 128 144
164 254 860
164 291 399
164 326 517
164 378 289
164 441 953
164 9 974
164 55 259
164 87 366
164 110 922
164 137 166
164 169 577
164 467 57
164 303 113
164 363 198
164 67 484
164 356 94
164 199 321
164 472 884
164 188 226
164 368 260
164 271 805
164 278 453
164 101 172
164 443 438
164 366 640
164 471 208
164 104 566
164 474 534
164 183 561
164 115 465
164 316 191
164 255 496
164 416 718
164 475 133
164 25 484
164 396 492
164 211 571
164 498 751
164 309 950
164 349 368
164 430 700
164 237 624
164 21 693
164 276 514
164 103 781
164 161 717
164 83 33
164 14 215
164 166 168
164 423 67
164 444 721
164 251 863
164 390 321
164 37 387
164 285 509
164 402 406
164 456 637
164 485 537
164 461 412
165 186 36
165 207 605
165 250 957
165 264 325
165 336 147
165 401 163
165 421 268
165 435 653
165 459 718
165 94 166
165 146 596
165 156 172
165 158 999
166 219 870
166 383 472
166 394 794
166 22 834
166 51 102
166 55 608
166 68 754
166 88 359
166 112 842
166 161 628
166 467 845
166 303 911
166 363 638
166 67 229
166 356 550
166 199 654
166 472 624
166 188 413
166 368 328
166 271 140
166 278 594
166 101 533
166 443 808
166 366 621
166 471 455
166 104 539
166 474 111
166 183 407
166 115 859
166 316 384
166 255 299
166 416 340
166 326 452
166 475 576
166 25 674
166 396 870
166 211 822
166 498 995
166 309 655
166 349 326
166 430 395
166 237 466
166 21 108
166 276 874
166 164 990
166 103 128
166 83 509
166 14 495
166 423 452
166 444 180
166 251 780
166 390 219
166 37 759
166 285 176
166 402 721
166 456 115
166 485 645
166 461 852
167 266 720
167 446 642
167 476 356
167 4 131
167 90 803
167 124 850
167 128 588
167 134 528
167 190 186
168 291 598
168 320 662
168 396 570
168 433 453
168 434 227
168 470 228
168 109 570
168 111 417
168 163 481
168 237 649
168 332 918
169 171 184
169 207 963
169 218 45
169 243 636
169 251 542
169 330 273
169 352 298
169 430 512
169 5 96
169 58 813
169 372 21
170 249 503
170 264 283
170 291 436
170 296 40
170 364 911
170 376 734
170 106 257
171 215 489
171 318 43
171 319 839
171 419 559
171 478 853
171 495 968
171 499 484
171 60 773
171 89 493
171 117 593
171 134 542
171 163 344
171 239 670
171 299 703
172 238 487
172 257 433
172 265 982
172 272 557
172 339 282
172 466 636
172 497 39
172 149 896
172 151 995
172 263 73
173 269 89
173 326 233
173 463 192
173 479 221
173 12 280
173 124 656
173 130 861
173 137 660
173 198 323
173 266 671
174 177 550
174 202 866
174 231 179
174 274 556
174 383 414
174 448 233
174 491 249
174 48 525
174 65 90
174 144 23
174 162 783
174 164 374
174 259 13
174 437 184
175 344 315
175 404 411
175 467 486
175 485 61
175 75 148
175 95 686
175 126 915
175 130 705
175 201 373
176 203 826
176 301 779
176 332 610
176 351 126
176 373 313
176 468 149
176 7 392
176 95 684
176 108 712
177 280 430
177 320 678
177 66 876
177 116 499
177 156 480
177 168 331
178 184 738
178 201 870
178 213 581
178 261 962
178 263 173
178 274 255
178 306 908
178 365 352
178 385 916
178 493 325
178 95 633
178 123 175
178 126 589
179 252 416
179 322 760
179 440 391
179 499 341
179 77 812
179 100 334
179 118 865
179 121 762
179 123 555
179 126 834
180 224 417
180 288 146
180 394 453
180 50 896
180 150 81
180 369 667
181 214 704
181 264 311
181 269 392
181 305 200
181 366 25
181 392 969
181 451 711
181 2 534
181 7 784
181 15 449
181 161 226
181 202 313
181 413 10
182 223 676
182 284 988
182 309 9
182 380 829
182 408 933
182 462 299
182 21 631
182 100 832
182 104 0
182 108 874
182 228 63
183 244 614
183 305 997
183 361 246
183 394 527
183 445 339
183 1 370
183 8 894
183 93 359
183 467 805
183 303 86
183 363 527
183 67 790
183 356 897
183 199 904
183 472 595
183 188 854
183 368 286
183 271 22
183 278 999
183 101 139
183 443 60
183 366 815
183 471 70
183 104 976
183 474 917
183 115 894
183 316 564
183 255 341
183 416 897
183 326 78
183 475 812
183 25 604
183 396 750
183 211 275
183 498 979
183 309 148
183 349 352
183 430 804
183 237 640
183 21 594
183 276 927
183 164 659
183 103 251
183 161 608
183 83 6
183 14 447
183 166 558
183 423 348
183 444 438
183 251 764
183 390 407
183 37 703
183 285 393
183 402 473
183 456 692
183 485 119
183 461 539
184 250 5
184 264 452
184 272 266
184 284 695
184 350 116
184 381 367
184 412 75
184 45 502
184 74 961
184 81 342
184 144 911
184 174 540
184 221 404
184 243 927
185 217 387
185 231 103
185 245 546
185 406 639
185 25 0
185 134 183
185 173 420
185 181 945
185 489 657
186 239 840
186 248 937
186 251 414
186 303 353
186 404 975
186 458 34
186 20 58
186 114 759
186 150 624
186 155 162
187 246 362
187 304 183
187 316 809
187 435 987
187 443 468
187 472 297
187 4 987
187 6 630
187 111 494
187 126 668
187 399 729
188 311 320
188 323 795
188 349 305
188 375 668
188 382 103
188 416 372
188 456 968
188 4 177
188 467 505
188 303 37
188 363 718
188 67 468
188 356 805
188 199 442
188 472 274
188 368 378
188 271 199
188 278 7
188 101 381
188 443 252
188 366 624
188 471 910
188 104 541
188 474 118
188 183 210
188 115 811
188 316 392
188 255 868
188 326 315
188 475 174
188 25 30
188 396 429
188 211 806
188 498 825
188 309 629
188 430 381
188 237 631
188 21 469
188 276 182
188 164 592
188 103 926
188 161 416
188 83 303
188 14 199
188 166 834
188 423 574
188 444 676
188 251 274
188 390 352
188 37 653
188 285 621
188 402 320
188 485 384
188 461 615
189 248 615
189 265 718
189 283 801
189 325 878
189 335 735
189 371 916
189 375 595
189 414 429
189 75 736
189 187 795
190 205 822
190 387 115
190 414 386
190 447 957
190 457 210
190 458 36
190 462 707
190 463 819
190 489 213
190 36 502
190 56 673
190 116 917
190 156 754
190 219 795
190 265 345
191 208 519
191 231 233
191 263 570
191 284 766
191 354 255
191 385 998
191 447 502
191 480 771
191 85 730
191 99 892
191 158 759
191 167 488
192 2 981
192 77 255
192 100 780
192 117 112
192 139 136
192 163 153
192 164 751
192 172 277
192 210 791
193 227 800
193 333 324
193 339 131
193 362 797
193 381 838
193 422 42
193 458 999
193 47 583
193 106 699
193 159 589
193 167 727
193 174 513
193 295 384
193 359 169
194 199 384
194 286 475
194 357 892
194 398 868
194 441 41
194 458 263
194 466 479
194 491 377
194 15 645
194 48 313
194 55 871
194 262 399
194 339 943
195 253 626
195 401 442
195 424 534
195 492 66
195 28 980
195 112 429
196 254 480
196 444 761
196 465 311
196 467 254
196 19 18
196 29 426
196 82 300
196 165 623
196 185 852
197 293 458
197 296 931
197 354 586
197 396 606
197 418 494
197 448 395
198 211 703
198 308 339
198 355 744
198 364 358
198 403 619
198 428 828
198 446 130
198 479 353
198 487 315
198 1 590
198 6 471
198 84 146
198 92 530
198 107 901
198 118 209
198 125 314
198 180 87
198 194 468
198 254 143
199 218 257
199 225 119
199 243 168
199 256 368
199 306 961
199 76 525
199 149 720
199 467 488
199 303 949
199 363 592
199 67 41
199 356 565
199 472 947
199 188 614
199 368 188
199 271 987
199 278 692
199 101 733
199 443 429
199 366 648
199 471 205
199 104 274
199 474 9
199 183 917
199 115 646
199 316 605
199 255 358
199 416 1
199 326 676
199 475 654
199 25 326
199 396 880
199 211 336
199 498 101
199 309 658
199 349 196
199 430 92
199 237 556
199 21 391
199 276 42
199 164 961
199 103 396
199 161 729
199 83 591
199 14 294
199 166 251
199 423 129
199 444 871
199 251 571
199 390 101
199 37 354
199 285 820
199 402 571
199 456 214
199 485 705
199 461 854
200 223 193
200 300 671
200 348 769
200 399 763
200 432 889
200 440 532
200 495 422
200 106 841
200 180 662
200 398 165
200 418 447
201 209 771
201 262 648
201 250 19
201 337 281
202 263 257
202 279 864
202 349 87
202 400 2
202 421 462
202 435 302
202 7 282
202 48 796
202 50 903
202 70 375
202 95 41
202 218 428
203 212 780
203 256 968
203 283 898
203 304 33
203 366 634
203 380 43
203 482 201
203 483 622
203 489 1
203 61 148
203 89 88
203 105 206
203 185 846
204 248 523
204 253 657
204 309 404
204 107 927
204 110 416
205 250 713
205 252 323
205 298 110
205 395 103
205 410 657
205 434 247
205 463 323
205 102 85
205 166 641
205 241 183
206 223 183
206 241 545
206 286 815
206 290 241
206 293 721
206 330 497
206 207 537
207 261 625
207 351 617
207 394 95
207 399 442
207 403 578
207 476 525
207 25 237
207 77 521
207 78 733
207 135 342
207 148 919
208 282 277
208 287 527
208 293 391
208 340 454
208 345 111
208 394 579
208 162 0
209 221 667
209 267 772
209 268 418
209 274 894
209 330 82
209 397 352
209 403 814
209 416 301
209 87 558
209 185 757
209 238 59
209 494 907
210 213 894
210 299 48
210 318 380
210 328 186
210 335 999
210 475 101
210 477 252
210 480 367
210 37 531
210 52 851
210 182 974
211 273 35
211 311 770
211 338 339
211 404 561
211 452 962
211 58 241
211 108 586
211 118 229
211 129 324
211 171 91
211 467 888
211 303 691
211 363 772
211 67 82
211 356 56
211 199 101
211 472 904
211 188 956
211 368 940
211 271 328
211 278 511
211 101 399
211 443 643
211 366 705
211 471 413
211 104 509
211 474 350
211 183 367
211 115 646
211 316 47
211 255 790
211 416 135
211 326 459
211 475 95
211 25 556
211 396 349
211 498 139
211 309 423
211 349 350
211 430 32
211 237 454
211 21 943
211 276 913
211 164 416
211 103 625
211 161 176
211 83 365
211 14 477
211 166 823
211 423 476
211 444 245
211 251 363
211 390 594
211 37 637
211 285 967
211 402 794
211 456 13
211 485 692
211 461 591
212 231 225
212 238 791
212 356 834
212 387 556
212 434 77
212 478 252
212 5 902
212 31 889
212 114 91
212 171 621
212 186 182
212 188 426
213 237 451
213 260 246
213 296 905
213 298 799
213 302 690
213 338 308
213 340 628
213 431 687
213 450 628
213 23 110
213 43 4
213 152 505
213 166 812
213 206 651
213 270 59
214 334 16
214 452 912
214 4 159
214 173 709
214 216 660
215 240 761
215 324 53
215 328 807
215 379 725
215 383 490
215 394 137
215 432 198
215 435 444
215 468 150
215 477 816
215 10 901
215 80 652
215 190 40
215 298 209
216 234 168
216 244 573
216 277 732
216 284 22
216 344 213
216 383 999
216 400 68
216 431 981
216 5 157
216 45 550
216 75 798
216 123 4
216 144 203
217 281 410
217 288 798
217 328 653
217 334 978
217 414 753
217 415 723
217 424 565
217 478 826
217 490 676
217 14 803
217 37 736
217 110 749
217 111 488
217 134 710
217 167 639
218 277 9
218 328 728
218 355 472
218 493 535
218 65 409
218 129 277
218 195 801
218 371 22
219 347 785
219 411 876
219 415 449
219 438 721
219 443 747
219 445 897
219 28 178
219 143 497
219 207 882
219 273 202
219 290 75
219 348 198
220 292 475
220 294 31
220 299 332
220 310 802
220 428 857
220 430 903
220 474 395
220 38 867
220 164 120
220 272 841
221 270 703
221 272 407
221 310 186
221 386 394
221 396 932
221 499 624
221 16 744
221 17 558
221 118 757
221 129 433
221 198 319
221 245 181
221 446 976
222 255 935
222 492 422
222 4 565
222 29 273
222 38 932
222 66 669
223 251 536
223 254 844
223 390 123
223 401 959
223 215 806
223 360 425
224 236 858
224 281 756
224 377 751
224 388 89
224 465 358
224 79 949
224 145 652
224 196 9
224 208 795
224 212 554
224 424 492
225 255 303
225 360 746
225 371 399
225 385 582
225 426 452
225 440 649
225 122 507
225 381 364
226 273 827
226 434 947
226 494 488
226 16 517
226 17 517
226 137 250
226 206 27
226 212 926
226 221 371
227 257 235
227 331 840
227 363 253
227 5 315
227 20 981
227 136 899
227 164 259
227 203 441
228 230 447
228 244 284
228 257 288
228 277 129
228 285 25
228 361 247
228 412 138
228 451 626
228 465 509
228 4 209
228 35 575
228 50 997
228 69 566
228 84 887
228 101 679
228 148 506
228 150 918
228 267 976
229 244 511
229 278 56
229 382 626
229 59 673
229 95 564
229 130 483
229 158 891
229 223 45
229 384 18
230 260 714
230 346 739
230 389 632
230 406 103
230 488 703
230 491 864
230 65 233
230 129 589
230 246 79
230 358 552
231 257 247
231 262 155
231 320 434
231 368 582
231 400 675
231 444 665
231 460 741
231 463 785
231 66 311
231 93 804
231 98 845
231 178 145
231 425 650
231 480 670
232 237 219
232 272 265
232 463 997
232 9 628
232 11 930
232 45 921
232 127 815
232 253 858
233 298 585
233 316 470
233 328 300
233 355 287
233 405 150
233 413 703
233 435 261
233 460 231
233 42 560
233 64 728
233 96 426
233 126 211
233 194 251
233 247 855
234 245 693
234 432 40
234 22 520
234 54 798
234 65 139
234 109 888
234 111 281
234 133 603
234 152 368
234 156 227
234 162 270
234 269 937
234 302 964
234 316 819
234 426 224
235 240 871
235 264 830
235 291 762
235 365 18
235 386 536
235 5 617
235 35 726
235 42 76
235 177 504
235 196 275
235 225 552
236 260 222
236 387 31
236 430 365
236 486 387
236 49 429
236 58 450
236 134 568
236 227 383
237 261 438
237 443 725
237 461 926
237 486 792
237 495 803
237 499 742
237 25 797
237 87 266
237 151 286
237 467 553
237 303 297
237 363 867
237 67 689
237 356 347
237 199 590
237 472 297
237 188 3
237 368 751
237 271 856
237 278 3
237 101 374
237 366 734
237 471 127
237 104 384
237 474 862
237 183 834
237 115 362
237 316 906
237 255 610
237 416 510
237 326 801
237 475 491
237 396 720
237 211 374
237 498 568
237 309 814
237 349 159
237 430 161
237 21 18
237 276 404
237 164 604
237 103 250
237 161 860
237 83 108
237 14 779
237 166 143
237 423 904
237 444 928
237 251 802
237 390 927
237 37 205
237 285 309
237 402 281
237 456 476
237 485 611
238 333 739
238 363 264
238 380 231
238 392 309
238 401 62
238 152 531
238 226 147
239 242 820
239 288 234
239 297 613
239 302 360
239 436 989
239 497 926
239 11 342
239 47 853
239 72 807
239 110 675
239 222 582
239 227 205
239 240 494
240 279 119
240 305 648
240 347 509
240 356 258
240 99 207
240 134 984
240 142 403
240 380 419
241 248 44
241 340 960
241 355 444
241 413 62
241 435 389
241 465 72
241 485 474
241 37 851
241 48 830
241 50 212
241 82 659
241 125 687
241 128 334
241 177 999
241 218 22
242 301 859
242 398 145
242 426 453
242 18 516
242 23 996
242 45 902
242 52 751
242 84 470
242 107 694
242 127 430
242 233 973
242 338 518
242 362 36
243 250 133
243 280 153
243 314 819
243 387 226
243 392 502
243 409 771
243 434 75
243 442 877
243 489 934
243 40 46
243 46 70
243 99 550
244 272 29
244 301 955
244 354 2
244 376 913
244 411 558
244 449 332
244 484 679
244 488 67
244 132 370
244 155 46
244 228 221
244 260 481
244 274 561
245 264 72
245 382 592
245 476 204
245 37 808
245 69 760
245 95 775
245 107 316
245 134 315
245 150 30
245 183 227
245 238 981
245 277 942
246 270 955
246 300 496
246 339 652
246 498 182
246 101 778
246 109 243
246 191 948
247 273 927
247 319 352
247 489 994
247 497 641
247 16 999
247 65 54
247 76 63
247 80 861
247 88 882
247 108 663
247 126 462
247 209 324
247 230 939
247 239 550
248 294 385
248 343 47
248 176 44
248 237 931
249 278 528
249 348 16
249 352 952
249 417 189
249 466 564
249 477 73
249 495 247
249 499 499
249 70 695
249 104 802
249 110 567
249 154 566
249 184 513
249 203 244
249 208 60
249 227 225
249 243 453
250 318 11
250 360 128
250 425 992
250 428 953
250 437 769
250 446 44
250 459 922
250 495 172
250 16 463
250 78 911
250 85 242
250 109 913
250 180 484
250 199 97
251 296 998
251 321 682
251 330 892
251 358 732
251 491 747
251 45 327
251 144 695
251 155 545
251 207 440
251 370 663
251 467 586
251 303 454
251 363 777
251 67 583
251 356 245
251 199 253
251 472 68
251 188 273
251 368 751
251 271 384
251 278 495
251 101 401
251 443 677
251 366 184
251 471 295
251 104 972
251 474 725
251 183 299
251 115 884
251 316 959
251 255 618
251 416 268
251 326 5
251 475 217
251 25 834
251 396 878
251 211 230
251 498 236
251 309 478
251 349 7
251 430 91
251 237 855
251 21 406
251 276 330
251 164 914
251 103 69
251 161 508
251 83 10
251 14 731
251 166 374
251 423 461
251 444 675
251 390 507
251 37 50
251 285 281
251 402 577
251 456 693
251 485 278
251 461 207
252 268 177
252 283 925
252 343 615
252 368 861
252 388 572
252 468 259
252 478 258
252 7 525
252 17 90
252 58 977
252 90 813
252 104 874
252 166 818
253 323 108
253 436 417
253 446 988
253 455 386
253 26 541
253 139 900
253 145 947
253 169 984
253 174 64
253 205 790
253 281 356
253 330 658
253 486 633
254 329 271
254 335 872
254 342 270
254 433 439
254 464 456
254 492 459
254 6 418
254 67 418
254 70 722
254 76 427
254 126 259
254 215 907
254 482 803
255 279 104
255 302 921
255 343 152
255 364 937
255 459 782
255 493 897
255 8 902
255 13 552
255 18 543
255 61 910
255 74 569
255 143 627
255 161 594
255 248 429
255 464 829
255 467 721
255 303 862
255 363 19
255 67 325
255 356 187
255 199 409
255 472 884
255 188 743
255 368 924
255 271 708
255 278 538
255 101 730
255 443 307
255 366 36
255 471 714
255 104 832
255 474 792
255 183 331
255 115 695
255 316 762
255 416 937
255 326 12
255 475 30
255 25 13
255 396 253
255 211 375
255 498 206
255 309 76
255 349 211
255 430 866
255 237 43
255 21 221
255 276 661
255 164 609
255 103 601
255 83 945
255 14 190
255 166 354
255 423 563
255 444 555
255 251 285
255 390 428
255 37 817
255 285 105
255 402 710
255 456 957
255 485 505
255 461 896
256 329 705
256 108 154
256 146 903
256 206 435
256 431 616
257 287 7
257 293 367
257 334 978
257 379 180
257 419 600
257 485 489
257 496 341
257 22 7
257 71 0
257 123 272
257 149 215
257 385 538
258 269 588
258 382 560
258 390 770
258 455 180
258 457 730
258 468 402
258 3 621
258 13 485
258 22 577
258 86 869
258 98 502
258 135 207
258 250 228
258 476 376
259 293 494
259 335 941
259 406 604
259 14 371
259 80 930
259 181 559
259 235 441
259 240 533
259 394 302
260 307 936
260 311 446
260 397 969
260 423 257
260 456 290
260 17 501
260 96 618
261 304 96
261 345 756
261 394 716
261 464 48
261 468 4
261 470 770
261 477 274
261 138 398
261 169 535
261 172 665
261 194 657
261 229 402
262 277 196
262 282 671
262 293 735
262 345 58
262 392 385
262 427 584
262 485 893
262 496 538
262 99 672
262 103 22
262 226 695
262 255 689
262 261 332
262 300 508
263 340 839
263 367 252
263 451 371
263 68 548
263 75 338
263 83 667
263 97 604
263 137 634
263 191 63
264 333 726
264 382 34
264 390 227
264 400 451
264 427 938
264 495 419
264 26 508
264 71 744
264 122 283
264 155 289
264 190 611
264 244 861
264 260 89
265 271 923
265 297 18
265 342 885
265 14 261
265 63 92
265 112 870
265 122 853
265 133 108
265 173 242
265 262 544
265 286 878
266 348 765
266 453 999
266 16 590
266 26 331
266 29 235
266 67 168
266 105 502
266 152 811
266 192 422
266 246 785
267 290 121
267 384 903
267 81 361
267 100 844
267 179 829
267 192 48
267 212 95
267 246 157
268 323 892
268 348 871
268 418 127
268 437 875
268 458 828
268 483 111
268 493 979
268 16 867
268 83 815
268 85 885
268 152 392
268 234 496
268 235 395
268 307 178
268 318 327
269 277 507
269 279 958
269 283 25
269 356 545
269 378 788
269 380 726
269 434 197
269 441 316
269 474 337
269 496 699
269 8 603
269 9 836
269 17 669
269 119 992
269 122 244
269 240 173
270 288 394
270 401 515
270 26 604
270 98 303
270 154 274
270 225 106
270 292 879
271 288 399
271 325 534
271 364 777
271 467 666
271 489 875
271 21 353
271 133 83
271 156 737
271 180 849
271 232 917
271 270 270
271 303 383
271 363 213
271 67 606
271 356 699
271 199 441
271 472 693
271 188 768
271 368 354
271 278 94
271 101 2
271 443 641
271 366 982
271 471 489
271 104 710
271 474 758
271 183 863
271 115 26
271 316 249
271 255 74
271 416 861
271 326 667
271 475 299
271 25 689
271 396 115
271 211 579
271 498 258
271 309 443
271 349 53
271 430 258
271 237 834
271 276 782
271 164 109
271 103 718
271 161 734
271 83 590
271 14 385
271 166 214
271 423 547
271 444 984
271 251 382
271 390 948
271 37 214
271 285 155
271 402 869
271 456 468
271 485 71
271 461 552
272 286 385
272 307 766
272 382 802
272 454 124
272 56 515
272 79 185
272 106 531
272 131 864
272 133 115
272 199 458
272 241 215
273 274 178
273 276 748
273 292 760
273 330 320
273 439 882
273 450 755
273 467 160
273 483 613
273 493 4
273 77 713
273 144 731
273 171 306
273 245 446
273 249 425
274 330 863
274 358 871
274 388 47
274 26 196
274 159 575
274 269 75
274 417 875
275 282 819
275 293 507
275 411 883
275 14 969
275 31 183
275 49 949
275 157 835
275 178 754
275 205 235
275 225 470
275 241 811
276 279 822
276 281 706
276 358 742
276 458 472
276 486 12
276 67 402
276 96 114
276 134 891
276 160 268
276 181 219
276 207 903
276 467 599
276 303 395
276 363 192
276 356 939
276 199 954
276 472 90
276 188 103
276 368 122
276 271 959
276 278 413
276 101 918
276 443 762
276 366 991
276 471 750
276 104 738
276 474 212
276 183 967
276 115 319
276 316 15
276 255 118
276 416 371
276 326 822
276 475 540
276 25 225
276 396 579
276 211 884
276 498 30
276 309 399
276 349 890
276 430 38
276 237 141
276 21 106
276 164 140
276 103 708
276 161 77
276 83 456
276 14 916
276 166 376
276 423 221
276 444 991
276 251 636
276 390 921
276 37 168
276 285 709
276 402 724
276 456 702
276 485 274
276 461 835
277 343 876
277 355 83
277 428 875
277 431 670
277 494 703
277 43 426
277 60 328
277 119 734
277 131 297
277 250 666
278 339 321
278 442 970
278 5 581
278 23 561
278 51 783
278 118 117
278 214 926
278 463 703
278 491 910
278 467 245
278 303 194
278 363 940
278 67 415
278 356 419
278 199 947
278 472 144
278 188 611
278 368 886
278 271 78
278 101 760
278 443 245
278 366 228
278 471 299
278 104 959
278 474 728
278 183 762
278 115 445
278 316 295
278 255 419
278 416 50
278 326 810
278 475 642
278 25 63
278 396 402
278 211 401
278 498 287
278 309 953
278 349 826
278 430 26
278 237 818
278 21 412
278 276 104
278 164 6
278 103 115
278 161 577
278 83 20
278 14 292
278 166 45
278 423 19
278 444 985
278 251 392
278 390 966
278 37 565
278 285 980
278 402 635
278 456 575
278 485 782
278 461 146
279 283 499
279 359 96
279 407 805
279 460 862
279 473 93
279 492 586
279 19 50
279 26 991
279 195 418
279 228 210
280 311 253
280 317 241
280 408 832
280 448 800
280 459 0
280 99 74
280 109 97
280 249 674
280 260 753
280 432 223
281 435 794
281 448 670
281 464 813
281 81 809
281 97 214
281 188 925
281 197 450
282 417 877
282 463 380
282 484 551
282 12 347
282 66 721
282 73 938
282 210 356
282 239 744
282 250 682
283 333 732
283 401 624
283 458 10
283 468 445
283 497 398
283 498 388
283 60 607
283 63 495
283 65 426
283 132 958
283 137 334
283 205 842
283 210 155
284 288 7
284 305 222
284 338 820
284 469 214
284 492 411
284 66 406
284 74 970
284 115 133
284 167 761
284 190 869
284 195 792
284 229 501
284 250 784
285 330 273
285 359 679
285 463 946
285 469 662
285 76 575
285 88 554
285 101 804
285 146 45
285 175 426
285 192 831
285 200 332
285 467 193
285 303 898
285 363 17
285 67 424
285 356 330
285 199 182
285 472 118
285 188 669
285 368 247
285 271 761
285 278 325
285 443 933
285 366 404
285 471 691
285 104 326
285 474 324
285 183 187
285 115 199
285 316 784
285 255 601
285 416 254
285 326 839
285 475 384
285 25 111
285 396 394
285 211 788
285 498 822
285 309 875
285 349 605
285 430 574
285 237 944
285 21 643
285 276 610
285 164 253
285 103 760
285 161 771
285 83 306
285 14 8
285 166 819
285 423 187
285 444 601
285 251 308
285 390 370
285 37 330
285 402 943
285 456 521
285 485 344
285 461 605
286 423 418
286 477 994
286 6 756
286 11 932
286 127 452
286 267 975
286 274 187
287 329 357
287 333 87
287 368 253
287 414 374
287 444 691
287 471 370
287 116 204
287 132 813
287 210 907
287 230 39
287 260 334
287 310 527
288 292 852
288 337 704
288 381 957
288 390 649
288 404 965
288 35 96
288 75 383
288 145 879
288 170 257
288 174 580
288 195 644
289 302 24
289 440 86
289 473 969
289 14 282
289 95 138
289 224 450
289 268 980
289 288 282
289 323 885
290 297 950
290 405 301
290 32 862
290 66 75
290 80 548
290 182 79
290 186 608
290 206 142
291 297 966
291 330 601
291 457 122
291 105 67
291 146 544
291 289 250
291 290 609
292 304 57
292 321 133
292 342 575
292 348 925
292 372 344
292 413 705
292 82 882
292 131 98
292 227 77
292 322 805
292 497 143
293 313 773
293 340 590
293 345 847
293 350 179
293 396 851
293 465 786
293 1 358
294 300 137
294 333 266
294 341 540
294 436 485
294 447 668
294 148 730
294 169 284
294 237 250
295 327 716
295 416 886
295 35 550
295 94 776
295 172 3
295 257 301
295 273 219
295 290 357
295 357 200
296 342 391
296 398 505
296 419 335
296 426 261
296 435 964
296 471 13
296 488 609
296 495 806
296 21 148
296 23 271
296 140 235
296 223 311
296 230 912
297 299 307
297 337 143
297 344 253
297 467 332
297 479 155
297 19 574
297 39 88
297 86 884
297 120 938
297 150 109
297 197 511
297 317 345
298 395 832
298 410 628
298 435 87
298 487 824
298 18 238
298 45 683
298 47 692
298 142 301
298 292 164
299 315 40
299 482 282
299 76 15
299 85 27
299 113 862
299 183 80
299 282 314
299 439 265
300 335 678
300 375 325
300 388 436
300 401 909
300 421 429
300 84 138
300 212 664
300 263 681
300 271 625
300 298 706
301 326 540
301 336 657
301 348 116
301 356 608
301 434 849
301 157 425
301 165 460
301 299 366
301 341 308
301 428 584
302 333 487
302 380 104
302 395 907
302 402 454
302 417 710
302 21 894
302 66 873
302 149 436
302 154 919
302 160 115
302 193 447
303 316 107
303 496 312
303 497 456
303 7 271
303 181 170
303 234 400
303 245 617
303 378 134
303 467 581
303 363 417
303 67 195
303 356 141
303 199 165
303 472 529
303 188 950
303 368 942
303 271 95
303 278 235
303 101 910
303 443 199
303 366 375
303 471 305
303 104 810
303 474 303
303 183 813
303 115 470
303 255 503
303 416 933
303 326 514
303 475 611
303 25 42
303 396 350
303 211 284
303 498 301
303 309 440
303 349 721
303 430 568
303 237 511
303 21 601
303 276 20
303 164 288
303 103 436
303 161 19
303 83 198
303 14 739
303 166 710
303 423 80
303 444 246
303 251 292
303 390 661
303 37 519
303 285 999
303 402 667
303 456 230
303 485 927
303 461 23
304 328 425
304 479 950
304 20 86
304 44 604
304 60 543
304 105 229
304 134 973
304 171 84
305 310 269
305 378 680
305 397 100
305 460 593
305 474 390
305 41 680
305 43 727
305 146 386
305 175 900
305 268 125
306 414 457
306 67 88
306 133 14
306 165 275
306 202 810
306 247 826
306 272 166
307 349 366
307 368 509
307 451 241
307 476 217
307 479 299
307 28 360
307 124 197
307 145 797
307 298 154
307 379 151
308 312 668
308 346 509
308 380 217
308 384 505
308 458 922
308 32 188
308 50 156
308 59 334
308 124 280
308 141 702
308 223 15
309 312 159
309 315 267
309 366 838
309 406 647
309 486 78
309 61 645
309 83 448
309 107 521
309 125 547
309 140 247
309 467 434
309 303 954
309 363 763
309 67 245
309 356 458
309 199 658
309 472 551
309 188 58
309 368 699
309 271 377
309 278 108
309 101 436
309 443 284
309 471 581
309 104 592
309 474 67
309 183 950
309 115 658
309 316 510
309 255 358
309 416 193
309 326 88
309 475 189
309 25 70
309 396 31
309 211 444
309 498 126
309 349 349
309 430 606
309 237 330
309 21 116
309 276 700
309 164 161
309 103 920
309 161 339
309 14 307
309 166 543
309 423 913
309 444 964
309 251 115
309 390 858
309 37 557
309 285 138
309 402 351
309 456 423
309 485 641
309 461 190
310 327 904
310 365 711
310 397 148
310 403 43
310 478 346
310 158 312
310 245 790
311 351 204
311 416 255
311 427 923
311 498 292
311 34 448
311 36 5
311 187 531
311 273 258
311 343 544
312 373 799
312 395 124
312 435 637
312 438 964
312 48 655
312 178 13
312 205 212
312 209 189
312 251 722
312 289 584
312 302 979
312 498 417
313 390 25
313 58 133
313 267 462
313 324 768
314 356 415
314 383 453
314 411 520
314 466 471
314 476 807
314 17 326
314 96 744
314 170 782
314 253 996
314 262 535
314 308 686
314 373 746
315 342 695
315 355 448
315 428 494
315 41 90
315 144 277
315 173 66
315 188 438
315 226 654
315 260 200
315 261 798
315 264 736
315 275 663
315 309 81
316 416 85
316 432 358
316 438 891
316 486 86
316 48 393
316 85 711
316 128 402
316 475 883
316 467 730
316 303 426
316 363 193
316 67 351
316 356 998
316 199 821
316 472 967
316 188 504
316 368 43
316 271 322
316 278 514
316 101 136
316 443 313
316 366 301
316 471 587
316 104 741
316 474 711
316 183 9
316 115 968
316 255 132
316 326 57
316 25 872
316 396 171
316 211 564
316 498 281
316 309 331
316 349 412
316 430 617
316 237 257
316 21 413
316 276 734
316 164 234
316 103 200
316 161 339
316 83 493
316 14 823
316 166 650
316 423 877
316 444 331
316 251 181
316 390 31
316 37 889
316 285 772
316 402 277
316 456 151
316 485 774
316 461 279
317 419 228
317 475 918
317 483 800
317 51 745
317 56 802
317 80 525
317 119 797
317 197 600
317 304 676
317 336 806
318 387 414
318 399 934
318 415 685
318 446 865
318 456 125
318 473 430
318 35 854
318 88 470
318 200 451
318 278 416
319 321 682
319 339 423
319 351 90
319 354 857
319 355 8
319 443 216
319 3 316
319 4 5
319 31 235
319 35 596
319 198 861
319 285 703
319 306 648
319 312 698
319 406 982
319 485 847
320 322 792
320 398 135
320 35 185
320 57 913
320 121 386
320 211 175
320 256 205
321 471 434
321 21 910
321 22 742
321 36 637
321 64 867
321 95 542
321 178 998
321 188 41
321 231 931
321 270 182
321 420 17
322 477 916
322 492 33
322 1 618
322 2 718
322 5 136
322 10 283
322 35 285
322 80 275
322 146 787
322 198 611
322 204 994
322 304 418
323 358 203
323 459 78
323 494 85
323 7 22
323 91 307
323 101 223
323 125 550
323 180 539
323 230 684
323 267 18
324 344 683
324 480 333
324 71 717
324 154 540
324 199 64
324 255 940
324 282 544
324 318 330
325 334 234
325 369 625
325 416 552
325 454 73
325 494 456
325 44 495
325 134 490
325 146 566
325 177 903
325 188 955
325 199 587
325 201 730
325 208 980
325 278 643
325 298 579
325 316 448
325 324 577
326 344 591
326 395 474
326 413 243
326 438 798
326 42 798
326 69 593
326 72 826
326 96 110
326 178 557
326 248 980
326 329 561
326 467 49
326 303 608
326 363 662
326 67 851
326 356 39
326 199 57
326 472 435
326 188 618
326 368 938
326 271 419
326 278 952
326 101 926
326 443 491
326 366 211
326 471 24
326 104 330
326 474 4
326 183 447
326 115 699
326 316 604
326 255 212
326 416 802
326 475 506
326 25 599
326 396 843
326 211 92
326 498 585
326 309 107
326 349 284
326 430 895
326 237 633
326 21 417
326 276 131
326 164 724
326 103 291
326 161 195
326 83 708
326 14 31
326 166 767
326 423 756
326 444 185
326 251 443
326 390 562
326 37 224
326 285 712
326 402 971
326 456 383
326 485 691
326 461 57
327 362 684
327 405 146
327 452 407
327 104 955
327 201 965
327 236 467
327 314 403
327 453 103
328 64 392
328 91 817
328 116 307
328 157 61
328 186 278
328 235 234
328 319 144
329 427 389
329 452 591
329 492 938
329 116 677
329 167 176
329 204 329
329 217 783
329 243 224
329 256 521
329 321 62
330 389 374
330 410 410
330 474 963
330 31 423
330 40 28
330 49 243
330 51 75
330 57 381
330 105 676
330 156 166
330 194 500
330 271 854
330 311 757
330 326 554
330 495 101
331 412 728
331 462 556
331 68 794
331 91 100
331 94 918
331 107 492
331 137 534
331 184 371
331 259 480
332 449 667
332 26 20
332 100 164
332 169 873
332 213 538
332 224 182
332 279 935
333 345 448
333 423 211
333 445 716
333 6 511
333 22 135
333 45 437
333 63 305
333 332 919
334 59 516
334 81 63
334 92 825
334 113 477
334 127 168
334 215 193
334 226 869
334 250 497
334 288 73
334 303 134
334 313 394
335 140 587
335 256 926
335 258 925
335 296 110
335 299 229
335 328 892
335 334 418
336 364 781
336 427 505
336 442 306
336 80 666
336 92 309
336 110 540
336 115 124
336 286 72
336 321 738
336 375 448
337 469 434
337 470 709
337 478 763
337 13 833
337 53 388
337 63 194
337 142 143
337 159 359
337 252 950
337 319 76
338 410 927
338 430 19
338 462 267
338 471 704
338 0 709
338 33 232
338 51 322
338 191 86
338 285 827
338 324 148
339 356 954
339 391 684
339 402 224
339 455 516
339 44 416
339 48 54
339 128 962
339 150 288
339 166 7
339 186 785
339 295 895
339 301 75
340 342 791
340 441 610
340 466 435
340 175 890
340 206 608
340 255 69
340 290 389
340 294 539
340 354 568
340 361 560
341 348 45
341 396 832
341 428 741
341 454 628
341 490 68
341 26 808
341 52 777
341 85 117
341 171 196
341 190 65
341 198 709
341 201 424
341 259 736
341 263 624
341 308 594
341 312 755
341 318 591
342 483 779
342 495 844
342 2 39
342 20 906
342 26 413
342 167 325
342 312 601
343 482 720
343 133 399
343 328 673
344 353 4
344 387 502
344 402 549
344 421 309
344 442 382
344 477 482
344 104 728
344 146 56
344 172 971
344 239 256
344 276 891
344 289 810
344 366 3
345 353 303
345 355 289
345 425 254
345 19 180
345 28 673
345 81 305
345 229 993
345 267 972
345 275 224
345 297 572
345 333 97
346 428 702
346 450 904
346 460 194
346 470 655
346 494 984
346 16 239
346 24 458
346 70 892
346 175 425
347 450 844
347 6 119
347 16 917
347 70 7
347 72 522
347 81 133
347 117 174
347 164 99
347 179 825
347 245 806
348 362 188
348 373 397
348 374 562
348 441 846
348 455 561
348 464 679
348 8 201
348 182 450
348 188 984
348 245 942
348 282 974
348 342 821
349 365 489
349 390 201
349 457 238
349 470 67
349 483 310
349 128 137
349 145 786
349 251 783
349 256 630
349 259 799
349 467 57
349 303 434
349 363 281
349 67 883
349 356 298
349 199 539
349 472 574
349 188 857
349 368 276
349 271 562
349 278 632
349 101 896
349 443 693
349 366 947
349 471 482
349 104 406
349 474 727
349 183 260
349 115 563
349 316 344
349 255 386
349 416 681
349 326 894
349 475 740
349 25 734
349 396 77
349 211 763
349 498 605
349 309 852
349 430 99
349 237 862
349 21 894
349 276 484
349 164 69
349 103 131
349 161 343
349 83 375
349 14 70
349 166 979
349 423 423
349 444 716
349 37 283
349 285 741
349 402 408
349 456 184
349 485 315
349 461 921
350 377 524
350 399 311
350 408 599
350 413 857
350 432 58
350 462 534
350 491 313
350 496 532
350 39 154
350 54 487
350 116 196
350 129 856
350 173 444
350 194 648
350 258 683
350 326 42
351 409 929
351 449 721
351 469 706
351 91 213
351 172 296
351 202 597
351 209 863
351 264 282
351 293 951
351 451 73
352 378 943
352 3 747
352 223 654
352 244 806
352 273 590
352 294 463
352 314 765
352 328 165
352 350 711
352 365 620
353 401 282
353 474 85
353 21 329
353 43 59
353 189 169
353 213 180
353 214 437
354 374 351
354 415 951
354 455 342
354 27 10
354 70 79
354 89 151
354 167 666
354 169 684
354 265 375
354 272 732
354 274 964
354 282 361
354 383 903
354 400 437
354 434 25
355 358 371
355 382 716
355 383 64
355 457 855
355 18 584
355 21 599
355 143 358
355 161 667
355 172 608
355 225 350
355 239 149
355 281 471
355 353 110
356 478 789
356 53 757
356 72 827
356 122 719
356 171 943
356 173 763
356 204 698
356 254 637
356 278 567
356 287 858
356 467 458
356 303 135
356 363 866
356 67 749
356 199 457
356 472 387
356 188 493
356 368 571
356 271 316
356 101 879
356 443 751
356 366 765
356 471 688
356 104 668
356 474 497
356 183 981
356 115 217
356 316 432
356 255 323
356 416 24
356 326 498
356 475 984
356 25 863
356 396 418
356 211 151
356 498 621
356 309 301
356 349 851
356 430 885
356 237 802
356 21 321
356 276 218
356 164 113
356 103 201
356 161 130
356 83 749
356 14 602
356 166 423
356 423 40
356 444 642
356 251 783
356 390 751
356 37 503
356 285 692
356 402 346
356 456 752
356 485 275
356 461 338
357 396 853
357 406 644
357 419 495
357 444 978
357 52 108
357 53 2
357 153 789
357 163 30
358 364 380
358 412 661
358 425 284
358 41 431
358 161 701
358 166 592
358 239 237
358 294 397
359 367 225
359 463 591
359 35 719
359 69 69
359 88 601
359 166 100
359 232 666
359 270 278
360 377 906
360 120 601
360 193 17
360 227 851
360 356 405
360 442 837
361 438 299
361 473 727
361 31 858
361 123 383
361 126 415
361 133 188
361 145 369
361 159 385
361 167 617
361 170 951
361 211 597
361 256 730
361 321 126
361 468 828
362 402 806
362 488 756
362 8 957
362 38 573
362 68 778
362 69 435
362 117 340
362 167 264
362 216 342
363 382 999
363 389 96
363 398 633
363 415 182
363 463 454
363 482 895
363 16 244
363 77 194
363 89 100
363 136 458
363 176 717
363 232 168
363 277 3
363 347 691
363 467 638
363 303 189
363 67 364
363 356 816
363 199 759
363 472 56
363 188 757
363 368 312
363 271 241
363 278 165
363 101 85
363 443 550
363 366 753
363 471 334
363 104 491
363 474 630
363 183 83
363 115 585
363 316 598
363 255 333
363 416 30
363 326 40
363 475 881
363 25 330
363 396 117
363 211 104
363 498 425
363 309 491
363 349 934
363 430 848
363 237 960
363 21 869
363 276 388
363 164 591
363 103 356
363 161 282
363 83 616
363 14 587
363 166 580
363 423 829
363 444 36
363 251 247
363 390 650
363 37 277
363 285 200
363 402 681
363 456 677
363 485 750
363 461 561
364 378 1
364 463 760
364 15 644
364 57 531
364 186 506
364 202 678
364 256 5
364 323 781
364 407 516
365 45 28
365 88 911
365 269 4
365 368 76
365 444 180
366 368 660
366 419 370
366 67 471
366 103 506
366 133 827
366 139 567
366 183 96
366 202 792
366 260 857
366 323 413
366 467 163
366 303 954
366 363 563
366 356 800
366 199 917
366 472 985
366 188 982
366 271 852
366 278 746
366 101 754
366 443 834
366 471 473
366 104 190
366 474 866
366 115 377
366 316 476
366 255 166
366 416 67
366 326 900
366 475 887
366 25 472
366 396 832
366 211 884
366 498 28
366 309 477
366 349 393
366 430 858
366 237 637
366 21 80
366 276 969
366 164 52
366 161 790
366 83 473
366 14 889
366 166 841
366 423 597
366 444 852
366 251 84
366 390 115
366 37 585
366 285 156
366 402 871
366 456 679
366 485 450
366 461 160
367 417 746
367 497 581
367 57 35
367 125 127
367 207 44
367 298 442
368 393 382
368 404 350
368 437 125
368 464 380
368 203 425
368 223 509
368 267 629
368 308 960
368 350 104
368 467 61
368 303 197
368 363 127
368 67 890
368 356 995
368 199 181
368 472 468
368 188 10
368 271 505
368 278 427
368 101 553
368 443 139
368 366 610
368 471 643
368 104 16
368 474 747
368 183 948
368 115 143
368 316 713
368 255 969
368 416 743
368 326 700
368 475 954
368 25 412
368 396 112
368 211 127
368 498 518
368 309 547
368 349 235
368 430 727
368 237 253
368 21 611
368 276 25
368 164 117
368 103 680
368 161 863
368 83 787
368 14 84
368 166 929
368 423 40
368 444 788
368 251 670
368 390 627
368 37 334
368 285 965
368 402 195
368 456 373
368 485 116
368 461 323
369 417 131
369 426 325
369 455 229
369 37 602
369 174 872
369 175 50
369 194 702
369 225 537
369 261 556
369 393 501
369 415 103
370 412 593
370 433 134
370 477 955
370 10 677
370 45 701
370 59 602
370 156 335
370 192 844
370 268 489
370 284 156
371 376 519
371 385 183
371 386 947
371 407 499
371 412 656
371 431 852
371 474 355
371 58 138
371 84 908
371 114 957
371 146 45
371 166 705
371 237 175
371 280 709
371 326 285
372 388 355
372 392 979
372 409 870
372 490 897
372 1 347
372 19 250
372 40 273
372 45 598
372 70 423
372 86 294
372 108 662
372 157 958
372 215 325
372 284 638
372 297 17
372 307 746
373 438 673
373 481 953
373 106 487
373 138 825
373 170 300
373 175 950
373 233 807
373 243 155
373 246 696
373 261 265
374 414 199
374 416 892
374 426 16
374 56 866
374 76 501
374 79 786
374 134 315
374 144 736
374 161 981
374 193 875
374 232 769
374 250 486
375 418 8
375 485 102
375 498 378
375 4 744
375 75 824
375 124 252
375 128 890
375 213 623
375 301 663
376 381 573
376 464 245
376 487 398
376 8 198
376 96 671
376 106 796
376 220 394
376 238 956
376 254 98
376 255 180
376 264 881
376 286 261
376 300 867
377 421 102
377 442 289
377 27 172
377 30 573
377 60 876
377 84 137
377 183 591
377 273 755
377 293 886
377 350 466
378 408 422
378 415 392
378 4 424
378 19 953
378 78 237
378 109 847
378 168 575
378 235 863
378 276 848
378 292 825
378 300 82
378 301 744
378 329 95
379 387 924
379 5 438
379 92 327
379 109 314
379 113 941
379 146 510
379 167 425
379 188 771
379 191 421
379 228 355
379 257 412
379 318 482
379 375 407
380 399 254
380 432 33
380 20 119
380 23 288
380 199 328
380 211 536
380 278 54
380 319 927
380 321 320
381 389 310
381 391 334
381 452 501
381 463 79
381 465 629
381 484 588
381 7 129
381 185 861
381 194 34
381 257 625
381 299 723
381 338 107
381 367 403
382 418 255
382 16 2
382 26 303
382 49 236
382 105 319
382 199 102
382 265 746
382 314 395
382 327 429
382 328 282
383 474 65
383 43 798
383 115 712
383 260 15
383 268 231
384 66 295
384 86 568
384 127 23
384 128 72
384 207 839
384 342 731
384 391 522
384 445 604
385 392 272
385 450 844
385 492 157
385 103 230
385 112 208
385 120 243
385 160 293
385 186 799
385 187 65
385 204 85
385 279 886
385 351 907
385 365 227
385 396 474
386 105 68
386 128 23
386 201 503
386 222 774
387 420 133
387 432 774
387 48 362
387 104 893
387 127 895
387 131 817
387 142 887
387 288 435
387 331 973
388 24 391
388 36 664
388 73 341
388 119 897
388 258 792
388 293 475
388 472 139
389 413 631
389 33 659
389 52 622
389 96 7
389 145 984
389 150 782
389 159 940
389 174 200
389 190 842
389 201 954
389 228 445
389 234 222
389 243 780
389 339 983
389 349 669
389 379 75
389 384 284
390 497 535
390 499 811
390 74 867
390 90 800
390 144 118
390 229 618
390 256 308
390 268 927
390 277 478
390 308 694
390 353 394
390 467 723
390 303 199
390 363 389
390 67 255
390 356 104
390 199 830
390 472 417
390 188 54
390 368 65
390 271 835
390 278 327
390 101 343
390 443 315
390 366 697
390 471 169
390 104 854
390 474 131
390 183 635
390 115 29
390 316 247
390 255 643
390 416 713
390 326 661
390 475 672
390 25 986
390 396 940
390 211 92
390 498 300
390 309 943
390 349 36
390 430 234
390 237 177
390 21 446
390 276 990
390 164 882
390 103 650
390 161 587
390 83 427
390 14 870
390 166 703
390 423 805
390 444 340
390 251 658
390 37 120
390 285 484
390 402 610
390 456 943
390 485 934
390 461 861
391 403 77
391 405 677
391 17 386
391 61 659
391 75 482
391 76 758
391 84 619
391 113 49
391 285 970
391 327 942
392 430 863
392 484 110
392 129 991
392 220 173
393 429 484
393 101 712
393 118 420
393 176 791
393 204 775
393 306 268
393 353 223
393 379 718
394 413 424
394 128 318
394 219 174
394 253 87
394 281 101
394 307 466
394 333 805
394 352 648
394 362 17
394 430 296
395 453 719
395 56 167
395 63 836
395 112 889
395 121 959
395 221 866
395 234 853
395 241 653
395 242 828
395 359 860
396 41 975
396 60 129
396 159 395
396 195 155
396 208 239
396 250 715
396 252 115
396 311 397
396 327 153
396 351 198
396 467 167
396 303 498
396 363 382
396 67 929
396 356 582
396 199 639
396 472 107
396 188 16
396 368 779
396 271 719
396 278 829
396 101 394
396 443 26
396 366 876
396 471 417
396 104 872
396 474 274
396 183 260
396 115 978
396 316 334
396 255 790
396 416 730
396 326 523
396 475 829
396 25 557
396 211 574
396 498 90
396 309 212
396 349 361
396 430 754
396 237 811
396 21 680
396 276 68
396 164 355
396 103 33
396 161 821
396 83 254
396 14 513
396 166 661
396 423 696
396 444 851
396 251 415
396 390 773
396 37 92
396 285 620
396 402 669
396 456 67
396 485 523
396 461 78
397 435 632
397 441 312
397 54 37
397 103 397
397 262 28
397 275 591
397 276 950
397 371 819
398 417 909
398 427 963
398 499 523
398 21 404
398 29 421
398 44 833
398 190 100
398 233 354
398 273 853
398 346 979
399 401 803
399 402 219
399 498 672
399 63 869
399 88 821
399 174 771
399 275 506
400 419 794
400 436 854
400 440 815
400 486 178
400 490 36
400 30 70
400 63 192
400 174 560
400 260 140
400 292 571
400 355 275
400 363 592
400 457 448
401 405 235
401 423 189
401 456 403
401 493 489
401 498 123
401 31 277
401 56 832
401 143 274
401 164 867
401 243 760
401 260 664
401 295 424
401 321 989
402 419 71
402 198 643
402 212 669
402 304 957
402 386 573
402 467 826
402 303 522
402 363 916
402 67 389
402 356 380
402 199 627
402 472 96
402 188 100
402 368 148
402 271 942
402 278 655
402 101 298
402 443 808
402 366 225
402 471 452
402 104 909
402 474 811
402 183 604
402 115 695
402 316 197
402 255 209
402 416 511
402 326 193
402 475 639
402 25 206
402 396 201
402 211 273
402 498 443
402 309 258
402 349 559
402 430 557
402 237 769
402 21 243
402 276 261
402 164 587
402 103 490
402 161 636
402 83 630
402 14 816
402 166 141
402 423 678
402 444 781
402 251 699
402 390 498
402 37 253
402 285 28
402 456 659
402 485 339
402 461 77
403 429 641
403 496 967
403 129 492
403 188 941
403 222 415
403 363 187
403 365 479
404 469 32
404 80 34
404 147 451
404 159 728
404 177 227
404 276 228
404 282 865
404 298 639
404 307 553
404 319 863
404 326 732
404 348 900
405 46 661
405 91 778
405 100 239
405 106 717
406 8 415
406 23 5
406 40 865
406 51 659
406 68 247
406 211 483
406 234 953
406 261 837
406 282 824
406 327 221
406 364 522
406 379 796
406 385 554
407 450 705
407 460 523
407 493 719
407 19 732
407 60 393
407 63 655
407 84 757
407 112 835
407 145 361
407 164 538
407 219 500
407 299 915
407 306 846
407 334 84
407 389 36
408 410 808
408 445 509
408 27 901
408 129 252
408 230 808
408 269 935
408 378 121
409 440 205
409 52 527
409 61 479
409 62 130
409 87 305
409 110 681
409 112 117
409 195 599
409 231 747
409 496 720
410 418 676
410 484 681
410 7 556
410 96 569
410 178 761
410 204 62
410 346 975
410 408 685
410 412 339
411 430 41
411 432 287
411 438 140
411 4 936
411 44 664
411 56 601
411 107 880
411 133 68
411 136 522
411 250 320
411 375 793
411 422 388
412 418 536
412 478 476
412 15 587
412 27 627
412 54 592
412 113 295
412 120 74
412 132 104
412 137 981
412 272 484
412 342 366
412 350 966
412 364 766
413 5 218
413 185 813
413 197 768
413 291 20
413 320 100
413 436 859
414 421 524
414 493 387
414 4 528
414 5 598
414 42 194
414 69 861
414 146 585
414 307 340
414 313 917
414 383 438
414 406 863
415 416 467
415 98 939
415 197 349
416 470 272
416 486 407
416 491 761
416 496 495
416 76 790
416 112 749
416 147 81
416 159 443
416 162 923
416 279 567
416 285 744
416 313 261
416 319 762
416 321 196
416 341 195
416 348 992
416 365 131
416 467 157
416 303 664
416 363 374
416 67 992
416 356 649
416 199 498
416 472 959
416 188 965
416 368 702
416 271 367
416 278 784
416 101 465
416 443 928
416 366 258
416 471 306
416 104 769
416 474 49
416 183 453
416 115 335
416 316 360
416 255 907
416 326 611
416 475 249
416 25 367
416 396 17
416 211 650
416 498 136
416 309 222
416 349 73
416 430 359
416 237 436
416 21 175
416 276 749
416 164 196
416 103 82
416 161 398
416 83 589
416 14 333
416 166 265
416 423 589
416 444 354
416 251 865
416 390 823
416 37 186
416 402 895
416 456 394
416 485 690
416 461 926
417 429 762
417 465 844
417 193 969
417 207 1
417 284 581
417 361 722
417 365 862
417 390 761
417 398 153
417 461 805
418 488 889
418 1 96
418 8 45
418 16 480
418 78 21
418 81 965
418 113 232
418 153 512
418 181 814
418 196 230
418 245 726
418 251 473
418 261 901
418 279 758
418 309 350
418 321 939
418 373 912
418 388 882
418 474 834
419 450 362
419 464 445
419 480 565
419 494 877
419 3 353
419 84 334
419 139 810
419 185 607
419 274 792
419 300 235
419 328 69
419 353 287
419 360 317
419 405 773
419 466 673
420 20 910
420 100 135
420 147 3
420 168 208
420 265 835
420 281 776
420 300 860
420 401 348
421 175 996
421 187 291
421 200 689
421 243 470
421 245 140
421 329 962
421 357 975
422 1 164
422 3 907
422 82 126
422 122 762
422 124 887
422 127 520
422 153 727
422 202 693
422 232 838
422 283 588
422 397 517
422 421 772
422 484 89
423 440 157
423 464 394
423 26 416
423 105 401
423 108 42
423 129 468
423 133 678
423 186 845
423 242 596
423 296 306
423 344 389
423 412 110
423 413 182
423 467 208
423 303 880
423 363 570
423 67 362
423 356 412
423 199 630
423 472 993
423 188 657
423 368 131
423 271 730
423 278 528
423 101 922
423 443 824
423 366 770
423 471 293
423 104 383
423 474 914
423 183 628
423 115 846
423 316 870
423 255 429
423 416 536
423 326 779
423 475 839
423 25 438
423 396 266
423 211 801
423 498 804
423 309 346
423 349 671
423 430 578
423 237 17
423 21 418
423 276 35
423 164 294
423 103 605
423 161 465
423 83 705
423 14 425
423 166 938
423 444 734
423 251 978
423 390 240
423 37 135
423 285 968
423 402 118
423 456 767
423 485 251
423 461 768
424 435 821
424 466 407
424 489 132
424 496 919
424 40 264
424 90 578
424 179 542
424 249 913
424 251 719
424 296 486
424 323 756
424 340 987
424 346 194
424 353 273
424 362 316
424 376 213
424 409 941
425 465 231
425 468 515
425 493 370
425 31 665
425 46 797
425 58 240
425 95 46
425 129 751
425 133 628
425 146 308
425 171 319
425 306 613
425 337 503
425 351 550
426 29 303
426 341 563
426 350 406
426 438 970
427 457 428
427 26 363
427 60 126
427 75 0
427 158 759
427 198 131
427 238 352
427 298 824
427 323 96
427 383 681
428 23 836
428 105 95
428 108 222
428 127 275
428 171 743
428 226 443
428 271 609
428 352 501
428 372 38
428 423 654
429 465 969
429 482 419
429 485 993
429 488 14
429 33 749
429 125 381
429 143 95
429 181 469
429 195 714
429 323 291
430 431 196
430 498 340
430 57 474
430 75 407
430 174 507
430 203 14
430 221 260
430 245 374
430 313 844
430 467 950
430 303 127
430 363 937
430 67 489
430 356 332
430 199 619
430 472 296
430 188 771
430 368 632
430 271 881
430 278 204
430 101 584
430 443 227
430 366 993
430 471 619
430 104 64
430 474 195
430 183 344
430 115 265
430 316 825
430 255 8
430 416 225
430 326 485
430 475 422
430 25 878
430 396 447
430 211 344
430 309 535
430 349 749
430 237 137
430 21 506
430 276 779
430 164 143
430 103 77
430 161 652
430 83 531
430 14 710
430 166 594
430 423 259
430 444 704
430 251 201
430 390 752
430 37 358
430 285 332
430 402 289
430 456 86
430 485 421
430 461 870
431 455 547
431 494 88
431 87 513
431 175 857
431 267 658
431 285 416
431 296 238
431 310 259
432 495 166
432 21 138
432 30 241
432 42 190
432 120 97
432 220 238
432 234 291
432 271 990
432 294 263
432 393 39
433 441 574
433 447 102
433 460 805
433 5 419
433 37 290
433 94 628
433 302 628
433 353 806
434 441 332
434 2 798
434 85 106
434 101 67
434 126 407
434 137 742
434 183 77
434 260 920
434 287 548
434 308 169
434 336 678
434 400 21
434 403 681
435 440 495
435 468 630
435 477 225
435 97 188
435 151 979
435 193 439
435 194 432
435 199 293
435 208 611
435 256 816
435 297 398
435 306 446
435 403 498
435 423 84
435 431 140
436 14 290
436 83 68
436 116 870
436 167 118
436 183 461
436 231 450
436 245 735
436 246 931
436 309 291
436 338 470
436 356 825
436 393 969
436 417 647
437 449 983
437 63 604
437 237 332
437 290 565
437 292 241
437 345 813
437 346 258
437 372 174
437 377 487
438 440 846
438 465 871
438 477 8
438 39 837
438 41 447
438 97 104
438 128 911
438 164 727
438 179 667
438 203 170
438 232 233
438 262 702
438 296 20
438 385 508
438 435 485
439 95 549
439 131 672
439 168 816
439 217 653
439 279 379
439 345 358
439 386 516
439 412 644
439 429 598
440 443 750
440 476 593
440 491 696
440 57 470
440 61 796
440 217 327
441 4 660
441 117 284
441 225 227
441 381 757
441 427 43
442 487 771
442 76 545
442 87 841
442 118 631
442 120 339
442 142 95
442 171 878
442 181 932
442 243 166
442 253 453
442 262 322
442 331 139
442 488 638
443 445 547
443 453 447
443 457 464
443 471 737
443 487 818
443 8 682
443 137 82
443 237 664
443 248 128
443 294 483
443 332 150
443 335 70
443 348 949
443 390 874
443 459 439
443 467 285
443 303 477
443 363 50
443 67 849
443 356 557
443 199 336
443 472 517
443 188 425
443 368 42
443 271 523
443 278 288
443 101 785
443 366 731
443 104 583
443 474 679
443 183 760
443 115 817
443 316 281
443 255 846
443 416 580
443 326 736
443 475 753
443 25 699
443 396 8
443 211 577
443 498 141
443 309 875
443 349 258
443 430 686
443 21 146
443 276 744
443 164 925
443 103 293
443 161 459
443 83 451
443 14 615
443 166 508
443 423 306
443 444 13
443 251 505
443 37 124
443 285 135
443 402 177
443 456 119
443 485 50
443 461 824
444 447 254
444 44 420
444 114 38
444 197 202
444 227 388
444 379 728
444 426 200
444 443 78
444 467 513
444 303 219
444 363 295
444 67 1000
444 356 547
444 199 527
444 472 621
444 188 557
444 368 805
444 271 212
444 278 630
444 101 752
444 366 415
444 471 829
444 104 697
444 474 144
444 183 927
444 115 753
444 316 927
444 255 84
444 416 667
444 326 122
444 475 942
444 25 625
444 396 442
444 211 595
444 498 243
444 309 817
444 349 319
444 430 579
444 237 11
444 21 100
444 276 1000
444 164 831
444 103 941
444 161 470
444 83 694
444 14 592
444 166 506
444 423 360
444 251 628
444 390 420
444 37 58
444 285 44
444 402 194
444 456 519
444 485 123
444 461 545
445 461 46
445 19 843
445 43 152
445 50 368
445 101 347
445 140 198
445 226 29
445 232 999
445 241 721
445 262 880
445 275 215
445 290 277
445 312 149
445 334 982
445 370 104
445 437 153
446 29 363
446 139 120
446 143 921
446 196 833
446 250 819
446 383 30
446 426 885
447 451 11
447 464 658
447 491 991
447 498 613
447 42 80
447 73 280
447 77 754
447 83 841
447 114 279
447 163 446
447 187 584
447 198 894
447 298 489
447 483 321
448 461 146
448 8 382
448 29 105
448 46 983
448 54 629
448 234 527
448 276 216
448 316 213
448 335 566
448 415 651
448 426 190
449 495 128
449 33 822
449 88 887
449 224 585
449 313 693
449 343 909
449 407 857
449 442 299
450 1 145
450 40 151
450 103 295
450 233 983
450 274 754
450 290 629
450 326 60
450 385 194
450 402 853
450 409 218
450 420 727
450 438 177
451 468 390
451 481 715
451 487 658
451 488 784
451 0 268
451 18 304
451 21 570
451 50 224
451 109 35
451 110 157
451 119 136
451 125 902
451 152 202
451 255 698
451 271 386
451 297 26
451 319 592
451 328 863
451 333 468
451 345 94
451 348 436
451 373 112
451 444 981
452 480 723
452 10 896
452 234 572
452 269 649
452 339 44
452 381 379
452 423 425
452 465 988
453 470 247
453 47 124
453 123 98
453 135 571
453 144 476
453 155 133
453 169 153
453 174 560
453 188 441
453 214 467
453 264 750
453 266 278
453 314 573
453 376 722
454 492 847
454 33 62
454 86 862
454 128 610
454 146 339
454 170 415
454 217 609
454 298 342
454 320 192
454 375 363
454 398 355
454 446 556
454 449 420
455 463 484
455 1 213
455 55 467
455 152 820
455 171 952
455 238 669
455 312 377
455 316 614
455 371 409
455 400 406
455 412 193
455 424 149
456 481 405
456 55 225
456 111 243
456 137 200
456 169 315
456 178 809
456 402 14
456 439 61
456 443 439
456 467 809
456 303 564
456 363 478
456 67 105
456 356 748
456 199 350
456 472 858
456 188 47
456 368 653
456 271 295
456 278 634
456 101 215
456 366 193
456 471 867
456 104 230
456 474 91
456 183 666
456 115 280
456 316 963
456 255 650
456 416 549
456 326 924
456 475 17
456 25 790
456 396 867
456 211 79
456 498 931
456 309 60
456 349 141
456 430 318
456 237 407
456 21 965
456 276 731
456 164 102
456 103 443
456 161 237
456 83 479
456 14 837
456 166 820
456 423 47
456 444 814
456 251 176
456 390 532
456 37 643
456 285 694
456 485 784
456 461 309
457 14 633
457 118 596
457 138 786
457 204 648
457 209 191
457 282 261
457 329 240
457 360 30
457 371 848
457 405 560
458 475 382
458 27 463
458 30 31
458 45 116
458 63 61
458 81 601
458 136 658
458 268 336
458 313 97
458 366 887
458 400 513
458 432 383
459 483 511
459 38 399
459 95 398
459 118 260
459 151 278
459 155 850
459 174 390
459 243 203
459 440 979
460 12 577
460 41 8
460 49 507
460 107 139
460 216 677
460 220 402
460 272 273
460 284 883
460 292 667
460 347 885
460 364 877
460 369 306
460 434 539
461 76 880
461 120 285
461 193 892
461 252 728
461 291 624
461 322 137
461 363 394
461 380 526
461 381 964
461 432 992
461 467 951
461 303 755
461 67 71
461 356 951
461 199 601
461 472 61
461 188 688
461 368 844
461 271 383
461 278 483
461 101 299
461 443 224
461 366 107
461 471 461
461 104 558
461 474 172
461 183 703
461 115 616
461 316 544
461 255 148
461 416 166
461 326 992
461 475 822
461 25 357
461 396 747
461 211 345
461 498 24
461 309 507
461 349 491
461 430 195
461 237 796
461 21 76
461 276 651
461 164 182
461 103 596
461 161 224
461 83 937
461 14 825
461 166 428
461 423 663
461 444 715
461 251 152
461 390 868
461 37 505
461 285 30
461 402 661
461 456 409
461 485 969
462 464 166
462 465 220
462 86 925
462 108 617
462 137 537
462 197 74
462 199 812
462 214 404
462 287 59
462 340 567
462 343 593
462 367 25
462 412 173
462 419 520
463 487 495
463 97 312
463 107 298
463 153 563
463 157 561
463 172 492
463 180 120
463 251 642
463 443 597
464 492 16
464 90 25
464 103 201
464 154 622
464 272 354
464 326 975
464 330 57
464 360 184
464 380 975
464 432 778
464 436 537
465 480 810
465 26 585
465 29 684
465 32 891
465 45 860
465 144 460
465 217 611
465 233 75
465 234 734
465 249 533
465 383 328
465 424 327
465 429 938
466 28 512
466 77 729
466 170 969
466 364 673
466 457 366
467 488 350
467 48 832
467 152 696
467 200 278
467 212 616
467 248 376
467 266 450
467 281 991
467 292 570
467 296 209
467 313 897
467 417 689
467 453 446
467 303 33
467 363 342
467 67 374
467 356 677
467 199 426
467 472 96
467 188 668
467 368 866
467 271 663
467 278 918
467 101 798
467 443 724
467 366 863
467 471 890
467 104 788
467 474 737
467 183 201
467 115 133
467 316 656
467 255 493
467 416 560
467 326 899
467 475 745
467 25 934
467 396 460
467 211 308
467 498 790
467 309 575
467 349 362
467 430 556
467 237 178
467 21 802
467 276 37
467 164 977
467 103 237
467 161 724
467 83 777
467 14 809
467 166 882
467 423 293
467 444 731
467 251 826
467 390 344
467 37 82
467 285 873
467 402 466
467 456 139
467 485 986
467 461 438
468 493 790
468 24 515
468 30 92
468 186 994
468 193 197
468 359 69
468 370 986
468 373 524
469 495 176
469 45 836
469 47 72
469 63 274
469 117 401
469 160 787
469 226 747
469 245 213
469 314 515
469 317 537
469 319 84
469 333 334
469 420 809
469 426 127
470 23 687
470 165 8
470 340 596
470 345 793
470 360 167
470 363 157
470 434 15
470 462 130
471 8 860
471 123 156
471 168 190
471 353 299
471 410 191
471 416 221
471 424 586
471 431 897
471 454 622
471 467 769
471 303 41
471 363 611
471 67 183
471 356 334
471 199 931
471 472 334
471 188 422
471 368 524
471 271 891
471 278 605
471 101 707
471 443 745
471 366 783
471 104 529
471 474 180
471 183 772
471 115 657
471 316 730
471 255 581
471 326 324
471 475 529
471 25 853
471 396 299
471 211 919
471 498 148
471 309 400
471 349 685
471 430 467
471 237 897
471 21 994
471 276 120
471 164 1000
471 103 181
471 161 264
471 83 788
471 14 777
471 166 161
471 423 760
471 444 863
471 251 652
471 390 376
471 37 952
471 285 450
471 402 313
471 456 245
471 485 44
471 461 459
472 475 399
472 60 751
472 184 837
472 187 645
472 213 8
472 354 315
472 434 192
472 451 518
472 467 662
472 303 92
472 363 608
472 67 995
472 356 250
472 199 359
472 188 239
472 368 909
472 271 186
472 278 269
472 101 92
472 443 344
472 366 174
472 471 921
472 104 844
472 474 950
472 183 596
472 115 659
472 316 942
472 255 607
472 416 85
472 326 98
472 25 76
472 396 728
472 211 662
472 498 987
472 309 815
472 349 573
472 430 71
472 237 962
472 21 588
472 276 220
472 164 408
472 103 1000
472 161 254
472 83 561
472 14 369
472 166 683
472 423 108
472 444 83
472 251 630
472 390 820
472 37 527
472 285 744
472 402 339
472 456 554
472 485 336
472 461 610
473 476 434
473 497 607
473 92 397
473 100 234
473 121 477
473 133 45
473 161 71
473 199 869
473 203 757
473 213 892
473 261 79
473 352 30
473 357 450
474 482 866
474 39 613
474 74 675
474 148 353
474 151 698
474 173 829
474 204 816
474 246 123
474 409 682
474 444 291
474 467 117
474 303 691
474 363 813
474 67 978
474 356 77
474 199 148
474 472 678
474 188 193
474 368 228
474 271 545
474 278 40
474 101 663
474 443 794
474 366 499
474 471 782
474 104 120
474 183 829
474 115 205
474 316 204
474 255 464
474 416 250
474 326 590
474 475 148
474 25 892
474 396 761
474 211 222
474 498 721
474 309 252
474 349 199
474 430 695
474 237 819
474 21 176
474 276 213
474 164 80
474 103 240
474 161 161
474 83 478
474 14 118
474 166 685
474 423 753
474 251 548
474 390 811
474 37 314
474 285 471
474 402 365
474 456 886
474 485 150
474 461 811
475 91 186
475 261 171
475 372 256
475 394 265
475 467 662
475 303 635
475 363 303
475 67 557
475 356 311
475 199 884
475 472 233
475 188 967
475 368 151
475 271 184
475 278 18
475 101 59
475 443 462
475 366 175
475 471 505
475 104 673
475 474 668
475 183 659
475 115 129
475 316 126
475 255 338
475 416 379
475 326 447
475 25 194
475 396 85
475 211 274
475 498 196
475 309 162
475 349 567
475 430 803
475 237 504
475 21 73
475 276 476
475 164 586
475 103 477
475 161 696
475 83 303
475 14 32
475 166 404
475 423 365
475 444 28
475 251 285
475 390 949
475 37 227
475 285 206
475 402 746
475 456 692
475 485 85
475 461 934
476 492 243
476 19 158
476 38 393
476 101 816
476 161 891
476 207 666
476 321 460
476 400 124
477 7 78
477 35 611
477 143 810
477 208 958
477 227 863
477 255 389
477 269 311
477 364 605
477 388 563
477 412 267
477 437 650
478 1 819
478 18 862
478 103 604
478 158 746
478 236 660
478 240 626
478 264 555
478 276 506
478 287 445
478 308 748
478 403 503
478 427 751
478 431 588
479 482 770
479 46 774
479 123 667
479 163 914
479 166 177
479 175 725
479 197 234
479 224 486
479 242 919
479 315 57
480 6 99
480 34 711
480 44 806
480 74 615
480 82 324
480 113 741
480 139 172
480 339 125
480 361 982
480 368 880
481 21 441
481 82 72
481 141 851
481 161 489
481 173 158
481 235 856
481 252 406
481 300 181
481 305 878
481 334 653
481 384 53
481 424 738
481 475 538
482 7 238
482 37 512
482 41 185
482 45 80
482 57 636
482 109 419
482 188 704
482 234 763
482 256 678
482 257 181
482 316 996
482 410 171
482 411 338
482 459 280
482 480 363
483 494 443
483 25 239
483 91 295
483 120 176
483 160 786
483 219 932
483 273 542
483 305 845
483 344 576
483 396 621
483 397 432
483 399 95
483 430 714
484 497 250
484 8 180
484 157 207
484 194 861
484 250 539
484 376 323
484 382 299
484 389 20
484 421 688
484 463 624
484 481 421
485 22 821
485 123 213
485 161 969
485 204 295
485 335 333
485 380 765
485 411 611
485 421 480
485 432 972
485 467 191
485 470 632
485 303 254
485 363 519
485 67 20
485 356 82
485 199 646
485 472 922
485 188 570
485 368 625
485 271 551
485 278 728
485 101 439
485 443 58
485 366 280
485 471 706
485 104 737
485 474 335
485 183 36
485 115 991
485 316 20
485 255 952
485 416 814
485 326 852
485 475 488
485 25 713
485 396 703
485 211 402
485 498 991
485 309 661
485 349 738
485 430 410
485 237 225
485 21 418
485 276 729
485 164 625
485 103 379
485 83 145
485 14 425
485 166 779
485 423 309
485 444 375
485 251 374
485 390 73
485 37 383
485 285 164
485 402 750
485 456 836
485 461 75
486 21 663
486 127 868
486 152 371
486 243 618
486 312 535
486 395 235
486 416 970
486 463 700
487 30 388
487 36 46
487 46 108
487 102 926
487 166 728
487 169 223
487 202 822
487 235 148
487 263 385
487 335 167
488 23 218
488 25 112
488 157 990
488 223 502
488 247 718
488 261 746
488 305 244
488 343 192
489 2 400
489 184 186
489 259 7
489 363 386
489 422 516
490 492 56
490 10 622
490 48 645
490 108 25
490 137 849
490 263 963
490 386 98
491 177 481
491 192 745
491 205 178
491 253 578
491 276 590
491 301 832
491 375 834
491 431 711
492 35 972
492 117 787
492 151 475
492 157 20
492 185 914
492 262 190
492 285 264
492 377 900
492 403 484
492 488 785
493 67 520
493 123 274
493 124 537
493 253 753
493 276 216
493 281 360
493 282 626
493 380 876
493 407 426
493 451 524
494 165 807
494 301 73
494 351 91
494 416 743
494 467 579
495 0 531
495 7 84
495 19 436
495 37 655
495 49 380
495 182 533
495 194 532
495 208 232
495 267 59
495 442 68
495 493 453
496 16 396
496 100 776
496 109 986
496 161 481
496 195 832
496 264 525
496 297 851
496 345 311
496 346 893
496 438 893
497 6 626
497 17 305
497 162 663
497 389 181
497 438 797
498 31 130
498 258 676
498 276 742
498 287 34
498 307 762
498 476 152
498 494 798
498 467 713
498 303 163
498 363 303
498 67 44
498 356 334
498 199 581
498 472 402
498 188 801
498 368 433
498 271 166
498 278 37
498 101 166
498 443 442
498 366 68
498 471 634
498 104 338
498 474 932
498 183 994
498 115 544
498 316 485
498 255 577
498 416 656
498 326 753
498 475 991
498 25 921
498 396 348
498 211 531
498 309 708
498 349 895
498 430 165
498 237 146
498 21 5
498 164 836
498 103 498
498 161 185
498 83 240
498 14 812
498 166 1
498 423 711
498 444 765
498 251 324
498 390 201
498 37 510
498 285 816
498 402 558
498 456 945
498 485 970
498 461 587
499 26 513
499 121 290
499 131 713
499 161 620
499 177 197
499 204 64
499 365 212
499 394 271
499 398 213
