100 2029 0
0 7 814
0 10 104
0 11 78
0 12 726
0 18 66
0 22 622
0 23 795
0 28 676
0 29 118
0 32 206
0 36 840
0 38 102
0 53 956
0 54 498
0 57 443
0 65 82
0 83 117
0 85 484
0 87 734
0 91 880
0 92 456
0 1 513
0 20 744
0 34 909
0 80 172
0 84 552
1 8 104
1 11 141
1 28 875
1 33 381
1 38 747
1 41 870
1 47 432
1 52 523
1 56 133
1 57 82
1 59 641
1 60 518
1 62 981
1 64 35
1 67 747
1 72 900
1 73 566
1 76 254
1 77 96
1 80 746
1 83 810
1 88 387
1 91 917
1 2 380
1 15 541
1 31 936
2 5 331
2 6 575
2 7 715
2 10 585
2 19 559
2 25 401
2 28 930
2 34 314
2 39 247
2 40 579
2 53 710
2 57 93
2 59 156
2 67 619
2 71 414
2 72 870
2 80 796
2 83 989
2 84 373
2 92 752
2 3 290
2 4 964
2 8 361
2 26 517
2 44 382
2 96 21
3 8 8
3 9 1
3 10 146
3 17 263
3 21 758
3 25 697
3 27 709
3 30 214
3 33 668
3 37 924
3 38 140
3 41 190
3 44 118
3 45 848
3 48 501
3 60 752
3 64 495
3 65 682
3 67 128
3 68 282
3 85 989
3 87 267
3 88 836
3 95 142
3 98 893
3 1 41
3 6 176
3 28 939
4 5 672
4 16 359
4 19 832
4 30 764
4 49 331
4 50 204
4 51 647
4 62 97
4 66 513
4 68 812
4 70 506
4 75 148
4 79 647
4 90 257
4 94 328
4 99 194
4 1 650
4 14 118
4 23 632
4 85 686
5 15 706
5 17 248
5 18 361
5 25 818
5 30 408
5 34 787
5 37 105
5 38 980
5 43 281
5 44 793
5 45 950
5 50 397
5 60 570
5 65 365
5 71 32
5 74 653
5 83 339
5 9 237
5 24 403
5 29 34
5 76 989
5 77 775
5 87 431
6 7 549
6 8 276
6 12 797
6 13 818
6 14 163
6 22 941
6 29 268
6 36 47
6 54 762
6 56 274
6 57 740
6 65 81
6 66 342
6 68 664
6 75 426
6 85 7
6 86 792
6 87 694
6 89 273
6 93 232
6 96 671
6 0 999
6 1 954
6 5 838
6 11 881
6 48 797
7 9 725
7 11 183
7 14 259
7 15 378
7 18 948
7 23 973
7 24 842
7 33 536
7 36 649
7 57 116
7 71 175
7 72 509
7 74 204
7 75 892
7 76 580
7 82 624
7 89 607
7 92 75
7 97 417
7 98 292
7 3 833
7 12 710
7 13 694
7 16 43
7 50 264
7 66 5
7 83 30
8 18 818
8 19 621
8 22 162
8 24 337
8 26 176
8 28 911
8 31 414
8 34 239
8 35 597
8 36 561
8 40 838
8 46 202
8 47 936
8 51 989
8 62 32
8 65 658
8 68 556
8 84 771
8 89 878
8 97 912
8 98 194
8 5 464
8 74 896
9 11 559
9 16 674
9 17 460
9 19 607
9 23 633
9 27 984
9 34 342
9 41 986
9 43 841
9 56 354
9 65 373
9 68 119
9 81 789
9 86 810
9 93 17
9 94 428
9 1 372
9 4 190
9 8 491
10 13 890
10 19 922
10 21 233
10 25 739
10 30 697
10 34 751
10 49 882
10 55 651
10 59 824
10 61 922
10 63 766
10 70 742
10 71 910
10 72 646
10 81 923
10 87 942
10 90 394
10 95 782
10 98 614
10 6 15
10 8 682
10 17 889
10 22 953
10 45 192
10 47 629
10 93 766
11 12 506
11 16 423
11 20 775
11 26 401
11 29 165
11 30 157
11 31 695
11 38 439
11 40 390
11 41 455
11 42 847
11 48 983
11 51 754
11 59 737
11 60 658
11 66 766
11 68 219
11 78 258
11 86 64
11 2 717
11 8 955
11 33 162
12 14 930
12 30 582
12 44 2
12 45 308
12 50 932
12 55 766
12 62 189
12 64 101
12 66 157
12 72 256
12 74 180
12 75 407
12 77 262
12 80 534
12 91 924
12 92 660
12 94 431
12 19 328
13 14 551
13 15 745
13 19 434
13 26 502
13 29 475
13 33 122
13 37 256
13 42 619
13 44 322
13 60 263
13 64 258
13 68 739
13 70 291
13 72 384
13 73 622
13 75 526
13 76 23
13 85 511
13 95 959
13 97 661
13 10 526
14 22 970
14 23 514
14 30 207
14 38 432
14 52 278
14 61 748
14 64 671
14 65 779
14 70 416
14 86 739
14 3 37
14 32 988
15 17 22
15 20 424
15 25 568
15 40 87
15 41 974
15 43 817
15 47 284
15 53 729
15 59 830
15 60 26
15 61 30
15 67 504
15 71 695
15 72 829
15 76 399
15 78 971
15 85 546
15 90 358
15 91 562
15 93 483
15 98 536
15 4 455
15 7 569
15 12 761
16 18 750
16 20 720
16 35 921
16 38 486
16 40 592
16 47 189
16 48 825
16 64 601
16 75 772
16 76 25
16 4 621
16 6 364
16 8 215
17 21 315
17 24 440
17 27 68
17 41 224
17 42 99
17 45 169
17 58 807
17 70 620
17 79 464
17 94 643
17 97 131
17 98 956
17 9 509
17 11 323
17 62 866
17 95 450
17 99 880
18 29 711
18 35 158
18 71 500
18 81 801
18 91 978
18 93 865
18 95 258
18 39 503
18 53 349
19 23 726
19 25 537
19 30 740
19 33 819
19 35 229
19 37 793
19 39 45
19 42 369
19 56 944
19 57 522
19 61 270
19 63 403
19 65 832
19 73 547
19 74 665
19 75 917
19 82 609
19 83 98
19 88 314
19 89 915
19 93 132
19 99 516
19 18 143
19 21 148
20 29 65
20 30 956
20 32 348
20 34 199
20 36 45
20 37 27
20 38 501
20 47 482
20 50 79
20 52 587
20 56 536
20 62 51
20 63 142
20 65 643
20 66 477
20 67 576
20 75 138
20 80 576
20 82 264
20 84 82
20 90 309
20 91 365
20 96 942
20 97 133
20 8 902
20 10 479
20 18 934
21 24 379
21 30 43
21 31 337
21 43 105
21 44 902
21 54 103
21 79 639
21 86 693
21 90 112
21 17 313
21 19 673
21 63 315
22 26 594
22 29 374
22 33 184
22 46 789
22 54 7
22 55 672
22 59 772
22 62 486
22 63 414
22 66 414
22 67 648
22 71 219
22 93 93
22 94 427
22 3 875
22 10 273
22 11 966
22 19 497
22 21 442
23 24 685
23 28 504
23 31 908
23 33 385
23 38 148
23 40 439
23 43 829
23 47 210
23 48 780
23 56 434
23 63 643
23 65 789
23 68 196
23 72 274
23 80 73
23 83 828
23 91 140
23 96 476
23 5 329
23 19 371
23 20 298
24 26 819
24 27 829
24 34 460
24 40 351
24 49 251
24 58 166
24 61 472
24 73 999
24 74 130
24 80 721
24 82 348
24 84 822
24 92 224
24 97 509
24 2 158
24 4 99
24 5 549
24 11 600
25 28 619
25 36 455
25 38 746
25 44 325
25 46 178
25 48 89
25 51 676
25 52 323
25 61 167
25 73 278
25 83 957
25 97 364
25 5 678
25 9 730
25 11 119
25 14 115
25 17 387
25 21 329
25 24 777
25 40 335
25 58 317
26 29 341
26 31 876
26 39 780
26 58 884
26 68 1
26 75 193
26 82 674
26 91 665
26 96 309
26 98 654
26 99 191
26 0 173
26 18 868
26 72 571
27 32 162
27 35 486
27 48 981
27 53 246
27 59 81
27 64 730
27 65 536
27 73 916
27 79 265
27 80 918
27 81 722
27 83 108
27 18 52
27 19 387
27 21 762
27 24 91
27 36 400
27 37 474
28 31 496
28 35 679
28 49 144
28 53 723
28 57 144
28 60 59
28 70 943
28 83 115
28 85 154
28 87 647
28 89 122
28 98 854
28 3 413
28 4 622
28 13 913
28 18 96
28 20 288
28 41 83
28 68 590
29 31 594
29 50 102
29 51 222
29 55 873
29 63 765
29 83 921
29 89 309
29 93 865
29 2 845
29 7 412
29 9 923
29 13 176
30 32 543
30 34 463
30 36 719
30 39 273
30 40 782
30 48 345
30 52 641
30 62 178
30 63 662
30 70 827
30 73 413
30 78 267
30 82 914
30 89 916
30 91 181
30 96 938
30 2 165
30 3 844
30 9 741
30 18 87
30 24 216
30 25 652
30 46 532
30 51 836
31 34 923
31 53 784
31 56 366
31 58 691
31 62 753
31 71 466
31 74 889
31 76 922
31 77 674
31 80 854
31 98 92
31 0 339
31 7 528
31 10 434
31 14 816
31 16 807
31 18 309
31 26 469
31 30 828
32 39 57
32 49 143
32 51 357
32 56 179
32 61 511
32 67 231
32 70 951
32 74 236
32 75 66
32 79 128
32 89 937
32 91 783
32 2 450
32 3 444
32 6 101
32 10 369
32 12 769
32 20 230
32 23 123
32 25 330
32 27 137
33 34 204
33 36 242
33 37 631
33 70 560
33 80 322
33 82 676
33 94 508
33 3 881
33 14 351
33 29 603
33 30 997
33 35 652
34 36 877
34 37 492
34 40 923
34 52 516
34 54 678
34 55 899
34 62 276
34 64 792
34 73 303
34 79 18
34 84 637
34 4 700
34 8 636
34 9 938
34 11 184
34 13 278
34 16 200
34 19 512
34 32 561
34 33 726
34 43 853
35 37 112
35 41 319
35 42 450
35 43 178
35 55 112
35 85 49
35 90 466
35 98 542
35 5 541
35 14 574
35 16 627
35 18 576
35 20 559
35 22 755
35 23 674
35 27 384
35 29 891
35 30 429
35 32 325
36 38 622
36 50 815
36 55 345
36 58 232
36 62 338
36 66 506
36 68 148
36 80 532
36 82 739
36 84 755
36 99 864
36 5 26
36 8 998
36 18 756
36 31 493
36 33 825
37 45 143
37 47 1
37 50 86
37 51 575
37 55 870
37 65 19
37 67 872
37 68 141
37 70 783
37 81 892
37 82 112
37 83 56
37 84 328
37 93 929
37 94 319
37 98 683
37 99 198
37 1 784
37 11 64
37 15 691
37 16 49
37 18 776
37 60 235
38 39 749
38 45 181
38 47 916
38 53 803
38 56 368
38 72 978
38 77 392
38 83 665
38 84 974
38 85 542
38 88 634
38 95 694
38 1 376
38 3 917
38 13 428
38 21 214
38 28 401
38 34 736
39 44 40
39 45 610
39 46 754
39 47 228
39 55 582
39 58 7
39 62 907
39 64 456
39 66 755
39 69 11
39 72 424
39 75 157
39 79 794
39 94 205
39 3 64
39 12 592
39 13 651
39 14 132
39 18 953
39 20 933
39 24 913
39 28 806
39 29 324
39 30 768
39 31 287
39 70 904
39 82 301
40 45 795
40 52 907
40 56 463
40 61 350
40 63 536
40 66 423
40 69 502
40 76 337
40 77 828
40 84 272
40 91 528
40 92 890
40 96 311
40 99 454
40 0 810
40 1 547
40 16 340
40 35 410
41 45 686
41 53 343
41 56 952
41 58 413
41 59 916
41 61 773
41 63 287
41 65 950
41 68 713
41 70 14
41 81 219
41 90 860
41 97 931
41 99 730
41 2 478
41 5 770
41 7 305
41 10 412
41 12 438
41 15 757
41 21 757
41 31 847
41 32 876
41 34 950
41 36 832
41 37 698
42 44 132
42 50 941
42 52 990
42 57 183
42 58 488
42 65 194
42 68 973
42 70 174
42 88 639
42 91 963
42 94 947
42 5 197
42 9 79
42 10 890
42 13 954
42 16 277
42 23 514
42 30 861
42 31 518
42 36 167
42 40 601
42 41 875
42 49 189
43 58 677
43 59 496
43 64 124
43 65 492
43 75 959
43 76 254
43 80 444
43 88 991
43 90 188
43 99 119
43 0 863
43 5 961
43 8 55
43 23 528
43 27 39
43 33 719
43 34 754
43 37 92
44 47 808
44 56 764
44 57 740
44 58 96
44 63 904
44 86 962
44 88 605
44 89 140
44 91 150
44 92 576
44 94 214
44 0 661
44 9 367
44 10 374
44 13 102
44 16 98
44 19 385
44 22 500
44 24 128
44 32 343
44 43 587
45 47 912
45 51 534
45 53 208
45 63 621
45 70 229
45 87 781
45 92 611
45 97 583
45 98 454
45 1 617
45 6 293
45 9 97
45 13 143
45 19 428
45 23 859
45 29 97
45 36 767
46 47 925
46 54 193
46 55 963
46 61 734
46 81 133
46 82 182
46 88 946
46 96 704
46 97 272
46 99 282
46 0 811
46 1 692
46 3 332
46 7 173
46 11 456
46 19 727
46 23 344
46 34 559
46 41 102
46 45 772
46 52 92
47 51 405
47 58 11
47 59 63
47 63 193
47 74 351
47 75 445
47 83 905
47 89 254
47 91 821
47 92 338
47 96 948
47 98 437
47 7 603
47 10 126
47 12 336
47 15 67
47 18 493
47 23 622
47 24 505
47 30 304
47 46 250
47 79 392
48 51 892
48 56 731
48 59 60
48 62 353
48 69 339
48 74 173
48 75 91
48 81 573
48 85 282
48 88 966
48 95 469
48 98 6
48 99 810
48 2 831
48 3 635
48 5 640
48 6 163
48 8 876
48 16 144
48 17 752
48 27 571
48 40 580
48 41 345
48 42 696
48 73 761
49 55 465
49 56 864
49 61 890
49 72 709
49 84 69
49 87 810
49 88 398
49 90 838
49 96 998
49 97 278
49 98 479
49 10 290
49 13 29
49 21 414
49 22 879
49 44 24
49 45 828
50 63 926
50 70 466
50 72 830
50 75 113
50 77 134
50 82 826
50 85 838
50 95 307
50 1 337
50 13 304
50 21 621
50 23 159
50 31 500
50 34 819
50 38 455
50 41 7
50 43 623
50 47 332
51 54 929
51 61 158
51 63 424
51 64 826
51 66 27
51 67 305
51 84 871
51 92 182
51 99 974
51 4 591
51 10 826
51 17 831
51 18 160
51 22 80
51 24 431
51 26 885
51 38 775
51 39 524
51 40 884
51 41 463
51 46 890
51 55 834
52 58 945
52 59 547
52 62 657
52 65 797
52 69 141
52 74 929
52 75 430
52 76 841
52 93 982
52 0 347
52 4 135
52 8 708
52 21 955
52 30 575
52 41 368
52 42 605
52 61 172
53 56 832
53 69 84
53 84 95
53 85 248
53 1 115
53 2 207
53 7 489
53 19 926
53 23 734
53 26 993
53 28 865
53 40 670
53 52 965
54 61 196
54 64 28
54 67 812
54 68 877
54 74 385
54 81 337
54 85 270
54 86 363
54 87 604
54 90 258
54 98 453
54 4 930
54 10 531
54 12 767
54 13 993
54 31 971
54 36 39
54 38 319
54 75 894
55 56 456
55 57 443
55 61 933
55 64 866
55 68 228
55 78 897
55 80 775
55 82 754
55 83 762
55 89 485
55 94 15
55 1 534
55 6 839
55 8 610
55 19 747
55 20 405
55 28 730
55 29 819
55 30 875
55 32 831
55 38 345
55 43 219
55 46 977
55 47 994
56 66 576
56 72 357
56 75 300
56 83 820
56 95 166
56 97 181
56 4 743
56 11 733
56 17 287
56 25 204
56 32 828
56 33 993
56 40 969
56 49 121
57 61 360
57 72 753
57 79 387
57 81 158
57 84 309
57 86 831
57 88 261
57 92 727
57 95 637
57 0 847
57 3 171
57 9 885
57 10 415
57 17 28
57 19 683
57 26 975
57 31 928
57 35 843
57 39 79
57 40 843
57 41 190
57 42 948
57 49 399
57 50 421
57 51 80
57 54 78
58 60 692
58 63 583
58 66 255
58 68 548
58 79 69
58 81 221
58 82 331
58 89 760
58 96 463
58 97 571
58 98 733
58 15 622
58 25 813
58 27 100
58 35 791
58 36 173
58 39 829
58 43 917
58 69 163
59 60 784
59 66 620
59 71 602
59 73 622
59 74 49
59 80 895
59 81 981
59 82 448
59 86 794
59 90 266
59 98 218
59 99 549
59 5 62
59 6 505
59 9 75
59 21 17
59 22 664
59 27 49
59 30 608
59 34 192
59 40 175
59 43 504
59 53 772
59 64 674
60 65 204
60 69 533
60 72 297
60 83 588
60 87 758
60 88 581
60 91 89
60 99 153
60 8 381
60 27 866
60 28 558
60 37 827
60 47 809
60 48 0
61 69 904
61 73 635
61 74 342
61 83 671
61 85 317
61 89 915
61 91 559
61 95 810
61 1 231
61 2 594
61 4 311
61 18 12
61 26 587
61 30 422
61 32 362
61 34 72
61 37 336
61 38 986
61 43 286
61 44 846
61 51 784
61 52 354
61 53 840
61 55 102
62 66 307
62 81 577
62 86 152
62 88 360
62 90 39
62 93 740
62 96 14
62 1 857
62 10 657
62 14 611
62 27 930
62 28 837
62 30 410
62 37 8
62 39 442
62 40 239
62 44 840
62 45 440
62 48 583
62 50 476
62 52 300
62 55 832
62 59 4
62 60 179
63 64 706
63 66 586
63 76 465
63 78 550
63 82 69
63 88 663
63 95 795
63 0 14
63 3 684
63 6 44
63 9 816
63 12 93
63 13 130
63 15 402
63 20 392
63 28 612
63 32 179
63 33 751
63 34 225
63 35 666
63 38 561
63 42 110
63 47 30
63 51 886
63 55 41
63 57 403
63 62 415
64 67 835
64 74 289
64 75 175
64 79 862
64 82 389
64 85 26
64 86 686
64 87 326
64 94 645
64 5 430
64 8 531
64 16 205
64 23 945
64 34 526
64 37 831
64 39 364
64 46 610
64 47 251
64 50 693
65 73 33
65 76 425
65 97 504
65 3 525
65 5 997
65 9 645
65 11 48
65 12 857
65 13 848
65 16 204
65 21 346
65 25 468
65 29 745
65 30 188
65 31 581
65 33 201
65 46 217
65 47 36
65 49 204
65 52 122
65 64 300
66 68 775
66 69 331
66 70 337
66 75 750
66 86 312
66 88 813
66 90 147
66 95 184
66 13 590
66 14 737
66 19 425
66 21 282
66 26 56
66 33 967
66 43 391
66 49 816
66 58 826
66 65 113
67 80 774
67 86 582
67 87 998
67 88 811
67 91 878
67 0 939
67 1 509
67 8 166
67 12 811
67 40 389
67 41 804
67 44 227
67 46 419
67 56 780
67 59 396
68 80 131
68 85 573
68 88 646
68 89 453
68 91 904
68 93 637
68 94 705
68 99 833
68 3 371
68 9 941
68 40 47
68 45 658
68 62 631
68 63 537
68 66 233
69 70 221
69 71 525
69 76 409
69 78 497
69 79 229
69 87 585
69 94 746
69 95 80
69 2 553
69 20 113
69 24 156
69 33 900
69 38 169
69 42 310
69 45 28
69 48 326
69 50 116
69 52 134
69 67 634
70 72 986
70 74 652
70 78 540
70 83 633
70 94 808
70 2 184
70 12 559
70 22 426
70 35 262
70 37 13
70 39 783
70 44 807
70 46 375
70 47 141
70 54 45
70 58 527
70 62 221
70 68 732
70 69 455
70 71 683
71 76 627
71 78 276
71 84 798
71 85 426
71 90 882
71 91 958
71 92 792
71 94 61
71 11 769
71 14 255
71 20 603
71 25 272
71 30 197
71 36 345
71 37 682
71 41 107
71 43 711
71 46 859
71 50 274
71 52 503
71 55 380
71 61 851
71 62 300
71 98 59
72 74 271
72 77 713
72 79 110
72 81 367
72 92 291
72 93 199
72 96 938
72 97 348
72 99 238
72 6 246
72 11 850
72 12 204
72 16 192
72 17 701
72 21 387
72 27 124
72 30 547
72 32 257
72 38 680
72 51 172
72 61 993
72 64 984
73 82 354
73 88 925
73 89 400
73 90 27
73 92 898
73 1 546
73 2 685
73 3 44
73 22 547
73 29 444
73 34 701
73 38 112
73 40 260
73 51 823
73 60 726
73 63 205
73 65 523
73 71 307
74 77 754
74 83 87
74 94 920
74 95 991
74 97 107
74 99 512
74 4 998
74 29 432
74 37 690
74 38 566
74 59 361
74 68 183
74 72 150
75 84 816
75 87 124
75 89 294
75 96 749
75 0 867
75 6 817
75 11 756
75 12 777
75 16 301
75 17 178
75 24 497
75 32 921
75 38 301
75 39 253
75 43 962
75 46 938
75 47 869
75 57 944
75 70 551
76 78 594
76 81 706
76 85 246
76 87 79
76 7 489
76 11 819
76 20 197
76 21 366
76 23 436
76 34 275
76 38 953
76 40 335
76 41 950
76 43 910
76 47 105
76 49 810
76 55 143
76 57 474
76 58 836
76 69 642
76 74 359
76 89 518
77 80 132
77 84 64
77 90 956
77 96 784
77 15 471
77 16 410
77 26 786
77 27 493
77 31 326
77 34 841
77 35 624
77 43 319
77 45 495
77 56 144
77 62 290
77 71 46
78 84 420
78 87 706
78 90 819
78 91 67
78 93 474
78 96 607
78 99 181
78 4 69
78 12 781
78 18 115
78 19 889
78 20 403
78 22 236
78 26 298
78 27 640
78 28 109
78 31 435
78 32 964
78 34 641
78 36 969
78 37 597
78 39 985
78 49 302
78 51 554
78 56 931
78 62 31
78 68 579
78 69 50
78 71 413
78 73 759
78 77 422
79 85 536
79 89 376
79 90 232
79 93 908
79 99 794
79 15 251
79 17 166
79 21 669
79 22 667
79 25 110
79 39 972
79 50 119
79 51 548
79 60 619
79 66 148
79 78 303
79 86 366
80 94 497
80 2 523
80 5 252
80 16 442
80 20 796
80 27 152
80 28 953
80 29 612
80 32 613
80 34 901
80 38 191
80 40 995
80 49 349
80 55 185
80 58 779
80 59 674
80 65 888
80 69 22
80 70 342
80 71 153
80 76 105
81 82 525
81 83 322
81 86 620
81 91 912
81 0 253
81 4 104
81 7 752
81 10 762
81 13 913
81 14 575
81 18 993
81 19 945
81 25 106
81 32 753
81 33 699
81 35 488
81 37 535
81 42 629
81 45 714
81 55 944
81 59 955
81 63 505
81 65 293
81 66 343
81 78 902
81 79 631
81 80 92
82 84 213
82 94 42
82 98 649
82 0 947
82 4 413
82 9 265
82 12 524
82 15 727
82 20 348
82 22 225
82 30 602
82 35 925
82 40 348
82 41 266
82 43 740
82 50 801
82 52 762
82 57 717
82 74 923
82 77 67
82 81 822
83 92 848
83 95 460
83 99 818
83 1 130
83 2 39
83 4 687
83 7 99
83 12 449
83 21 956
83 23 725
83 25 287
83 31 781
83 36 342
83 42 260
83 52 454
83 53 18
83 54 351
83 58 750
83 63 329
83 68 653
83 70 248
83 71 835
84 91 361
84 99 748
84 0 370
84 2 1000
84 3 367
84 5 931
84 9 970
84 14 735
84 21 384
84 22 206
84 26 17
84 28 403
84 34 988
84 36 643
84 44 594
84 45 551
84 69 315
84 73 410
84 76 812
84 82 617
85 86 22
85 89 558
85 98 875
85 1 905
85 2 121
85 5 321
85 7 24
85 12 444
85 16 146
85 24 94
85 28 855
85 29 128
85 30 51
85 34 672
85 36 935
85 38 569
85 51 298
85 52 986
85 64 201
85 68 771
85 81 670
86 88 370
86 91 248
86 95 578
86 5 84
86 7 782
86 10 228
86 11 683
86 14 443
86 26 325
86 27 659
86 29 648
86 30 712
86 39 643
86 45 293
86 49 21
86 52 66
86 54 471
86 58 281
86 64 647
86 72 964
86 73 390
86 78 218
86 84 164
87 88 742
87 95 934
87 98 463
87 2 11
87 8 161
87 12 886
87 26 2
87 31 170
87 36 585
87 37 696
87 38 932
87 43 50
87 50 94
87 51 378
87 56 786
87 57 55
87 64 683
87 72 229
87 77 885
87 78 231
87 80 508
87 82 261
87 85 319
88 94 579
88 5 809
88 9 383
88 31 754
88 37 670
88 38 549
88 56 321
88 57 670
88 59 787
88 64 715
88 67 509
88 68 948
88 70 631
88 72 517
88 79 847
88 84 863
88 85 794
89 91 51
89 7 249
89 9 133
89 11 758
89 21 218
89 28 986
89 31 237
89 35 100
89 53 143
89 59 108
89 65 42
89 70 614
90 97 573
90 1 93
90 13 604
90 15 857
90 18 743
90 23 822
90 25 629
90 30 444
90 41 464
90 43 666
90 46 460
90 49 404
90 52 14
90 57 753
90 58 631
90 65 780
90 67 651
90 72 536
90 75 640
90 80 903
90 84 984
90 88 326
90 89 720
91 92 534
91 93 215
91 97 129
91 0 625
91 1 306
91 4 567
91 6 300
91 9 688
91 12 411
91 16 609
91 17 534
91 21 775
91 35 51
91 36 469
91 37 584
91 39 580
91 45 253
91 54 947
91 55 402
91 56 270
91 58 570
91 63 678
91 75 314
91 77 755
91 84 123
91 85 840
91 90 321
92 1 587
92 8 721
92 19 997
92 22 261
92 28 986
92 30 712
92 39 526
92 42 273
92 46 463
92 66 457
92 70 105
92 73 938
92 74 601
92 88 835
93 98 318
93 99 330
93 0 704
93 6 78
93 11 733
93 13 446
93 18 886
93 19 349
93 20 760
93 29 6
93 34 828
93 36 111
93 40 861
93 44 988
93 50 732
93 51 336
93 52 852
93 53 602
93 60 107
93 63 570
93 64 201
93 67 584
93 72 689
93 75 683
93 79 5
93 92 959
94 95 952
94 98 18
94 2 18
94 3 317
94 4 766
94 10 473
94 12 112
94 13 529
94 20 681
94 30 928
94 31 20
94 36 511
94 43 758
94 45 242
94 54 280
94 60 877
94 63 931
94 64 527
94 66 308
94 74 803
94 75 943
94 81 270
94 85 205
94 89 967
94 90 762
94 91 411
94 93 617
95 99 457
95 4 929
95 7 488
95 9 314
95 12 338
95 15 15
95 20 776
95 24 879
95 27 590
95 30 794
95 38 617
95 42 963
95 58 615
95 63 793
95 65 301
95 69 109
95 72 349
95 81 710
95 87 93
95 97 157
96 2 394
96 8 467
96 10 268
96 12 833
96 13 357
96 23 285
96 34 639
96 36 938
96 37 701
96 40 970
96 47 766
96 53 784
96 59 226
96 60 726
96 61 187
96 67 564
96 75 991
96 76 465
96 84 477
97 98 265
97 99 487
97 2 96
97 7 85
97 11 951
97 12 703
97 15 176
97 18 566
97 32 53
97 35 794
97 36 257
97 40 368
97 41 989
97 63 882
97 68 340
97 74 368
97 80 58
97 93 393
97 96 686
98 1 349
98 2 178
98 3 994
98 6 291
98 13 904
98 20 487
98 21 45
98 26 553
98 34 516
98 44 310
98 51 326
98 54 946
98 60 276
98 66 776
98 67 635
98 68 641
98 70 327
98 75 76
98 78 837
98 83 357
98 90 849
98 97 20
99 1 827
99 17 459
99 21 851
99 26 637
99 31 177
99 37 367
99 38 920
99 44 630
99 47 301
99 63 711
99 69 270
99 86 502
