150 4604 0
0 1 451
0 2 728
0 3 227
0 6 228
0 14 865
0 15 639
0 32 553
0 41 863
0 50 732
0 57 900
0 62 661
0 68 778
0 70 239
0 74 717
0 76 415
0 87 5
0 92 865
0 93 659
0 100 247
0 102 483
0 104 953
0 110 837
0 130 824
0 131 221
0 134 522
0 136 796
0 139 554
0 140 705
0 142 523
0 145 719
0 22 732
1 6 393
1 7 655
1 13 757
1 21 835
1 22 361
1 32 538
1 34 500
1 37 915
1 47 846
1 49 84
1 55 36
1 56 808
1 63 509
1 70 901
1 74 252
1 77 808
1 82 935
1 91 121
1 95 205
1 103 527
1 114 479
1 115 130
1 118 305
1 120 681
1 125 117
1 132 599
1 142 747
1 144 720
1 146 676
1 2 681
1 8 556
1 43 569
1 45 761
2 3 62
2 12 975
2 15 685
2 28 339
2 29 41
2 31 287
2 38 140
2 51 936
2 54 664
2 57 601
2 58 880
2 65 68
2 68 522
2 73 320
2 75 793
2 76 388
2 92 536
2 94 476
2 101 587
2 104 627
2 106 592
2 108 295
2 110 74
2 112 104
2 116 981
2 117 484
2 121 366
2 124 966
2 131 766
2 132 218
2 133 813
2 134 768
2 138 20
2 141 100
2 142 859
2 145 524
2 146 387
2 0 528
2 9 598
2 18 194
3 8 861
3 10 585
3 13 340
3 16 917
3 20 438
3 23 863
3 25 467
3 33 939
3 34 349
3 40 272
3 47 407
3 51 761
3 53 495
3 54 790
3 57 749
3 58 81
3 61 443
3 66 923
3 69 567
3 82 744
3 100 261
3 101 762
3 104 196
3 105 195
3 106 992
3 111 131
3 121 157
3 127 664
3 143 374
3 146 992
3 1 649
3 4 498
3 19 959
3 76 965
4 6 702
4 9 367
4 11 784
4 13 465
4 15 928
4 28 258
4 30 306
4 32 769
4 34 49
4 37 453
4 38 335
4 51 360
4 55 907
4 61 611
4 72 249
4 74 367
4 76 17
4 78 650
4 81 136
4 83 222
4 95 73
4 96 359
4 108 436
4 116 175
4 122 749
4 124 196
4 126 82
4 128 398
4 133 589
4 142 333
4 0 265
4 3 589
4 5 354
4 12 865
4 29 823
4 31 186
4 62 895
4 65 394
4 86 690
5 13 926
5 15 762
5 18 844
5 26 969
5 27 1
5 29 581
5 32 722
5 34 862
5 38 761
5 40 153
5 42 805
5 44 889
5 46 96
5 47 45
5 50 480
5 54 21
5 57 965
5 61 232
5 62 512
5 66 814
5 69 230
5 74 726
5 79 473
5 82 901
5 84 758
5 87 350
5 92 939
5 93 912
5 104 882
5 106 834
5 121 362
5 123 445
5 124 565
5 127 877
5 133 353
5 134 334
5 135 810
5 136 607
5 144 792
5 1 235
5 2 69
5 3 287
5 17 317
5 25 773
5 56 673
6 9 910
6 10 135
6 22 3
6 26 208
6 29 835
6 30 776
6 32 860
6 49 348
6 52 996
6 58 291
6 60 689
6 63 470
6 68 140
6 76 962
6 77 975
6 85 164
6 86 907
6 87 126
6 89 762
6 101 887
6 113 520
6 118 727
6 122 693
6 129 838
6 133 588
6 136 517
6 140 772
6 141 89
6 142 157
6 146 394
6 147 416
6 1 401
6 3 42
6 4 468
6 7 678
6 11 845
6 15 596
6 42 306
7 11 389
7 20 110
7 21 182
7 26 208
7 27 880
7 29 570
7 39 362
7 51 412
7 74 630
7 79 993
7 80 657
7 83 131
7 86 730
7 87 528
7 89 922
7 90 824
7 105 770
7 108 293
7 111 383
7 112 914
7 117 628
7 118 846
7 121 870
7 125 429
7 128 536
7 139 779
7 6 839
7 10 438
7 33 266
7 141 801
8 10 804
8 13 346
8 14 671
8 22 578
8 34 17
8 40 418
8 44 35
8 59 294
8 61 605
8 63 465
8 69 705
8 76 425
8 79 938
8 81 734
8 83 978
8 88 240
8 89 135
8 90 968
8 103 118
8 108 767
8 112 251
8 115 768
8 117 821
8 121 407
8 141 132
8 146 919
8 0 264
8 2 578
8 70 542
8 87 913
8 105 719
8 148 486
8 149 756
9 12 987
9 15 194
9 16 273
9 18 316
9 22 213
9 41 941
9 43 231
9 52 515
9 65 370
9 68 665
9 69 797
9 72 240
9 77 46
9 78 751
9 79 628
9 87 308
9 92 319
9 98 613
9 99 503
9 114 550
9 116 303
9 117 563
9 120 406
9 128 970
9 137 428
9 142 363
9 144 126
9 146 0
9 147 759
9 149 131
9 2 352
9 8 824
9 23 96
9 35 681
10 14 836
10 18 95
10 30 222
10 49 275
10 50 743
10 51 443
10 54 609
10 58 501
10 62 38
10 63 654
10 70 969
10 74 419
10 76 993
10 77 14
10 81 749
10 90 381
10 94 95
10 107 469
10 111 714
10 117 291
10 118 196
10 119 340
10 121 474
10 124 407
10 127 507
10 135 14
10 141 260
10 2 374
10 9 844
10 37 950
11 14 127
11 20 937
11 26 489
11 33 332
11 36 619
11 46 296
11 51 771
11 55 632
11 59 881
11 67 204
11 74 584
11 75 227
11 79 993
11 80 619
11 90 64
11 94 195
11 97 344
11 103 265
11 122 825
11 128 8
11 137 225
11 141 485
11 144 422
11 146 878
11 1 447
11 4 344
11 69 535
12 15 749
12 16 137
12 24 506
12 35 779
12 43 143
12 49 77
12 70 652
12 71 531
12 83 710
12 85 594
12 86 259
12 96 704
12 98 201
12 105 752
12 110 358
12 122 332
12 139 289
12 147 86
12 149 421
12 1 870
12 3 547
12 11 88
12 30 513
12 36 857
12 81 658
12 114 416
12 115 238
13 16 259
13 17 166
13 36 138
13 38 241
13 49 190
13 58 97
13 61 238
13 70 291
13 79 990
13 81 263
13 82 39
13 86 574
13 101 102
13 102 805
13 106 419
13 110 290
13 112 628
13 122 628
13 127 806
13 132 332
13 141 798
13 143 106
13 147 67
13 2 407
13 8 742
13 9 77
13 12 920
13 57 548
14 20 169
14 24 678
14 26 21
14 31 681
14 33 495
14 38 630
14 39 225
14 41 188
14 47 979
14 59 439
14 63 432
14 69 293
14 76 611
14 88 816
14 91 398
14 94 446
14 105 498
14 106 84
14 108 140
14 114 290
14 115 68
14 120 870
14 131 118
14 132 461
14 134 450
14 137 735
14 141 931
14 146 291
14 147 470
14 148 825
14 0 969
14 4 647
14 5 983
14 32 604
15 17 332
15 19 565
15 26 241
15 30 813
15 32 258
15 41 174
15 46 487
15 47 846
15 53 871
15 58 8
15 70 837
15 79 447
15 86 104
15 97 911
15 99 727
15 100 667
15 114 170
15 117 233
15 118 702
15 119 20
15 125 508
15 133 485
15 136 549
15 137 672
15 138 816
15 143 653
15 4 379
16 18 358
16 19 516
16 21 644
16 25 598
16 31 750
16 32 593
16 33 696
16 39 470
16 42 796
16 44 327
16 61 660
16 79 284
16 85 227
16 86 757
16 93 43
16 94 771
16 101 545
16 103 841
16 122 631
16 127 339
16 132 95
16 144 878
16 149 932
16 1 166
16 3 453
16 5 322
16 6 139
16 48 638
17 20 547
17 23 447
17 26 464
17 33 737
17 37 818
17 40 682
17 41 82
17 45 664
17 47 128
17 49 483
17 59 150
17 62 70
17 65 949
17 66 874
17 71 439
17 74 285
17 94 477
17 96 50
17 103 849
17 105 557
17 109 336
17 119 517
17 124 425
17 126 42
17 134 523
17 144 288
17 146 785
17 148 731
17 15 583
17 90 679
18 20 760
18 22 817
18 23 281
18 24 846
18 44 580
18 47 736
18 59 753
18 62 699
18 63 8
18 64 577
18 65 141
18 68 875
18 71 258
18 72 686
18 74 146
18 75 744
18 80 925
18 81 293
18 87 459
18 90 451
18 99 615
18 102 508
18 106 306
18 116 13
18 117 505
18 127 124
18 135 135
18 139 177
18 145 119
18 149 50
18 2 824
18 4 254
19 24 420
19 27 38
19 32 202
19 36 388
19 38 728
19 42 200
19 45 78
19 51 513
19 63 219
19 64 295
19 67 1000
19 74 547
19 79 527
19 82 621
19 85 557
19 94 805
19 96 212
19 105 630
19 108 752
19 112 415
19 133 829
19 139 697
19 141 144
19 144 927
19 11 753
19 13 927
19 18 84
19 143 667
20 31 122
20 32 942
20 33 625
20 38 442
20 47 595
20 50 243
20 53 817
20 58 319
20 65 579
20 77 11
20 83 100
20 96 1000
20 99 831
20 106 941
20 109 470
20 110 694
20 126 592
20 128 506
20 132 360
20 133 628
20 142 420
20 145 58
20 2 44
20 3 194
20 5 519
20 11 123
20 13 545
20 15 46
20 16 843
20 17 152
20 18 368
20 19 347
20 21 198
20 26 29
20 49 999
21 29 721
21 35 880
21 47 215
21 48 277
21 49 149
21 58 982
21 61 104
21 63 153
21 69 363
21 76 120
21 83 921
21 89 833
21 90 819
21 97 30
21 98 885
21 104 11
21 106 658
21 127 991
21 131 613
21 144 80
21 145 280
21 0 754
21 6 841
21 16 279
21 20 446
22 27 584
22 36 894
22 40 489
22 49 321
22 52 146
22 53 382
22 58 105
22 68 983
22 70 629
22 72 527
22 78 216
22 80 213
22 82 566
22 89 651
22 91 190
22 113 128
22 116 822
22 123 887
22 130 585
22 131 693
22 139 909
22 148 857
22 1 299
22 5 145
22 11 151
22 16 295
22 17 983
22 24 754
22 85 629
23 43 60
23 47 194
23 48 853
23 51 218
23 59 727
23 62 177
23 71 390
23 73 715
23 83 658
23 84 784
23 85 268
23 86 304
23 90 570
23 95 224
23 104 35
23 107 157
23 114 136
23 115 902
23 118 202
23 125 698
23 133 386
23 136 26
23 140 592
23 141 863
23 145 468
23 147 94
23 2 436
23 13 112
23 17 981
23 39 723
23 96 896
24 26 572
24 28 649
24 34 44
24 49 379
24 58 425
24 60 988
24 63 247
24 65 124
24 69 98
24 71 571
24 88 476
24 89 133
24 91 153
24 92 560
24 93 441
24 99 467
24 102 750
24 105 278
24 106 573
24 109 722
24 110 847
24 115 62
24 116 862
24 117 610
24 119 339
24 128 415
24 130 609
24 134 342
24 141 192
24 144 363
24 146 355
24 0 556
24 4 420
24 5 484
24 8 213
24 23 467
24 44 820
24 126 952
25 29 669
25 31 377
25 33 614
25 39 409
25 48 406
25 53 193
25 68 149
25 70 405
25 76 225
25 79 243
25 82 200
25 83 315
25 85 809
25 87 14
25 95 61
25 101 439
25 114 809
25 120 564
25 125 478
25 141 105
25 144 748
25 145 350
25 0 858
25 7 47
25 12 653
25 16 295
25 20 634
25 21 215
25 27 193
26 31 867
26 37 230
26 44 91
26 48 666
26 55 280
26 60 963
26 69 650
26 72 549
26 74 924
26 75 17
26 79 790
26 80 867
26 81 79
26 82 931
26 84 60
26 85 141
26 95 318
26 96 407
26 103 965
26 104 731
26 116 102
26 118 443
26 130 237
26 134 479
26 139 837
26 141 820
26 1 47
26 14 814
26 18 176
26 28 532
26 46 643
26 127 694
27 31 784
27 42 309
27 49 633
27 54 596
27 55 786
27 58 648
27 59 191
27 71 261
27 79 240
27 83 30
27 87 848
27 100 560
27 105 382
27 113 463
27 116 31
27 117 116
27 129 61
27 131 601
27 133 658
27 144 336
27 147 97
27 1 887
27 7 513
27 8 383
27 16 511
27 17 399
28 30 398
28 32 260
28 34 278
28 44 850
28 45 390
28 46 203
28 48 979
28 52 577
28 56 8
28 57 507
28 60 139
28 62 677
28 67 402
28 71 273
28 79 883
28 81 667
28 87 885
28 92 877
28 94 306
28 98 539
28 99 880
28 101 285
28 105 892
28 106 728
28 110 624
28 111 137
28 117 394
28 122 526
28 123 964
28 125 992
28 147 951
28 3 755
28 4 71
28 7 951
28 15 601
28 18 61
28 23 688
28 120 844
29 31 383
29 39 483
29 46 299
29 52 224
29 54 107
29 58 461
29 64 558
29 65 172
29 69 703
29 75 616
29 84 544
29 88 148
29 89 166
29 102 992
29 111 822
29 118 357
29 122 747
29 124 345
29 127 24
29 132 507
29 135 491
29 147 195
29 0 796
29 2 76
29 5 651
29 9 182
29 13 596
29 26 224
29 95 937
30 32 825
30 33 428
30 37 663
30 38 715
30 49 152
30 50 868
30 57 505
30 67 30
30 70 661
30 84 409
30 87 969
30 106 166
30 107 220
30 108 925
30 117 617
30 122 537
30 124 74
30 133 812
30 149 404
30 3 59
30 4 567
30 10 593
30 15 25
30 19 173
30 21 520
30 28 495
31 39 312
31 41 298
31 43 563
31 53 561
31 67 492
31 68 120
31 72 642
31 78 597
31 79 16
31 85 25
31 88 201
31 94 622
31 108 354
31 109 975
31 110 57
31 112 184
31 120 975
31 129 778
31 133 537
31 135 810
31 143 585
31 9 684
31 11 891
31 14 860
31 20 460
31 27 611
31 29 75
31 38 734
31 66 533
32 36 328
32 38 327
32 44 938
32 49 512
32 53 729
32 56 969
32 60 673
32 61 366
32 66 350
32 70 832
32 83 696
32 93 278
32 94 616
32 102 376
32 103 450
32 106 991
32 109 570
32 113 209
32 121 897
32 124 689
32 127 446
32 130 33
32 133 342
32 134 374
32 142 677
32 147 426
32 149 96
32 2 668
32 12 866
32 13 663
32 21 918
32 27 798
32 52 724
33 37 863
33 38 890
33 47 788
33 52 737
33 60 201
33 64 133
33 67 656
33 80 493
33 81 560
33 89 899
33 97 745
33 102 934
33 103 460
33 114 308
33 116 790
33 119 575
33 126 362
33 135 556
33 136 178
33 138 802
33 140 37
33 3 977
33 13 237
33 20 724
33 25 777
33 26 809
33 30 882
33 31 293
34 38 731
34 43 826
34 50 344
34 53 82
34 55 873
34 58 466
34 65 139
34 66 986
34 73 438
34 78 790
34 90 515
34 97 92
34 105 994
34 123 197
34 138 69
34 142 986
34 147 524
34 149 176
34 1 836
34 2 72
34 7 274
34 8 401
34 14 787
34 19 747
34 20 213
34 21 515
34 28 537
34 54 84
34 92 334
34 100 809
34 101 127
35 39 687
35 41 8
35 44 596
35 52 793
35 53 167
35 59 157
35 61 15
35 64 130
35 69 860
35 76 156
35 77 190
35 88 299
35 91 191
35 93 221
35 96 586
35 97 897
35 102 622
35 104 769
35 106 41
35 109 611
35 115 183
35 128 334
35 131 931
35 141 334
35 147 422
35 1 524
35 12 891
35 14 605
35 16 707
35 30 745
35 33 783
35 55 529
35 138 180
36 37 772
36 39 657
36 45 730
36 56 581
36 58 324
36 69 529
36 76 853
36 81 299
36 84 919
36 91 148
36 96 400
36 98 685
36 101 467
36 104 897
36 115 994
36 121 120
36 132 1000
36 144 181
36 147 264
36 2 788
36 3 777
36 11 161
36 13 760
36 27 863
36 30 652
36 31 376
36 40 952
37 40 450
37 42 313
37 49 245
37 55 44
37 57 459
37 62 399
37 63 751
37 70 837
37 71 645
37 72 8
37 74 315
37 77 192
37 88 518
37 102 662
37 112 92
37 115 608
37 116 995
37 120 250
37 121 359
37 123 239
37 124 909
37 126 186
37 133 269
37 140 92
37 146 344
37 149 174
37 0 921
37 2 844
37 3 950
37 6 596
37 10 659
37 16 942
37 27 607
37 29 85
37 118 98
38 47 76
38 54 728
38 56 662
38 61 987
38 71 815
38 91 573
38 95 71
38 97 962
38 98 588
38 110 220
38 112 408
38 114 1000
38 126 254
38 130 561
38 131 369
38 135 683
38 136 108
38 138 83
38 140 630
38 149 820
38 0 527
38 3 744
38 4 339
38 11 554
38 14 336
38 18 610
38 19 434
38 21 607
38 25 397
38 26 234
38 27 477
38 31 45
38 33 71
39 40 869
39 41 757
39 47 892
39 56 79
39 58 30
39 70 450
39 77 866
39 88 613
39 89 675
39 90 353
39 92 698
39 102 829
39 104 816
39 111 123
39 112 682
39 116 291
39 118 117
39 133 691
39 136 813
39 137 978
39 149 77
39 1 148
39 12 678
39 13 193
39 16 228
39 17 545
39 30 40
39 36 663
39 37 794
39 73 499
40 43 782
40 46 120
40 47 829
40 51 205
40 52 204
40 59 464
40 63 250
40 70 590
40 77 148
40 78 892
40 80 761
40 88 222
40 91 721
40 111 252
40 115 199
40 126 695
40 132 819
40 136 176
40 142 213
40 149 80
40 0 240
40 5 161
40 7 478
40 8 118
40 17 685
40 19 753
40 25 548
40 28 811
40 30 314
40 39 471
41 43 365
41 48 886
41 54 150
41 60 811
41 76 186
41 79 171
41 81 256
41 86 265
41 88 662
41 89 635
41 94 303
41 96 557
41 104 311
41 106 884
41 119 233
41 128 967
41 129 151
41 130 184
41 136 18
41 146 59
41 5 462
41 8 175
41 13 505
41 14 673
41 31 668
41 38 659
42 59 129
42 63 126
42 65 338
42 80 379
42 81 447
42 85 194
42 97 85
42 99 274
42 106 196
42 110 162
42 115 567
42 125 803
42 139 504
42 146 73
42 5 476
42 7 586
42 16 477
42 18 696
42 20 303
42 25 32
42 35 404
42 41 365
42 61 28
43 52 285
43 64 949
43 66 227
43 72 206
43 75 746
43 79 692
43 80 85
43 81 934
43 87 243
43 88 158
43 91 393
43 96 816
43 98 891
43 101 666
43 117 460
43 118 124
43 128 78
43 140 611
43 146 810
43 1 958
43 9 863
43 10 389
43 23 311
43 29 605
43 33 563
43 35 267
43 38 650
43 41 819
44 48 862
44 50 604
44 52 746
44 57 660
44 60 626
44 62 555
44 65 506
44 71 445
44 73 748
44 78 503
44 80 751
44 83 588
44 85 770
44 95 774
44 97 667
44 104 914
44 109 177
44 121 725
44 126 234
44 130 486
44 137 919
44 142 57
44 144 99
44 148 711
44 2 806
44 9 615
44 17 324
44 20 741
44 25 172
44 33 125
44 39 982
44 64 880
44 82 441
45 49 72
45 57 851
45 62 489
45 78 158
45 93 856
45 110 406
45 119 181
45 124 878
45 136 653
45 139 53
45 140 738
45 144 538
45 0 238
45 3 512
45 4 185
45 12 80
45 14 636
45 18 419
45 20 704
45 21 763
45 24 678
45 28 181
45 30 996
45 31 171
45 38 338
45 41 280
45 42 363
45 43 443
45 51 239
46 49 295
46 61 176
46 66 786
46 67 932
46 70 542
46 76 845
46 79 576
46 80 621
46 84 432
46 96 95
46 106 714
46 123 250
46 125 180
46 128 207
46 130 861
46 131 539
46 133 323
46 143 299
46 146 20
46 149 688
46 4 624
46 23 421
46 36 821
47 48 213
47 55 969
47 58 295
47 61 333
47 64 765
47 67 611
47 71 480
47 72 972
47 80 191
47 82 632
47 84 254
47 85 519
47 87 20
47 91 82
47 97 646
47 103 922
47 111 570
47 112 625
47 113 551
47 114 728
47 123 439
47 124 58
47 128 280
47 140 706
47 146 737
47 5 335
47 8 36
47 13 991
47 14 20
47 18 952
47 24 814
47 35 852
47 36 488
47 39 713
47 41 703
47 42 402
47 44 991
47 59 661
48 53 738
48 57 410
48 66 225
48 69 418
48 75 729
48 79 625
48 81 379
48 83 145
48 87 425
48 89 779
48 91 309
48 94 375
48 98 374
48 101 73
48 107 383
48 110 164
48 113 750
48 128 836
48 133 75
48 135 663
48 136 868
48 149 371
48 5 618
48 9 535
48 13 235
48 15 970
48 23 700
48 26 388
48 35 46
48 38 108
48 39 926
48 41 728
48 46 223
48 47 822
48 111 148
48 129 385
49 51 167
49 57 218
49 61 112
49 65 990
49 67 502
49 70 718
49 74 746
49 78 244
49 79 192
49 80 400
49 89 186
49 91 7
49 98 386
49 101 516
49 112 56
49 115 622
49 119 645
49 120 25
49 123 849
49 134 963
49 139 98
49 143 481
49 149 745
49 2 178
49 7 578
49 10 590
49 11 832
49 12 834
49 20 711
49 24 972
49 25 787
49 27 475
49 29 20
49 30 914
49 35 190
49 39 264
49 46 900
49 50 484
49 75 785
50 54 520
50 56 274
50 60 537
50 61 753
50 62 216
50 68 360
50 72 626
50 75 876
50 79 426
50 89 524
50 95 807
50 98 73
50 111 91
50 118 743
50 124 579
50 129 531
50 131 84
50 141 436
50 143 655
50 144 380
50 147 533
50 148 532
50 0 232
50 4 59
50 12 68
50 20 453
50 22 396
50 23 776
50 34 986
50 41 481
50 42 832
50 43 525
50 97 851
51 54 311
51 56 893
51 57 893
51 59 626
51 60 305
51 64 663
51 66 181
51 70 797
51 71 130
51 82 676
51 86 742
51 93 34
51 105 762
51 106 152
51 108 798
51 110 713
51 112 163
51 114 303
51 116 44
51 125 334
51 130 581
51 143 402
51 146 801
51 2 433
51 5 166
51 6 37
51 10 166
51 36 442
51 53 68
51 68 634
52 57 338
52 58 932
52 63 994
52 72 544
52 75 485
52 79 577
52 80 656
52 82 753
52 84 991
52 89 921
52 94 348
52 95 531
52 96 708
52 102 895
52 113 165
52 114 146
52 116 5
52 117 836
52 134 498
52 136 185
52 140 240
52 141 812
52 143 1
52 4 711
52 6 765
52 13 324
52 14 201
52 22 510
52 27 816
52 35 558
52 41 945
52 49 970
52 50 587
53 57 513
53 59 290
53 62 713
53 65 620
53 69 197
53 71 64
53 79 212
53 83 271
53 85 213
53 86 129
53 88 873
53 93 829
53 94 959
53 100 559
53 108 2
53 112 266
53 113 96
53 116 491
53 130 442
53 138 609
53 139 600
53 143 335
53 147 526
53 148 628
53 0 701
53 1 201
53 2 993
53 4 823
53 5 21
53 8 518
53 10 791
53 11 912
53 12 783
53 18 977
53 19 721
53 20 947
53 29 267
53 41 282
53 42 110
53 44 307
53 46 726
53 50 407
53 104 7
54 56 533
54 84 780
54 85 400
54 87 890
54 91 82
54 94 173
54 95 253
54 102 235
54 105 158
54 108 323
54 109 532
54 111 390
54 118 237
54 126 997
54 139 412
54 140 795
54 144 439
54 2 327
54 17 360
54 19 252
54 22 670
54 25 291
54 34 299
54 35 380
54 46 167
54 51 28
55 56 884
55 59 829
55 61 65
55 62 402
55 68 462
55 70 226
55 75 240
55 78 347
55 82 581
55 84 123
55 92 152
55 96 374
55 98 178
55 100 370
55 105 829
55 110 936
55 111 659
55 115 599
55 120 238
55 126 414
55 133 680
55 136 250
55 137 246
55 139 511
55 141 881
55 142 43
55 144 438
55 145 672
55 149 58
55 1 349
55 7 721
55 8 902
55 9 514
55 18 928
55 20 990
55 30 62
55 35 769
55 39 380
55 49 692
55 51 102
55 54 272
56 62 739
56 71 652
56 75 863
56 79 2
56 85 768
56 90 626
56 93 725
56 94 8
56 102 298
56 108 458
56 115 773
56 124 466
56 131 213
56 135 56
56 141 383
56 8 400
56 19 992
56 26 837
56 38 893
56 42 561
56 43 825
56 52 390
56 121 102
57 58 118
57 62 433
57 64 822
57 67 681
57 69 95
57 77 842
57 80 235
57 81 149
57 83 575
57 88 805
57 97 391
57 100 986
57 110 908
57 115 650
57 119 222
57 123 19
57 124 741
57 125 791
57 130 639
57 142 272
57 146 995
57 148 77
57 149 579
57 6 140
57 8 289
57 13 275
57 14 744
57 26 166
57 28 952
57 32 37
57 38 79
57 46 389
57 52 250
57 54 70
58 62 214
58 66 392
58 69 823
58 70 790
58 72 455
58 80 21
58 86 31
58 93 761
58 109 389
58 116 269
58 123 219
58 127 889
58 130 64
58 132 585
58 138 106
58 147 585
58 9 548
58 11 931
58 18 261
58 22 102
58 24 472
58 28 443
58 30 334
58 34 212
58 36 549
58 38 391
58 40 337
58 49 35
58 52 440
59 60 867
59 69 975
59 71 5
59 72 434
59 73 756
59 74 520
59 76 516
59 81 620
59 87 637
59 94 791
59 96 10
59 99 54
59 104 9
59 105 235
59 117 293
59 120 645
59 123 860
59 126 217
59 133 962
59 138 17
59 146 316
59 3 113
59 6 964
59 8 700
59 13 228
59 16 435
59 24 633
59 29 787
59 35 251
59 51 310
60 62 575
60 64 376
60 69 507
60 74 857
60 83 404
60 84 593
60 89 687
60 95 653
60 118 368
60 123 732
60 124 12
60 128 761
60 129 28
60 137 72
60 138 619
60 140 786
60 142 274
60 1 594
60 3 289
60 6 444
60 16 863
60 27 535
60 31 671
60 35 164
60 36 456
60 38 419
60 39 408
60 41 956
60 42 307
60 46 635
60 47 900
60 49 270
60 50 22
60 52 270
60 57 819
60 59 735
60 135 375
61 75 791
61 77 185
61 88 338
61 89 342
61 94 472
61 97 363
61 98 457
61 101 562
61 113 702
61 115 443
61 116 186
61 117 776
61 123 731
61 130 795
61 133 500
61 134 948
61 136 945
61 148 792
61 0 355
61 8 302
61 12 190
61 22 195
61 24 588
61 26 576
61 27 494
61 31 177
61 42 931
61 43 428
61 47 891
61 49 17
61 55 778
62 65 662
62 71 5
62 84 484
62 88 162
62 90 249
62 95 545
62 98 244
62 100 460
62 102 483
62 104 759
62 115 618
62 124 406
62 132 135
62 134 704
62 138 416
62 141 776
62 144 946
62 147 66
62 6 534
62 9 19
62 19 550
62 22 369
62 24 260
62 27 531
62 32 517
62 40 338
62 46 165
62 47 434
62 55 336
62 56 254
62 57 743
62 59 87
62 60 450
62 61 30
62 63 662
63 68 912
63 76 99
63 79 643
63 80 377
63 84 848
63 85 44
63 90 324
63 91 413
63 104 745
63 119 107
63 124 598
63 126 171
63 132 649
63 133 718
63 134 93
63 143 429
63 146 564
63 1 437
63 5 113
63 14 435
63 18 389
63 23 189
63 30 405
63 51 78
63 53 434
63 140 332
64 65 593
64 73 429
64 90 150
64 91 324
64 101 231
64 105 392
64 114 517
64 116 412
64 119 205
64 121 96
64 128 908
64 131 853
64 134 192
64 135 325
64 140 3
64 148 501
64 3 720
64 4 386
64 5 429
64 13 689
64 14 400
64 25 903
64 36 522
64 42 499
64 48 445
64 51 130
64 52 462
64 54 944
64 61 333
64 67 272
65 69 919
65 74 995
65 75 167
65 77 695
65 79 586
65 82 562
65 90 756
65 96 236
65 97 837
65 98 669
65 100 787
65 101 180
65 112 76
65 131 391
65 135 185
65 136 998
65 139 484
65 142 957
65 144 177
65 145 209
65 149 898
65 1 313
65 3 753
65 4 677
65 6 398
65 10 844
65 16 870
65 29 880
65 36 157
65 42 167
65 47 651
65 71 809
65 78 49
65 110 166
66 70 207
66 71 114
66 81 71
66 83 936
66 92 301
66 99 353
66 101 478
66 105 177
66 109 521
66 115 82
66 124 450
66 129 587
66 133 209
66 138 432
66 141 412
66 143 921
66 10 384
66 15 130
66 22 608
66 25 529
66 26 628
66 29 388
66 37 107
66 41 190
66 45 232
66 47 500
66 50 447
66 57 398
66 60 30
66 61 256
67 77 160
67 78 418
67 82 735
67 89 552
67 93 899
67 95 492
67 117 839
67 132 181
67 133 117
67 135 884
67 140 546
67 141 519
67 10 805
67 23 689
67 32 259
67 36 448
67 56 528
67 57 434
67 62 634
67 63 310
67 65 713
68 85 142
68 87 301
68 90 548
68 92 411
68 94 395
68 95 31
68 98 290
68 100 779
68 103 883
68 106 529
68 114 36
68 116 604
68 118 870
68 124 523
68 142 258
68 144 238
68 147 61
68 148 735
68 2 873
68 5 478
68 8 792
68 21 559
68 31 92
68 41 606
68 48 605
68 50 581
68 55 373
68 58 44
68 132 990
69 74 795
69 76 535
69 80 734
69 84 588
69 85 162
69 86 906
69 111 225
69 117 241
69 120 695
69 122 994
69 125 440
69 137 327
69 138 265
69 141 37
69 143 248
69 0 627
69 2 945
69 7 808
69 15 531
69 17 316
69 18 67
69 20 972
69 22 781
69 24 250
69 41 608
69 50 326
69 54 190
69 63 412
69 67 322
70 74 74
70 93 265
70 96 662
70 108 307
70 109 714
70 111 328
70 117 801
70 130 762
70 132 91
70 136 544
70 141 332
70 148 30
70 10 604
70 12 954
70 23 546
70 27 299
70 28 668
70 31 478
70 33 479
70 35 99
70 42 889
70 43 944
70 48 460
70 52 796
70 56 485
70 57 49
70 63 17
70 66 142
70 89 420
71 78 180
71 95 833
71 98 913
71 107 115
71 114 3
71 119 244
71 122 405
71 123 769
71 142 986
71 144 422
71 145 960
71 148 640
71 0 838
71 12 756
71 35 544
71 40 7
71 44 354
71 62 784
71 63 751
71 64 827
71 70 620
71 91 542
71 108 706
72 74 548
72 76 578
72 83 845
72 85 513
72 108 805
72 115 389
72 122 144
72 125 886
72 126 488
72 127 62
72 128 811
72 131 633
72 138 219
72 143 643
72 1 388
72 5 598
72 10 281
72 13 185
72 18 436
72 20 739
72 21 491
72 26 32
72 27 671
72 28 474
72 37 505
72 44 977
72 45 93
72 51 644
72 59 25
72 67 532
73 75 595
73 76 359
73 78 767
73 81 716
73 82 164
73 93 813
73 96 340
73 103 339
73 106 794
73 107 867
73 116 475
73 117 376
73 122 131
73 130 812
73 132 800
73 134 408
73 138 424
73 141 901
73 142 150
73 145 56
73 0 795
73 4 910
73 9 416
73 11 326
73 15 58
73 22 751
73 25 729
73 26 676
73 35 602
73 37 513
73 40 659
73 45 697
73 53 674
73 58 488
73 61 650
73 62 562
73 77 462
74 75 144
74 76 849
74 81 105
74 82 156
74 86 826
74 104 415
74 110 995
74 112 118
74 113 828
74 114 359
74 116 606
74 122 227
74 127 12
74 128 381
74 133 25
74 5 106
74 9 512
74 12 720
74 19 544
74 26 375
74 32 769
74 50 974
74 59 519
74 64 360
74 65 46
74 73 921
74 93 811
75 77 554
75 83 930
75 86 871
75 90 866
75 100 433
75 101 279
75 107 373
75 116 609
75 126 957
75 127 923
75 131 873
75 140 912
75 145 912
75 3 882
75 7 443
75 11 902
75 13 101
75 17 743
75 20 96
75 31 956
75 44 163
75 63 944
75 67 355
75 69 881
75 70 622
75 71 355
75 73 428
75 74 117
75 124 440
76 77 118
76 93 569
76 95 668
76 99 696
76 106 74
76 108 910
76 109 818
76 116 309
76 121 994
76 122 828
76 144 701
76 145 646
76 5 931
76 8 174
76 16 812
76 25 542
76 28 855
76 31 398
76 35 155
76 40 422
76 43 234
76 58 294
76 60 179
76 61 124
77 78 528
77 85 704
77 88 310
77 96 619
77 97 520
77 105 700
77 115 32
77 116 799
77 118 414
77 132 918
77 149 438
77 2 113
77 3 945
77 4 869
77 6 812
77 15 804
77 17 235
77 22 163
77 31 357
77 35 84
77 37 943
77 41 144
77 42 240
77 45 900
77 46 505
77 49 924
77 50 341
77 55 790
77 61 570
77 69 454
77 74 290
77 75 463
77 76 295
78 83 463
78 85 20
78 86 15
78 88 88
78 92 497
78 98 272
78 101 682
78 102 903
78 108 584
78 111 294
78 113 444
78 114 613
78 115 94
78 118 690
78 123 373
78 126 988
78 128 246
78 130 647
78 138 229
78 139 411
78 140 292
78 147 443
78 18 354
78 24 608
78 29 344
78 32 60
78 34 457
78 43 454
78 56 661
78 58 187
78 60 328
78 62 255
79 80 761
79 81 269
79 83 862
79 84 823
79 91 335
79 106 695
79 116 406
79 117 646
79 119 362
79 124 956
79 125 937
79 129 258
79 130 955
79 136 857
79 137 268
79 139 483
79 3 538
79 7 978
79 14 931
79 16 680
79 18 490
79 25 633
79 33 705
79 34 779
79 44 943
79 49 346
79 51 429
79 52 899
79 66 108
79 70 882
79 73 749
79 75 804
80 86 919
80 89 720
80 92 875
80 93 16
80 95 18
80 113 319
80 122 853
80 130 963
80 135 235
80 136 222
80 139 633
80 142 575
80 143 149
80 145 864
80 147 182
80 1 97
80 2 497
80 13 528
80 18 350
80 19 421
80 20 621
80 25 376
80 27 363
80 29 381
80 39 485
80 46 470
80 50 310
80 60 977
80 64 742
80 66 377
80 106 35
81 82 424
81 83 25
81 100 40
81 117 512
81 120 333
81 121 222
81 122 560
81 127 672
81 134 971
81 138 523
81 146 686
81 149 134
81 3 962
81 4 422
81 5 402
81 16 834
81 20 156
81 30 404
81 38 691
81 44 672
81 59 311
81 61 156
81 66 140
81 77 193
81 79 153
81 80 614
82 93 860
82 96 199
82 97 408
82 99 637
82 101 978
82 103 864
82 112 746
82 123 548
82 125 537
82 127 14
82 128 849
82 130 777
82 145 109
82 146 280
82 3 485
82 6 418
82 9 658
82 12 294
82 18 244
82 22 163
82 25 146
82 31 662
82 33 675
82 37 752
82 39 834
82 43 43
82 54 382
82 55 383
82 60 316
82 61 755
82 73 260
82 81 857
83 84 805
83 91 998
83 96 66
83 102 12
83 104 321
83 110 114
83 119 998
83 124 35
83 126 701
83 127 59
83 128 216
83 130 974
83 141 130
83 143 228
83 145 411
83 2 85
83 16 276
83 17 950
83 22 634
83 24 572
83 32 933
83 56 149
83 58 905
83 63 864
83 68 911
83 70 417
83 72 785
83 73 38
83 103 809
83 107 517
84 94 217
84 96 173
84 106 488
84 108 1
84 109 145
84 118 350
84 121 343
84 125 702
84 131 447
84 140 338
84 4 702
84 8 706
84 14 657
84 21 829
84 23 466
84 24 752
84 27 332
84 32 666
84 36 733
84 37 341
84 56 705
84 77 845
84 142 521
85 86 13
85 95 948
85 97 923
85 102 563
85 104 599
85 109 534
85 110 194
85 112 242
85 114 393
85 119 175
85 124 132
85 126 405
85 127 37
85 129 48
85 131 789
85 132 579
85 138 415
85 143 258
85 144 473
85 147 243
85 2 696
85 3 51
85 6 420
85 14 421
85 34 454
85 39 58
85 40 396
85 51 217
85 53 416
85 61 429
85 66 740
85 68 20
85 73 502
85 76 225
85 81 132
86 87 660
86 92 899
86 97 665
86 104 80
86 109 894
86 129 798
86 133 74
86 135 757
86 138 71
86 147 364
86 148 71
86 3 747
86 9 966
86 13 43
86 19 80
86 27 574
86 30 188
86 32 319
86 38 147
86 40 485
86 45 246
86 51 211
86 53 688
86 55 232
86 62 331
86 79 620
86 125 700
87 90 370
87 94 728
87 95 76
87 96 956
87 97 259
87 107 786
87 108 643
87 109 582
87 114 515
87 124 508
87 127 114
87 131 124
87 0 127
87 10 401
87 13 253
87 15 860
87 16 317
87 17 529
87 19 188
87 26 285
87 27 484
87 57 438
87 58 215
87 62 728
87 66 507
87 70 583
87 71 682
87 74 957
87 83 826
87 85 450
88 90 390
88 94 957
88 106 3
88 119 824
88 129 999
88 134 148
88 142 373
88 147 569
88 1 968
88 3 626
88 6 287
88 11 872
88 15 838
88 30 789
88 33 103
88 35 227
88 36 19
88 38 257
88 46 186
88 71 634
88 75 586
88 78 312
88 81 176
88 83 200
88 85 366
89 99 959
89 110 288
89 132 919
89 136 39
89 140 84
89 147 858
89 5 710
89 7 747
89 11 858
89 12 932
89 22 816
89 24 466
89 27 519
89 29 765
89 30 58
89 43 14
89 49 88
89 61 778
89 62 554
89 66 12
89 71 225
89 86 931
90 91 135
90 93 995
90 95 601
90 100 971
90 104 26
90 114 365
90 116 674
90 118 963
90 122 175
90 125 5
90 126 120
90 127 585
90 129 381
90 139 120
90 3 863
90 8 565
90 10 824
90 21 132
90 26 648
90 27 538
90 32 565
90 41 725
90 42 343
90 43 699
90 47 238
90 48 905
90 51 42
90 55 792
90 57 896
90 66 930
90 67 844
90 75 657
90 77 759
90 86 29
91 94 305
91 95 502
91 97 484
91 105 58
91 113 783
91 114 40
91 115 902
91 116 435
91 123 977
91 124 557
91 128 368
91 129 747
91 130 419
91 131 976
91 133 776
91 136 650
91 143 179
91 1 84
91 8 207
91 12 530
91 20 222
91 21 504
91 28 934
91 29 178
91 31 873
91 32 552
91 35 839
91 37 115
91 47 102
91 48 901
91 55 907
91 65 448
91 70 974
91 71 146
91 72 23
91 73 596
91 81 156
91 86 203
92 94 877
92 95 259
92 97 723
92 113 318
92 116 226
92 119 485
92 121 597
92 123 755
92 135 330
92 147 289
92 6 158
92 12 836
92 13 73
92 18 399
92 20 776
92 25 11
92 26 541
92 34 783
92 40 893
92 44 502
92 49 238
92 52 785
92 56 60
92 60 41
92 62 673
92 64 405
92 67 95
92 68 590
92 69 633
92 76 938
92 86 505
92 88 516
92 90 344
93 96 955
93 99 690
93 102 585
93 107 990
93 115 473
93 118 382
93 120 324
93 126 211
93 130 772
93 141 42
93 142 790
93 5 646
93 15 21
93 16 214
93 17 339
93 18 785
93 20 320
93 28 682
93 29 232
93 31 943
93 44 562
93 48 477
93 50 346
93 60 338
93 67 160
93 68 154
93 78 768
93 90 604
94 95 155
94 98 624
94 102 343
94 105 221
94 106 914
94 107 386
94 110 795
94 114 938
94 137 359
94 139 983
94 143 437
94 144 773
94 145 374
94 146 650
94 149 716
94 1 872
94 6 379
94 9 791
94 11 343
94 16 1
94 23 11
94 26 40
94 30 386
94 31 962
94 33 968
94 36 887
94 46 594
94 51 523
94 53 392
94 61 714
94 63 857
94 67 671
94 80 527
94 81 652
94 85 764
94 92 824
95 98 563
95 104 167
95 118 246
95 120 241
95 125 707
95 126 302
95 129 208
95 132 725
95 133 121
95 139 627
95 2 808
95 4 11
95 14 484
95 19 475
95 22 815
95 25 270
95 35 986
95 41 405
95 62 269
95 67 419
95 68 447
95 72 437
95 77 359
95 78 94
95 79 888
95 84 542
95 85 47
95 91 270
95 92 270
95 102 934
96 97 826
96 106 95
96 115 624
96 116 869
96 121 433
96 131 633
96 140 467
96 144 357
96 145 745
96 0 550
96 8 558
96 13 555
96 15 300
96 19 573
96 25 957
96 27 905
96 28 441
96 29 576
96 36 254
96 37 68
96 44 482
96 58 752
96 64 927
96 72 85
96 79 948
96 85 801
96 91 319
96 92 508
96 95 169
97 118 170
97 121 974
97 125 322
97 126 300
97 129 690
97 142 343
97 146 856
97 148 923
97 2 638
97 9 319
97 16 789
97 19 620
97 25 195
97 26 232
97 35 606
97 36 410
97 39 155
97 41 239
97 50 938
97 53 112
97 54 737
97 60 5
97 61 71
97 72 702
97 78 636
97 85 83
97 87 81
98 100 183
98 104 504
98 105 718
98 106 769
98 109 268
98 110 714
98 131 47
98 134 847
98 141 616
98 4 128
98 7 424
98 9 132
98 14 85
98 22 905
98 35 839
98 38 995
98 45 639
98 46 742
98 58 713
98 59 311
98 63 264
98 65 633
98 68 602
98 71 494
98 75 832
98 83 687
98 86 645
98 90 669
98 91 664
98 94 206
99 102 86
99 104 874
99 108 576
99 110 117
99 113 738
99 116 387
99 120 99
99 129 274
99 139 150
99 143 558
99 4 206
99 6 419
99 16 251
99 19 214
99 21 787
99 22 582
99 24 108
99 29 649
99 31 472
99 48 597
99 58 211
99 62 624
99 76 626
99 77 215
99 82 573
99 85 648
99 86 662
99 92 72
99 97 616
100 104 405
100 108 595
100 109 428
100 113 848
100 115 91
100 119 374
100 134 540
100 4 717
100 6 67
100 7 828
100 9 400
100 12 24
100 17 890
100 23 166
100 25 978
100 33 131
100 38 640
100 40 864
100 57 692
100 68 82
100 76 767
100 80 729
100 82 23
100 83 387
100 85 906
100 89 508
100 92 742
100 94 427
101 105 905
101 107 773
101 114 566
101 117 326
101 125 597
101 129 153
101 135 787
101 137 205
101 145 95
101 147 624
101 0 690
101 4 399
101 5 577
101 7 482
101 10 594
101 12 777
101 25 337
101 27 841
101 35 384
101 36 123
101 41 939
101 42 719
101 44 581
101 65 629
101 66 308
101 69 371
101 72 18
101 75 160
101 81 127
101 88 797
101 94 18
101 96 829
101 100 271
101 119 583
101 123 566
102 107 950
102 114 328
102 121 126
102 125 578
102 126 779
102 129 551
102 133 976
102 143 245
102 145 102
102 8 726
102 10 926
102 12 478
102 18 649
102 19 481
102 25 869
102 28 503
102 36 239
102 46 4
102 50 842
102 53 559
102 56 251
102 64 292
102 65 350
102 68 820
102 70 230
102 71 935
102 78 340
102 88 408
102 95 126
102 97 205
102 99 173
103 111 535
103 117 571
103 122 865
103 133 819
103 148 631
103 2 417
103 4 598
103 6 66
103 10 418
103 18 465
103 23 28
103 39 143
103 41 6
103 48 188
103 52 544
103 54 119
103 55 684
103 59 512
103 61 670
103 64 466
103 65 583
103 68 325
103 71 455
103 74 263
103 82 840
103 87 811
103 89 879
103 90 796
103 91 800
103 95 22
103 109 230
103 145 589
104 107 422
104 109 771
104 110 340
104 112 297
104 116 587
104 119 256
104 120 848
104 127 567
104 128 479
104 131 822
104 145 904
104 2 531
104 5 248
104 8 446
104 12 445
104 13 905
104 21 686
104 25 851
104 26 269
104 37 747
104 38 815
104 39 715
104 40 391
104 44 667
104 46 823
104 47 631
104 48 339
104 51 197
104 52 765
104 53 104
104 60 739
104 62 237
104 63 964
104 78 985
104 91 477
104 96 154
104 103 43
105 108 789
105 120 231
105 121 246
105 122 788
105 129 431
105 145 943
105 11 572
105 13 218
105 18 425
105 35 66
105 36 923
105 45 11
105 48 977
105 60 923
105 63 424
105 64 414
105 68 487
105 80 169
105 84 602
105 86 584
105 92 440
105 96 1000
105 100 902
105 102 645
105 104 147
106 109 625
106 116 191
106 140 180
106 143 747
106 148 84
106 149 110
106 0 50
106 16 518
106 23 274
106 34 567
106 37 195
106 39 59
106 42 299
106 59 47
106 69 607
106 75 806
106 81 716
106 84 279
106 88 945
106 95 762
106 97 721
106 98 696
106 104 645
107 113 19
107 127 299
107 134 689
107 135 875
107 136 902
107 139 841
107 142 186
107 144 785
107 145 721
107 146 750
107 1 318
107 6 750
107 8 641
107 14 814
107 23 445
107 28 577
107 29 903
107 37 268
107 39 6
107 42 295
107 43 236
107 46 973
107 57 472
107 61 168
107 67 656
107 70 472
107 74 670
107 76 39
107 82 391
107 84 563
107 95 679
107 104 499
107 106 113
108 112 286
108 117 339
108 120 35
108 126 480
108 132 308
108 140 992
108 144 571
108 145 618
108 3 788
108 17 659
108 26 29
108 27 188
108 30 113
108 33 210
108 43 470
108 58 823
108 65 822
108 70 196
108 72 817
108 74 723
108 77 729
108 80 131
108 86 317
108 89 524
108 99 967
108 100 933
108 101 624
109 110 417
109 117 54
109 127 178
109 130 281
109 132 955
109 135 507
109 139 850
109 143 44
109 149 865
109 0 917
109 10 500
109 14 432
109 18 987
109 22 542
109 30 306
109 39 27
109 41 600
109 44 262
109 50 253
109 56 373
109 60 907
109 62 592
109 68 521
109 75 524
109 81 568
109 93 696
109 94 729
109 96 182
109 98 869
109 100 534
109 101 397
109 106 179
110 117 619
110 118 451
110 126 745
110 127 896
110 133 349
110 136 744
110 138 373
110 146 639
110 1 574
110 2 559
110 6 846
110 8 875
110 16 640
110 22 370
110 26 761
110 32 901
110 42 736
110 47 368
110 49 596
110 50 373
110 53 644
110 54 330
110 56 155
110 60 917
110 64 639
110 65 779
110 68 745
110 71 577
110 80 64
110 82 617
110 85 0
110 97 770
110 100 730
110 104 402
110 108 866
111 114 977
111 121 24
111 123 450
111 143 577
111 145 239
111 10 724
111 24 513
111 26 910
111 31 446
111 38 392
111 39 298
111 46 405
111 49 248
111 54 594
111 57 331
111 58 676
111 63 479
111 64 21
111 68 576
111 72 474
111 73 926
111 79 310
111 83 98
111 85 12
111 89 450
111 94 796
111 99 548
111 105 403
111 107 725
112 114 588
112 116 327
112 124 727
112 138 273
112 139 20
112 147 409
112 8 122
112 12 670
112 14 897
112 19 535
112 20 400
112 21 364
112 23 3
112 32 957
112 33 622
112 37 833
112 44 453
112 48 339
112 50 850
112 54 82
112 57 519
112 58 570
112 60 7
112 81 276
112 82 580
112 83 80
112 92 733
112 101 575
112 102 497
112 111 27
113 114 831
113 116 799
113 119 553
113 120 574
113 121 224
113 122 238
113 126 370
113 136 451
113 141 547
113 144 54
113 8 13
113 11 50
113 12 838
113 16 268
113 17 825
113 24 387
113 25 422
113 27 414
113 31 535
113 36 652
113 38 755
113 41 806
113 45 215
113 47 313
113 56 19
113 60 225
113 65 160
113 74 474
113 75 363
113 83 493
113 85 935
113 87 683
113 93 211
113 96 409
113 103 345
113 104 96
113 109 213
113 112 764
114 124 725
114 125 63
114 127 950
114 140 744
114 6 634
114 7 58
114 8 744
114 13 858
114 36 460
114 37 234
114 39 813
114 40 103
114 48 343
114 49 802
114 55 171
114 58 144
114 62 500
114 65 258
114 67 799
114 76 911
114 77 717
114 80 886
114 87 565
114 91 368
114 95 782
114 96 12
114 98 116
114 104 241
114 106 477
114 113 444
115 116 757
115 121 479
115 125 639
115 127 685
115 129 690
115 130 453
115 132 47
115 137 393
115 140 876
115 149 124
115 4 458
115 10 612
115 12 68
115 15 806
115 24 874
115 25 335
115 26 788
115 34 419
115 43 718
115 44 771
115 52 850
115 54 843
115 62 139
115 68 778
115 71 183
115 74 175
115 84 705
115 86 353
115 90 444
115 91 826
115 104 736
115 105 879
116 118 670
116 119 692
116 125 211
116 128 97
116 133 989
116 142 418
116 148 308
116 149 677
116 3 431
116 14 827
116 30 215
116 36 649
116 50 887
116 51 802
116 54 813
116 58 28
116 62 950
116 63 244
116 73 857
116 74 831
116 75 782
116 76 96
116 87 27
116 89 590
116 94 363
116 105 867
116 111 843
117 119 473
117 121 940
117 123 612
117 124 192
117 127 984
117 128 335
117 131 924
117 133 860
117 134 11
117 140 271
117 142 132
117 147 151
117 1 675
117 9 598
117 10 292
117 15 699
117 18 63
117 24 208
117 29 284
117 31 52
117 35 986
117 42 289
117 53 835
117 63 898
117 64 576
117 67 265
117 79 913
117 84 78
117 85 597
117 87 780
117 89 85
117 95 384
117 98 420
117 101 552
117 109 511
117 110 917
117 113 376
118 122 605
118 124 738
118 138 740
118 139 284
118 15 719
118 23 105
118 31 602
118 32 167
118 33 587
118 34 314
118 35 964
118 50 592
118 63 649
118 78 709
118 82 790
118 83 8
118 84 161
118 93 567
118 97 406
118 113 825
118 115 680
118 117 541
119 121 242
119 122 435
119 124 171
119 129 978
119 131 426
119 135 949
119 144 899
119 148 960
119 6 154
119 7 632
119 12 725
119 14 121
119 19 588
119 27 453
119 38 360
119 47 951
119 51 552
119 57 756
119 59 832
119 64 560
119 69 587
119 72 883
119 75 648
119 78 311
119 91 175
119 99 653
119 100 15
119 108 721
119 111 63
119 147 743
120 124 854
120 131 623
120 137 618
120 10 412
120 11 958
120 20 417
120 24 801
120 26 335
120 38 759
120 42 264
120 49 783
120 52 640
120 54 690
120 64 693
120 67 451
120 68 367
120 73 584
120 80 116
120 91 350
120 97 394
120 99 207
120 100 201
120 104 994
120 112 817
120 113 771
121 127 376
121 128 715
121 133 784
121 135 5
121 139 873
121 149 690
121 0 590
121 9 381
121 13 352
121 18 519
121 38 202
121 45 955
121 47 610
121 55 252
121 59 353
121 62 152
121 74 714
121 76 723
121 81 970
121 97 544
121 108 388
122 125 91
122 134 946
122 139 410
122 146 496
122 1 907
122 3 192
122 5 407
122 11 865
122 12 905
122 22 874
122 24 508
122 33 890
122 46 887
122 59 419
122 62 719
122 64 612
122 69 787
122 70 889
122 91 282
122 93 41
122 96 918
122 98 732
122 110 181
122 119 932
122 137 582
123 131 844
123 132 423
123 142 866
123 1 779
123 6 113
123 19 583
123 20 759
123 21 425
123 23 932
123 24 585
123 28 226
123 30 181
123 39 404
123 40 375
123 41 509
123 45 732
123 46 934
123 53 612
123 54 29
123 58 168
123 63 499
123 65 552
123 71 360
123 75 74
123 76 330
123 78 782
123 79 226
123 83 38
123 85 629
123 86 845
123 93 686
123 95 299
123 97 735
123 117 41
123 118 935
123 120 440
123 144 269
124 130 605
124 131 368
124 139 555
124 140 67
124 141 776
124 142 335
124 143 92
124 145 549
124 148 813
124 1 533
124 10 880
124 11 39
124 13 519
124 18 876
124 26 396
124 31 94
124 33 412
124 34 713
124 35 751
124 44 463
124 46 536
124 51 751
124 54 217
124 57 970
124 62 850
124 67 675
124 71 369
124 72 686
124 80 27
124 83 518
124 85 659
124 88 403
124 98 514
124 104 739
124 113 704
125 130 456
125 131 536
125 0 523
125 25 638
125 26 584
125 29 393
125 30 200
125 35 37
125 39 718
125 40 240
125 41 56
125 53 298
125 54 293
125 64 533
125 67 388
125 75 472
125 83 341
125 87 423
125 91 391
125 92 116
125 94 866
125 97 420
125 101 465
125 105 298
125 107 480
125 110 858
125 111 749
125 117 800
125 119 215
125 124 6
126 129 579
126 138 824
126 140 800
126 147 280
126 16 414
126 18 868
126 19 549
126 22 215
126 23 657
126 27 438
126 41 66
126 43 320
126 44 807
126 47 414
126 53 924
126 63 488
126 66 897
126 67 571
126 75 10
126 76 400
126 80 463
126 82 807
126 84 239
126 91 813
126 92 831
126 96 989
126 100 10
126 101 681
126 103 170
126 109 549
126 110 543
126 118 636
126 119 768
126 122 552
127 137 619
127 138 829
127 142 247
127 0 537
127 3 214
127 10 500
127 13 300
127 17 520
127 23 668
127 24 826
127 26 482
127 30 249
127 42 996
127 46 96
127 47 196
127 48 772
127 49 518
127 50 743
127 55 565
127 56 234
127 57 752
127 59 380
127 61 220
127 71 872
127 72 515
127 76 468
127 78 553
127 83 373
127 93 990
127 94 318
127 96 670
127 103 690
127 105 129
127 107 92
127 108 955
127 110 309
127 117 898
127 122 575
127 128 268
128 130 294
128 132 409
128 139 113
128 140 494
128 141 848
128 143 825
128 0 477
128 2 617
128 8 734
128 23 433
128 24 923
128 27 375
128 30 578
128 34 581
128 41 526
128 47 73
128 64 661
128 69 790
128 75 820
128 78 821
128 80 410
128 83 624
128 84 267
128 90 124
128 91 927
128 93 267
128 94 44
128 100 739
128 109 707
128 112 281
128 114 750
128 122 940
128 126 829
129 133 678
129 142 867
129 145 902
129 147 534
129 0 103
129 1 836
129 3 70
129 9 231
129 10 460
129 11 135
129 20 794
129 24 392
129 26 207
129 31 383
129 34 479
129 36 267
129 38 355
129 46 791
129 55 798
129 56 136
129 66 498
129 68 170
129 75 952
129 77 295
129 84 790
129 91 155
129 98 23
129 103 610
129 106 284
129 111 387
129 112 728
129 121 545
129 124 921
130 131 133
130 134 39
130 136 833
130 138 528
130 147 397
130 0 401
130 1 575
130 2 19
130 4 198
130 6 343
130 15 895
130 21 358
130 27 951
130 35 398
130 36 393
130 46 803
130 47 328
130 50 279
130 79 228
130 84 917
130 88 720
130 89 759
130 90 503
130 101 330
130 106 809
130 107 307
130 109 590
130 116 323
131 133 187
131 141 822
131 142 631
131 2 14
131 3 4
131 4 724
131 6 915
131 10 796
131 15 261
131 20 974
131 26 172
131 30 35
131 42 121
131 44 791
131 49 389
131 50 584
131 53 958
131 57 981
131 70 925
131 76 887
131 81 180
131 84 793
131 88 945
131 90 171
131 97 607
131 105 815
131 109 499
131 113 117
131 118 647
131 126 295
131 127 195
132 133 275
132 138 861
132 140 884
132 146 140
132 1 743
132 4 366
132 15 213
132 17 556
132 19 133
132 22 236
132 26 591
132 47 60
132 51 701
132 59 661
132 63 225
132 65 389
132 70 961
132 71 59
132 73 269
132 79 824
132 80 852
132 87 594
132 119 457
132 123 492
132 129 323
133 138 381
133 141 877
133 143 995
133 144 705
133 147 490
133 0 487
133 1 562
133 2 109
133 15 314
133 18 813
133 19 632
133 27 101
133 28 257
133 30 46
133 33 681
133 45 699
133 46 932
133 53 119
133 57 547
133 60 906
133 73 921
133 74 691
133 75 806
133 80 910
133 84 63
133 91 49
133 92 898
133 96 585
133 97 758
133 100 66
133 103 475
133 108 334
133 109 490
133 113 537
133 124 799
133 126 709
133 130 351
134 136 483
134 139 296
134 141 452
134 142 589
134 0 334
134 11 16
134 12 992
134 15 427
134 39 404
134 59 48
134 62 969
134 63 139
134 66 745
134 77 803
134 78 490
134 88 638
134 95 596
134 97 208
134 99 974
134 100 886
134 106 296
134 109 557
134 116 595
134 119 260
134 120 194
135 136 494
135 142 367
135 143 357
135 7 708
135 8 634
135 9 774
135 15 933
135 17 674
135 18 500
135 19 424
135 24 188
135 28 572
135 29 865
135 31 560
135 38 101
135 39 700
135 44 991
135 54 715
135 55 737
135 59 552
135 63 417
135 71 480
135 76 64
135 83 591
135 84 204
135 85 263
135 88 617
135 93 418
135 100 215
135 107 121
135 108 999
135 111 447
135 115 589
135 118 662
135 119 231
135 123 471
135 126 624
135 132 553
136 144 823
136 148 882
136 11 231
136 21 594
136 22 260
136 24 18
136 25 704
136 27 804
136 41 763
136 45 310
136 46 417
136 52 394
136 53 990
136 68 352
136 71 865
136 74 965
136 75 319
136 76 3
136 77 238
136 78 266
136 85 409
136 88 991
136 96 220
136 101 734
136 104 771
136 116 70
136 124 366
136 125 0
136 126 139
136 127 449
136 134 333
137 139 3
137 148 534
137 149 659
137 5 567
137 8 718
137 17 83
137 21 58
137 30 749
137 34 949
137 44 754
137 56 279
137 59 805
137 61 392
137 63 917
137 68 970
137 74 449
137 75 811
137 80 389
137 81 844
137 91 556
137 92 449
137 94 655
137 95 159
137 98 119
137 100 940
137 103 14
137 105 629
137 109 982
137 113 619
137 114 426
137 116 344
137 117 215
137 118 571
137 121 826
137 126 272
138 141 368
138 0 834
138 6 804
138 8 525
138 17 948
138 29 329
138 41 582
138 46 453
138 50 524
138 57 956
138 63 750
138 65 184
138 67 50
138 68 467
138 71 912
138 83 305
138 84 228
138 85 330
138 90 215
138 96 490
138 98 329
138 101 760
138 104 578
138 105 880
138 109 494
138 111 42
138 134 842
138 136 350
139 144 727
139 147 598
139 1 502
139 20 361
139 27 256
139 33 627
139 40 918
139 45 675
139 54 309
139 55 455
139 61 586
139 64 657
139 68 713
139 77 331
139 84 544
139 89 540
139 104 762
139 107 106
139 108 94
139 123 575
139 126 139
139 131 639
140 143 258
140 146 588
140 0 748
140 7 934
140 9 483
140 10 279
140 16 90
140 19 76
140 24 184
140 30 203
140 36 853
140 42 909
140 44 875
140 49 663
140 63 338
140 64 183
140 82 221
140 85 844
140 87 565
140 93 897
140 95 262
140 97 849
140 103 391
140 107 197
140 112 534
140 122 95
140 123 754
140 126 742
140 128 952
140 137 265
141 142 478
141 147 739
141 149 992
141 0 916
141 3 34
141 8 537
141 12 681
141 13 908
141 20 331
141 33 176
141 40 144
141 42 700
141 44 546
141 45 667
141 46 466
141 56 651
141 57 206
141 60 252
141 61 709
141 67 423
141 68 22
141 76 187
141 77 162
141 79 257
141 80 115
141 84 17
141 86 564
141 91 285
141 95 386
141 97 27
141 98 802
141 100 8
141 101 35
141 121 191
141 124 228
141 132 200
142 146 63
142 147 653
142 0 263
142 4 513
142 6 496
142 10 422
142 18 19
142 20 670
142 22 525
142 27 656
142 33 112
142 34 731
142 39 638
142 43 365
142 48 600
142 55 255
142 56 160
142 57 632
142 58 240
142 61 79
142 65 64
142 69 650
142 76 989
142 79 458
142 92 955
142 99 379
142 114 44
142 123 383
142 129 666
142 132 162
143 145 433
143 149 755
143 13 646
143 16 158
143 17 869
143 27 207
143 30 192
143 39 886
143 42 744
143 51 492
143 52 1000
143 53 887
143 56 541
143 64 316
143 73 673
143 74 519
143 75 511
143 80 940
143 81 973
143 85 17
143 86 508
143 89 835
143 91 538
143 94 397
143 98 572
143 111 301
143 112 428
143 113 201
143 129 626
143 132 296
143 136 962
143 140 787
144 146 613
144 148 80
144 2 895
144 3 397
144 15 309
144 21 19
144 27 848
144 40 973
144 41 650
144 45 52
144 47 105
144 49 16
144 50 98
144 55 873
144 62 150
144 73 640
144 80 23
144 85 303
144 98 180
144 101 49
144 103 634
144 105 228
144 109 521
144 110 741
144 114 147
144 118 819
144 122 467
144 135 706
144 141 899
144 143 59
145 146 820
145 2 821
145 6 374
145 18 844
145 23 783
145 25 312
145 35 474
145 36 253
145 37 977
145 39 748
145 54 526
145 64 362
145 66 958
145 70 915
145 72 395
145 85 633
145 90 334
145 96 489
145 108 75
145 116 655
145 128 244
145 129 579
145 131 978
145 141 859
146 5 77
146 12 467
146 18 42
146 27 959
146 30 195
146 31 266
146 37 734
146 39 100
146 44 402
146 48 965
146 51 651
146 56 359
146 59 991
146 60 531
146 69 414
146 78 298
146 80 585
146 84 383
146 85 107
146 92 625
146 95 978
146 98 574
146 111 687
146 119 539
146 128 930
146 136 585
146 142 32
147 149 643
147 7 949
147 9 91
147 21 690
147 24 858
147 31 851
147 33 226
147 36 658
147 38 509
147 39 6
147 41 429
147 42 620
147 44 210
147 46 235
147 47 986
147 51 646
147 60 283
147 65 366
147 66 45
147 68 334
147 70 123
147 72 29
147 78 367
147 81 694
147 82 170
147 88 653
147 90 526
147 112 946
147 113 998
147 121 219
147 125 334
147 127 981
147 128 318
147 130 32
147 132 252
147 133 534
147 143 252
147 145 761
147 146 954
148 3 916
148 4 686
148 6 628
148 16 912
148 26 510
148 40 115
148 45 573
148 55 476
148 58 284
148 63 754
148 68 640
148 83 551
148 95 664
148 115 334
148 128 258
148 130 881
148 145 576
148 146 610
149 0 250
149 8 35
149 36 931
149 37 469
149 39 773
149 42 803
149 45 339
149 46 428
149 48 475
149 56 169
149 57 947
149 65 496
149 67 804
149 73 565
149 82 107
149 87 245
149 89 343
149 95 647
149 100 890
149 112 530
149 114 341
149 115 976
149 116 993
149 132 381
149 137 734
149 140 873
149 146 606
149 148 905
