200 8039 0
0 7 749
0 9 479
0 12 19
0 13 500
0 17 926
0 18 8
0 19 517
0 20 565
0 21 701
0 30 467
0 40 918
0 42 714
0 63 547
0 65 180
0 73 68
0 76 425
0 78 258
0 79 386
0 85 78
0 91 734
0 95 978
0 96 158
0 97 881
0 108 191
0 112 646
0 114 582
0 115 221
0 117 834
0 121 262
0 122 539
0 123 947
0 124 180
0 125 276
0 127 813
0 136 90
0 149 375
0 159 623
0 169 650
0 175 287
0 177 524
0 178 673
0 184 329
0 195 519
0 1 291
0 2 708
0 66 716
1 2 919
1 3 409
1 18 865
1 23 639
1 25 543
1 30 260
1 36 111
1 46 933
1 61 118
1 67 995
1 70 772
1 73 40
1 82 537
1 84 515
1 88 304
1 94 176
1 123 269
1 141 546
1 146 989
1 151 879
1 160 952
1 166 137
1 169 709
1 189 917
1 198 881
1 4 822
1 27 366
1 95 338
1 173 596
1 174 176
2 6 487
2 15 770
2 23 757
2 37 123
2 39 987
2 42 146
2 43 523
2 46 226
2 47 615
2 49 244
2 56 817
2 59 110
2 61 543
2 63 411
2 64 394
2 67 370
2 72 790
2 74 403
2 78 762
2 79 691
2 80 140
2 81 601
2 84 427
2 87 706
2 93 760
2 103 556
2 105 743
2 106 424
2 110 879
2 111 47
2 114 634
2 115 747
2 120 193
2 121 634
2 123 53
2 126 383
2 131 295
2 137 765
2 138 758
2 149 339
2 153 926
2 157 837
2 160 466
2 168 606
2 172 16
2 174 553
2 176 75
2 178 129
2 183 963
2 184 761
2 189 868
2 192 418
2 197 538
2 13 982
2 40 203
2 51 349
2 175 929
3 16 443
3 18 267
3 20 821
3 25 588
3 27 743
3 30 332
3 45 816
3 49 408
3 54 12
3 58 405
3 61 573
3 73 753
3 75 290
3 76 451
3 77 599
3 89 199
3 90 499
3 99 214
3 103 43
3 122 337
3 129 742
3 132 791
3 135 8
3 138 697
3 139 195
3 144 944
3 155 421
3 156 606
3 164 332
3 165 179
3 177 67
3 189 993
3 191 53
3 197 899
3 44 56
4 7 402
4 10 656
4 11 850
4 17 339
4 23 914
4 27 563
4 28 918
4 32 339
4 34 757
4 37 401
4 40 169
4 46 722
4 48 269
4 50 635
4 52 956
4 59 960
4 81 633
4 90 344
4 93 330
4 103 428
4 112 905
4 115 976
4 132 788
4 148 928
4 150 298
4 177 114
4 179 786
4 189 811
4 196 622
4 5 807
4 6 620
4 25 263
5 17 150
5 25 726
5 26 615
5 28 853
5 30 215
5 43 895
5 73 786
5 78 880
5 87 984
5 88 725
5 90 210
5 92 332
5 93 526
5 100 716
5 101 818
5 104 512
5 110 607
5 114 636
5 118 972
5 126 700
5 130 296
5 145 433
5 150 385
5 159 818
5 161 503
5 170 205
5 172 31
5 177 117
5 179 523
5 186 748
5 188 877
5 195 555
5 197 381
5 3 398
5 38 486
5 74 409
6 7 605
6 9 427
6 11 859
6 18 367
6 25 54
6 30 983
6 32 590
6 35 540
6 36 193
6 39 733
6 50 5
6 61 299
6 73 139
6 82 149
6 95 37
6 96 403
6 97 990
6 98 747
6 103 587
6 104 728
6 105 508
6 110 626
6 113 874
6 117 234
6 118 249
6 119 747
6 120 969
6 121 54
6 124 356
6 131 269
6 133 574
6 142 300
6 149 80
6 150 705
6 152 654
6 154 15
6 162 606
6 163 532
6 164 325
6 167 49
6 169 881
6 173 563
6 181 946
6 191 974
6 198 244
6 1 216
6 3 558
6 8 289
6 10 926
6 17 931
6 77 222
6 190 528
7 11 101
7 17 992
7 18 682
7 28 25
7 37 827
7 45 400
7 58 105
7 65 554
7 74 701
7 79 742
7 83 377
7 96 235
7 97 154
7 98 301
7 108 7
7 111 683
7 118 766
7 123 333
7 128 755
7 131 31
7 134 864
7 138 123
7 146 764
7 153 106
7 156 55
7 160 802
7 164 561
7 165 862
7 166 200
7 170 236
7 178 299
7 182 948
7 183 596
7 187 616
7 195 171
7 4 671
7 6 510
7 23 75
7 141 691
7 143 779
8 12 624
8 13 424
8 17 602
8 30 227
8 33 414
8 37 833
8 43 581
8 48 276
8 50 231
8 54 868
8 55 522
8 72 218
8 80 758
8 82 759
8 87 311
8 89 233
8 95 508
8 100 916
8 102 766
8 104 906
8 114 608
8 121 798
8 133 511
8 152 681
8 160 317
8 161 737
8 164 516
8 165 98
8 167 787
8 172 316
8 176 189
8 180 760
8 185 666
8 191 514
8 192 787
8 0 613
8 4 274
8 6 181
9 10 593
9 11 52
9 12 470
9 22 748
9 23 282
9 25 621
9 30 861
9 32 12
9 41 916
9 43 118
9 47 484
9 51 519
9 54 492
9 65 683
9 66 13
9 69 832
9 72 647
9 76 186
9 83 390
9 89 996
9 94 373
9 97 935
9 100 959
9 110 9
9 113 737
9 120 405
9 123 862
9 125 879
9 131 742
9 133 30
9 143 14
9 147 800
9 149 88
9 153 614
9 161 846
9 167 379
9 179 891
9 186 168
9 188 662
9 199 856
9 4 849
9 166 165
10 14 607
10 15 434
10 16 57
10 22 94
10 24 530
10 26 29
10 27 702
10 34 662
10 36 863
10 46 39
10 52 188
10 62 75
10 78 679
10 91 660
10 93 38
10 94 459
10 101 882
10 110 430
10 119 284
10 137 51
10 138 581
10 142 862
10 145 804
10 151 607
10 175 791
10 178 998
10 181 132
10 185 54
10 186 770
10 189 726
10 190 164
10 198 517
10 199 941
10 0 92
10 2 549
10 4 788
10 9 420
11 18 286
11 19 394
11 41 684
11 42 285
11 48 56
11 50 104
11 55 92
11 56 155
11 57 660
11 62 844
11 65 991
11 75 558
11 76 427
11 84 524
11 85 819
11 86 163
11 89 251
11 90 882
11 100 793
11 104 958
11 108 579
11 109 664
11 112 290
11 117 201
11 121 933
11 137 671
11 139 668
11 144 762
11 150 641
11 156 376
11 169 614
11 175 835
11 184 526
11 185 768
11 192 360
11 196 763
11 197 847
11 3 967
11 5 633
11 8 26
11 16 402
11 29 463
11 32 57
11 59 216
12 14 950
12 25 724
12 28 943
12 38 142
12 41 467
12 49 562
12 51 374
12 54 709
12 58 206
12 69 597
12 78 579
12 80 309
12 81 301
12 82 534
12 94 635
12 95 685
12 97 757
12 105 823
12 114 444
12 117 347
12 123 511
12 126 575
12 130 522
12 144 373
12 148 841
12 153 107
12 157 75
12 162 575
12 168 926
12 173 218
12 175 174
12 186 323
12 194 294
12 196 508
12 3 855
12 4 934
12 7 589
12 15 976
12 19 801
12 42 976
12 55 453
13 17 282
13 24 5
13 26 470
13 30 481
13 31 94
13 32 169
13 35 700
13 41 632
13 51 507
13 56 141
13 58 384
13 69 773
13 70 604
13 73 286
13 76 769
13 77 468
13 87 944
13 96 100
13 97 744
13 99 246
13 100 175
13 103 437
13 114 448
13 119 853
13 120 776
13 137 640
13 149 83
13 151 56
13 163 746
13 166 826
13 167 51
13 170 372
13 181 328
13 182 885
13 194 333
13 198 56
13 199 961
13 21 221
13 33 622
14 24 471
14 28 245
14 42 634
14 46 581
14 50 337
14 55 276
14 59 450
14 75 603
14 77 396
14 81 701
14 91 36
14 108 747
14 111 655
14 115 716
14 117 490
14 119 326
14 121 587
14 131 73
14 134 920
14 142 52
14 144 300
14 149 907
14 155 450
14 162 5
14 163 992
14 192 384
14 199 846
14 1 806
14 2 489
14 22 251
15 20 841
15 24 41
15 30 639
15 55 228
15 56 429
15 57 37
15 58 875
15 63 284
15 64 217
15 72 281
15 73 421
15 77 506
15 82 877
15 92 272
15 101 982
15 109 240
15 120 145
15 126 988
15 127 487
15 131 663
15 132 540
15 136 233
15 164 725
15 168 518
15 173 112
15 178 680
15 191 994
15 193 877
15 196 269
15 2 9
15 4 883
15 9 640
15 14 654
15 80 208
15 130 219
15 146 249
16 22 489
16 28 717
16 29 153
16 34 129
16 39 46
16 40 948
16 51 727
16 54 734
16 56 493
16 60 286
16 62 356
16 64 217
16 72 906
16 75 717
16 78 431
16 87 577
16 95 205
16 99 204
16 104 679
16 107 118
16 108 113
16 111 830
16 113 323
16 117 375
16 125 612
16 126 800
16 130 60
16 131 510
16 135 945
16 147 900
16 148 229
16 155 909
16 158 694
16 164 63
16 170 534
16 181 829
16 184 201
16 185 533
16 192 947
16 197 832
16 2 173
16 12 389
16 14 968
16 18 618
17 22 997
17 25 166
17 28 56
17 33 659
17 41 794
17 46 968
17 58 554
17 61 718
17 63 223
17 65 265
17 70 744
17 74 958
17 78 601
17 83 87
17 92 379
17 97 524
17 98 619
17 108 939
17 110 972
17 111 70
17 112 776
17 113 653
17 116 434
17 118 360
17 120 584
17 121 214
17 124 620
17 125 568
17 128 802
17 130 516
17 132 859
17 134 738
17 136 271
17 144 243
17 145 722
17 149 306
17 151 473
17 156 258
17 158 726
17 159 282
17 160 918
17 164 633
17 165 52
17 174 176
17 176 0
17 185 643
17 187 481
17 188 627
17 190 88
17 197 902
17 5 386
17 9 571
17 13 393
17 57 175
18 20 232
18 22 599
18 23 30
18 24 412
18 28 101
18 33 779
18 46 452
18 56 189
18 60 349
18 61 602
18 69 5
18 79 686
18 83 609
18 89 57
18 96 841
18 98 649
18 106 464
18 115 297
18 122 397
18 131 732
18 139 575
18 145 526
18 151 137
18 153 856
18 168 972
18 171 591
18 172 637
18 186 340
18 187 617
18 196 651
18 198 624
18 7 552
18 12 642
18 15 553
18 30 563
18 76 247
18 91 309
19 23 773
19 26 883
19 29 756
19 32 101
19 41 363
19 43 102
19 44 344
19 47 505
19 53 873
19 66 131
19 80 203
19 81 485
19 84 404
19 85 409
19 86 396
19 94 846
19 95 583
19 109 232
19 119 109
19 125 676
19 128 933
19 129 356
19 133 403
19 134 849
19 138 676
19 139 28
19 142 898
19 148 563
19 152 867
19 154 834
19 155 77
19 161 231
19 167 722
19 181 847
19 184 866
19 187 994
19 190 348
19 194 951
19 3 208
19 5 676
19 7 989
19 18 842
19 36 305
19 39 538
19 62 993
19 111 677
20 26 519
20 31 677
20 32 329
20 44 109
20 49 465
20 54 305
20 61 664
20 71 115
20 80 346
20 81 662
20 84 10
20 86 127
20 92 983
20 96 616
20 97 404
20 99 36
20 102 408
20 112 269
20 114 506
20 120 802
20 124 397
20 125 781
20 130 800
20 131 174
20 137 481
20 150 598
20 176 607
20 179 4
20 183 642
20 189 861
20 198 156
20 5 802
20 18 138
20 19 861
20 24 407
21 24 169
21 25 105
21 28 443
21 33 957
21 40 725
21 42 204
21 76 744
21 80 649
21 81 986
21 83 919
21 89 984
21 104 773
21 107 77
21 109 343
21 111 437
21 120 298
21 121 331
21 128 267
21 133 711
21 136 809
21 147 544
21 148 473
21 154 930
21 162 4
21 170 843
21 172 790
21 182 917
21 183 6
21 187 364
21 191 559
21 193 83
21 196 605
21 3 96
21 10 666
21 12 35
22 28 129
22 29 650
22 31 168
22 33 309
22 35 213
22 37 270
22 38 92
22 43 302
22 44 739
22 71 323
22 74 771
22 75 253
22 83 470
22 84 876
22 88 104
22 89 114
22 101 240
22 109 118
22 117 377
22 119 191
22 121 835
22 123 285
22 125 395
22 133 656
22 134 28
22 136 66
22 147 686
22 149 82
22 155 151
22 166 367
22 167 54
22 175 463
22 176 797
22 177 40
22 182 16
22 187 670
22 188 812
22 191 105
22 193 865
22 2 766
22 48 366
23 28 309
23 38 21
23 45 356
23 48 216
23 54 858
23 59 75
23 64 411
23 81 445
23 99 346
23 101 128
23 106 104
23 112 410
23 116 608
23 118 803
23 123 243
23 145 21
23 155 586
23 157 83
23 158 264
23 161 948
23 163 11
23 164 127
23 167 695
23 169 785
23 170 362
23 189 381
23 194 903
23 197 146
23 0 954
23 1 669
23 6 709
23 14 706
23 34 264
23 129 134
24 27 867
24 29 602
24 33 409
24 40 332
24 42 455
24 43 870
24 48 466
24 51 735
24 52 938
24 54 896
24 58 440
24 71 264
24 81 41
24 85 908
24 88 463
24 89 359
24 103 55
24 110 300
24 135 465
24 140 437
24 141 107
24 143 562
24 148 956
24 157 42
24 158 890
24 159 112
24 163 491
24 165 358
24 169 654
24 178 855
24 185 571
24 197 362
24 1 290
24 3 750
24 5 571
24 9 391
24 17 543
25 32 391
25 35 296
25 41 396
25 42 820
25 43 653
25 53 864
25 54 909
25 55 617
25 56 993
25 59 243
25 60 471
25 64 490
25 74 736
25 79 884
25 82 960
25 85 68
25 95 240
25 99 578
25 122 481
25 126 22
25 132 785
25 136 640
25 137 436
25 139 353
25 141 710
25 143 290
25 148 335
25 151 877
25 154 877
25 161 993
25 167 721
25 180 697
25 188 135
25 189 657
25 195 657
25 1 227
25 10 284
25 12 732
25 23 332
25 47 766
26 31 777
26 32 164
26 36 30
26 37 259
26 40 608
26 65 13
26 75 401
26 78 663
26 79 966
26 80 527
26 90 447
26 101 363
26 114 887
26 115 63
26 116 293
26 120 352
26 128 509
26 137 294
26 139 535
26 140 112
26 143 153
26 145 489
26 146 930
26 147 46
26 148 796
26 155 204
26 158 98
26 159 469
26 170 562
26 173 17
26 175 682
26 178 636
26 179 777
26 186 701
26 187 228
26 193 691
26 197 965
26 5 934
26 12 630
26 17 370
26 21 341
26 22 593
26 43 506
26 67 128
26 171 783
27 36 282
27 40 790
27 42 634
27 50 383
27 51 584
27 53 173
27 54 718
27 67 51
27 71 355
27 76 782
27 77 702
27 80 780
27 81 866
27 83 643
27 87 737
27 92 930
27 93 882
27 95 363
27 104 284
27 109 518
27 114 156
27 119 722
27 129 157
27 140 230
27 146 918
27 156 996
27 157 254
27 159 150
27 162 24
27 172 614
27 177 224
27 184 954
27 192 297
27 194 249
27 0 319
27 5 505
27 10 966
27 11 765
27 21 696
27 24 730
27 64 758
27 68 71
27 158 106
28 34 372
28 38 675
28 39 552
28 41 421
28 42 595
28 45 71
28 46 809
28 48 699
28 51 622
28 55 629
28 56 755
28 66 951
28 69 664
28 74 617
28 76 272
28 78 930
28 83 58
28 86 664
28 89 549
28 90 263
28 91 616
28 93 80
28 95 735
28 102 138
28 117 430
28 125 55
28 128 199
28 137 615
28 140 545
28 142 530
28 152 757
28 155 639
28 156 502
28 159 922
28 168 922
28 172 778
28 175 108
28 176 541
28 195 268
28 2 949
28 13 13
28 16 777
28 20 819
28 149 898
29 31 486
29 42 669
29 57 306
29 63 258
29 66 902
29 74 221
29 80 878
29 85 532
29 89 650
29 91 910
29 98 944
29 120 589
29 126 431
29 129 597
29 133 483
29 145 424
29 146 942
29 149 593
29 150 748
29 151 166
29 163 550
29 166 219
29 167 96
29 171 916
29 185 917
29 186 120
29 187 523
29 190 283
29 2 344
29 3 397
29 6 720
29 7 309
29 10 521
29 13 427
29 17 465
29 25 158
29 28 732
29 46 658
29 60 34
30 33 589
30 37 695
30 47 176
30 48 523
30 57 889
30 83 766
30 85 372
30 97 962
30 98 507
30 100 851
30 103 207
30 107 13
30 113 978
30 119 462
30 132 52
30 141 360
30 143 738
30 148 322
30 152 936
30 163 958
30 169 827
30 174 765
30 177 562
30 178 600
30 198 139
30 6 39
30 7 485
30 14 118
30 17 740
30 24 440
30 72 981
31 38 920
31 39 227
31 52 904
31 58 516
31 62 481
31 63 396
31 71 166
31 73 552
31 96 504
31 110 278
31 112 761
31 115 94
31 116 41
31 123 457
31 126 449
31 131 978
31 136 794
31 141 957
31 144 670
31 145 722
31 151 970
31 156 746
31 158 428
31 161 281
31 162 730
31 165 301
31 169 744
31 178 851
31 184 152
31 185 145
31 188 385
31 196 97
31 9 567
31 11 220
31 13 599
31 18 654
31 19 0
31 26 932
31 61 669
32 37 30
32 40 551
32 41 133
32 47 999
32 67 508
32 74 334
32 75 957
32 87 315
32 88 31
32 93 536
32 99 790
32 100 485
32 101 703
32 117 164
32 125 177
32 137 498
32 140 643
32 144 107
32 157 102
32 161 538
32 165 307
32 168 596
32 175 437
32 180 794
32 185 894
32 189 426
32 199 894
32 4 928
32 15 314
32 17 195
32 28 76
32 94 761
32 122 608
33 35 581
33 38 214
33 44 256
33 46 511
33 47 17
33 48 163
33 51 169
33 55 819
33 61 76
33 62 517
33 63 501
33 66 644
33 78 692
33 80 282
33 84 504
33 86 207
33 87 666
33 89 192
33 95 723
33 97 595
33 99 703
33 103 295
33 115 28
33 126 410
33 136 794
33 137 240
33 140 864
33 141 660
33 146 131
33 147 738
33 155 180
33 161 99
33 164 668
33 167 515
33 171 143
33 173 643
33 175 41
33 181 353
33 182 948
33 194 697
33 199 651
33 6 203
33 7 274
33 9 96
33 13 664
33 17 955
33 22 407
33 25 24
33 26 394
33 28 321
33 45 111
33 54 692
33 183 957
34 41 336
34 44 449
34 57 733
34 60 718
34 68 769
34 78 942
34 83 414
34 84 662
34 87 596
34 89 722
34 95 73
34 96 664
34 107 328
34 112 94
34 120 346
34 125 335
34 128 667
34 133 909
34 137 312
34 141 324
34 143 464
34 144 258
34 147 46
34 148 381
34 151 614
34 152 94
34 157 667
34 159 427
34 164 876
34 165 870
34 167 612
34 169 618
34 171 418
34 172 537
34 178 337
34 181 510
34 186 885
34 195 617
34 196 703
34 0 315
34 1 188
34 2 826
34 5 722
34 7 615
34 9 254
34 25 555
34 26 434
34 121 216
35 36 172
35 37 777
35 41 461
35 42 941
35 43 715
35 52 393
35 60 192
35 62 282
35 74 331
35 79 765
35 80 812
35 97 143
35 102 188
35 104 134
35 117 61
35 131 940
35 135 992
35 141 104
35 144 513
35 147 71
35 149 532
35 154 947
35 155 779
35 162 865
35 163 358
35 166 707
35 178 719
35 179 213
35 190 576
35 192 447
35 196 216
35 197 676
35 5 560
35 9 496
35 11 419
35 14 267
35 18 34
35 19 718
35 26 341
35 56 692
35 98 232
36 39 266
36 49 582
36 50 227
36 52 554
36 63 78
36 67 519
36 70 836
36 74 394
36 75 519
36 77 643
36 82 818
36 83 257
36 84 677
36 87 878
36 98 111
36 101 192
36 107 532
36 113 361
36 127 87
36 146 166
36 148 181
36 158 392
36 162 909
36 166 773
36 167 939
36 173 107
36 192 603
36 2 567
36 14 419
36 18 937
36 20 465
36 22 151
36 24 903
36 29 2
36 41 177
36 126 62
37 42 809
37 57 438
37 60 231
37 63 487
37 68 88
37 71 278
37 72 375
37 74 46
37 76 918
37 77 641
37 89 108
37 98 782
37 103 237
37 106 106
37 107 215
37 110 320
37 114 931
37 122 261
37 129 919
37 131 142
37 141 780
37 145 748
37 146 491
37 147 639
37 148 44
37 152 67
37 157 909
37 158 131
37 160 135
37 161 402
37 162 62
37 164 617
37 167 591
37 172 643
37 187 167
37 195 691
37 196 666
37 197 901
37 199 498
37 8 866
37 19 467
37 35 948
37 36 686
37 88 668
38 46 759
38 52 861
38 56 143
38 62 480
38 63 767
38 68 312
38 77 219
38 79 454
38 81 623
38 82 71
38 83 652
38 88 178
38 89 233
38 90 441
38 91 834
38 95 52
38 98 566
38 102 286
38 103 997
38 105 669
38 109 157
38 112 909
38 113 216
38 119 691
38 140 226
38 142 262
38 156 253
38 158 416
38 160 86
38 161 749
38 173 971
38 190 161
38 197 767
38 3 137
38 4 269
38 6 190
38 9 917
38 12 579
38 16 996
38 33 382
38 36 546
38 65 704
38 70 781
38 128 997
39 41 193
39 44 293
39 55 564
39 62 787
39 66 471
39 70 309
39 76 783
39 80 628
39 90 644
39 94 850
39 95 771
39 98 310
39 104 325
39 108 520
39 110 402
39 113 87
39 115 337
39 118 619
39 126 720
39 136 392
39 147 238
39 148 782
39 149 970
39 152 784
39 166 678
39 173 773
39 184 156
39 187 126
39 189 565
39 193 600
39 194 496
39 199 522
39 6 583
39 8 333
39 10 879
39 12 660
39 15 877
39 17 868
39 24 852
39 27 690
39 28 617
39 31 115
39 34 160
39 38 856
40 41 184
40 51 966
40 57 808
40 62 834
40 73 253
40 77 849
40 80 610
40 84 791
40 87 84
40 99 798
40 103 858
40 114 989
40 117 225
40 118 353
40 119 186
40 122 549
40 123 81
40 134 613
40 135 946
40 143 356
40 153 982
40 159 259
40 160 897
40 166 338
40 169 975
40 179 350
40 183 954
40 186 45
40 187 188
40 193 952
40 196 79
40 0 471
40 9 7
40 13 29
40 15 261
40 18 601
40 38 346
40 81 854
40 138 81
41 51 163
41 58 45
41 63 418
41 65 589
41 67 669
41 81 846
41 82 488
41 87 176
41 89 578
41 94 955
41 101 235
41 103 793
41 107 53
41 108 498
41 109 212
41 114 382
41 121 888
41 122 231
41 123 916
41 125 717
41 127 430
41 131 265
41 132 14
41 134 784
41 139 255
41 141 152
41 143 928
41 147 514
41 149 157
41 160 818
41 161 82
41 172 4
41 177 576
41 179 310
41 180 192
41 194 590
41 6 811
41 10 259
41 12 707
41 16 267
41 18 969
41 21 338
41 23 383
41 27 647
41 32 906
41 38 934
41 40 668
42 45 398
42 47 321
42 48 627
42 49 287
42 54 276
42 55 530
42 67 942
42 71 631
42 72 441
42 73 328
42 82 394
42 90 947
42 91 47
42 92 163
42 103 73
42 105 43
42 108 81
42 111 760
42 131 316
42 133 188
42 141 241
42 144 785
42 146 264
42 147 765
42 158 67
42 168 4
42 170 404
42 175 959
42 191 718
42 197 76
42 12 621
42 19 194
42 28 963
42 38 157
42 41 894
42 85 584
42 151 299
43 49 683
43 50 602
43 58 947
43 59 332
43 60 283
43 63 333
43 70 780
43 71 305
43 74 250
43 80 63
43 81 265
43 82 562
43 87 50
43 99 872
43 100 855
43 103 73
43 107 279
43 110 886
43 111 594
43 113 814
43 125 99
43 134 237
43 135 540
43 136 956
43 140 942
43 146 874
43 159 275
43 160 1000
43 161 614
43 167 84
43 173 190
43 174 811
43 176 338
43 183 503
43 184 341
43 185 276
43 189 280
43 190 698
43 193 413
43 196 826
43 197 456
43 198 994
43 3 97
43 5 429
43 9 517
43 15 472
43 16 183
43 17 114
43 21 585
43 28 726
43 32 764
43 37 367
43 39 19
43 52 824
43 112 941
44 47 936
44 55 256
44 56 70
44 63 153
44 66 451
44 68 221
44 72 859
44 73 951
44 80 287
44 83 249
44 85 33
44 87 965
44 89 464
44 98 277
44 101 959
44 109 193
44 113 107
44 118 430
44 120 882
44 123 948
44 134 512
44 149 326
44 153 522
44 154 448
44 155 190
44 173 411
44 179 870
44 182 500
44 186 791
44 187 122
44 195 845
44 198 286
44 3 585
44 9 433
44 19 983
44 35 683
44 38 702
45 48 186
45 52 472
45 60 402
45 65 807
45 67 878
45 70 666
45 75 722
45 78 766
45 80 610
45 83 395
45 86 321
45 87 231
45 103 131
45 111 677
45 112 944
45 119 875
45 124 274
45 127 958
45 136 928
45 139 654
45 153 459
45 154 811
45 155 717
45 158 854
45 161 115
45 163 485
45 166 133
45 169 639
45 176 640
45 177 875
45 178 511
45 183 913
45 195 632
45 3 16
45 4 673
45 11 595
45 16 321
45 19 803
45 23 532
45 31 822
45 33 37
45 53 367
46 47 895
46 51 149
46 56 188
46 57 637
46 62 140
46 63 963
46 67 13
46 69 98
46 78 872
46 79 567
46 82 784
46 85 379
46 86 273
46 87 189
46 106 316
46 107 11
46 118 666
46 120 47
46 123 716
46 129 927
46 131 163
46 138 359
46 142 851
46 145 890
46 146 831
46 148 462
46 154 685
46 156 272
46 163 32
46 165 51
46 172 795
46 178 101
46 180 806
46 191 715
46 2 511
46 6 640
46 8 974
46 13 276
46 15 60
46 18 413
46 24 722
46 35 205
46 36 376
46 39 265
46 41 63
47 49 716
47 50 474
47 51 669
47 59 934
47 67 165
47 77 750
47 80 165
47 82 238
47 90 911
47 92 451
47 116 975
47 120 188
47 129 333
47 131 721
47 132 66
47 133 456
47 139 346
47 146 859
47 147 178
47 148 404
47 154 326
47 161 238
47 164 469
47 174 205
47 184 999
47 185 754
47 191 81
47 193 552
47 197 43
47 199 790
47 3 230
47 8 116
47 16 507
47 21 457
47 24 989
47 25 799
47 26 234
47 43 141
47 44 821
47 46 566
47 101 307
47 172 526
48 49 954
48 64 699
48 67 516
48 71 861
48 72 577
48 77 179
48 82 628
48 98 961
48 100 184
48 104 774
48 109 622
48 112 978
48 119 244
48 127 910
48 129 310
48 133 670
48 136 314
48 143 34
48 148 360
48 155 941
48 159 544
48 175 754
48 178 237
48 183 139
48 10 12
48 12 139
48 15 130
48 18 606
48 20 60
48 23 297
48 28 697
48 29 572
48 43 367
48 44 435
48 45 525
48 113 828
48 118 368
49 63 958
49 70 677
49 71 407
49 81 936
49 97 832
49 101 779
49 105 382
49 115 227
49 126 473
49 134 373
49 140 318
49 143 149
49 154 825
49 155 945
49 162 54
49 167 376
49 168 507
49 175 577
49 179 184
49 180 13
49 181 931
49 189 687
49 196 200
49 12 817
49 21 537
49 22 506
49 31 99
49 35 559
49 39 696
49 40 164
49 41 385
49 43 900
49 79 456
50 55 334
50 56 761
50 57 723
50 59 66
50 60 858
50 67 95
50 81 866
50 87 69
50 88 733
50 90 590
50 91 851
50 95 988
50 97 978
50 100 720
50 102 565
50 120 293
50 128 481
50 138 163
50 154 103
50 163 293
50 164 627
50 168 59
50 173 530
50 175 678
50 185 630
50 198 128
50 20 989
50 24 624
50 37 760
50 40 120
50 41 2
50 63 989
51 59 258
51 72 118
51 73 336
51 111 702
51 112 911
51 115 691
51 119 93
51 121 690
51 122 157
51 124 364
51 127 629
51 131 657
51 132 774
51 133 193
51 139 411
51 141 425
51 153 970
51 155 632
51 169 109
51 171 844
51 181 119
51 197 796
51 2 811
51 4 738
51 6 725
51 9 820
51 10 93
51 12 59
51 21 188
51 22 731
51 25 135
51 26 435
51 32 737
51 34 848
51 35 720
51 43 296
51 45 742
51 47 482
51 48 723
51 137 163
52 53 749
52 54 423
52 58 179
52 72 944
52 75 296
52 87 212
52 96 426
52 98 191
52 102 62
52 107 423
52 108 874
52 109 757
52 113 333
52 115 171
52 124 437
52 125 908
52 126 738
52 128 42
52 131 814
52 133 482
52 141 125
52 146 88
52 148 819
52 150 192
52 151 368
52 157 621
52 163 390
52 169 953
52 177 436
52 193 29
52 195 929
52 197 618
52 7 172
52 9 166
52 12 992
52 13 469
52 14 410
52 17 863
52 18 988
52 19 114
52 33 78
52 38 598
52 42 296
52 43 879
52 45 269
52 46 606
53 57 296
53 89 356
53 104 183
53 106 433
53 113 309
53 114 603
53 116 36
53 126 297
53 127 352
53 128 915
53 130 833
53 133 664
53 134 364
53 140 239
53 141 610
53 153 802
53 158 981
53 160 944
53 161 81
53 164 372
53 165 445
53 170 764
53 173 535
53 177 683
53 179 688
53 183 926
53 199 659
53 3 365
53 10 192
53 17 154
53 20 87
53 28 684
53 38 220
53 50 810
54 58 123
54 59 492
54 61 482
54 62 144
54 66 495
54 67 963
54 68 239
54 76 322
54 78 998
54 80 663
54 82 146
54 87 599
54 88 550
54 103 535
54 111 449
54 113 678
54 114 319
54 117 60
54 119 403
54 127 518
54 148 460
54 150 972
54 154 406
54 158 981
54 168 666
54 176 299
54 178 77
54 182 195
54 183 181
54 185 518
54 191 402
54 193 475
54 7 147
54 12 677
54 14 868
54 20 129
54 23 647
54 25 806
54 26 520
54 36 666
54 37 890
54 43 596
54 44 910
54 50 602
55 58 757
55 59 683
55 61 46
55 66 907
55 69 847
55 77 678
55 78 175
55 86 762
55 102 701
55 105 941
55 113 581
55 123 43
55 129 505
55 137 121
55 139 691
55 142 369
55 148 81
55 149 243
55 151 779
55 156 848
55 158 845
55 160 369
55 165 668
55 166 661
55 170 132
55 172 662
55 173 965
55 175 84
55 178 964
55 181 814
55 182 498
55 185 668
55 187 895
55 193 618
55 196 425
55 199 817
55 6 860
55 19 50
55 20 958
55 24 720
55 31 927
55 33 551
55 42 370
55 45 988
55 47 190
55 48 894
55 50 131
55 120 389
56 60 580
56 71 75
56 77 778
56 84 899
56 88 703
56 89 842
56 92 530
56 100 431
56 105 272
56 108 105
56 110 358
56 113 75
56 114 157
56 121 404
56 130 511
56 133 316
56 136 902
56 139 770
56 142 179
56 144 308
56 145 103
56 148 400
56 152 723
56 155 36
56 164 498
56 169 941
56 172 427
56 179 225
56 184 922
56 187 740
56 196 384
56 0 279
56 5 573
56 9 135
56 14 974
56 19 39
56 28 860
56 33 392
56 47 283
57 65 138
57 66 916
57 78 929
57 89 306
57 95 959
57 97 341
57 100 602
57 103 681
57 105 431
57 113 782
57 115 535
57 126 470
57 131 354
57 132 743
57 144 513
57 148 466
57 152 586
57 155 982
57 156 853
57 159 367
57 161 183
57 163 343
57 165 904
57 166 145
57 168 419
57 191 76
57 196 921
57 2 192
57 5 280
57 18 39
57 24 701
57 30 587
57 35 171
57 37 849
57 44 784
57 46 277
57 49 131
57 102 828
58 66 423
58 67 875
58 76 208
58 84 881
58 87 1000
58 88 659
58 90 550
58 93 980
58 102 176
58 103 610
58 112 424
58 121 333
58 124 96
58 125 221
58 136 273
58 139 124
58 143 609
58 146 901
58 148 258
58 150 874
58 164 838
58 165 516
58 176 220
58 181 708
58 195 930
58 199 195
58 7 702
58 8 12
58 9 39
58 11 205
58 18 737
58 28 427
58 32 284
58 46 645
58 56 187
59 66 271
59 67 577
59 68 159
59 69 435
59 71 693
59 74 668
59 78 355
59 84 205
59 98 666
59 101 358
59 116 820
59 117 394
59 119 273
59 125 513
59 128 338
59 132 698
59 133 814
59 136 385
59 141 231
59 160 406
59 163 254
59 166 635
59 167 133
59 174 473
59 178 874
59 181 300
59 191 517
59 2 565
59 3 781
59 5 200
59 9 844
59 11 346
59 15 229
59 16 930
59 17 267
59 18 228
59 26 350
59 34 470
59 36 614
59 37 339
59 40 599
59 46 979
59 52 625
59 90 393
60 63 953
60 64 47
60 70 269
60 87 900
60 90 343
60 92 462
60 97 646
60 99 538
60 100 71
60 105 431
60 118 300
60 120 569
60 121 495
60 132 610
60 136 768
60 138 356
60 141 359
60 142 774
60 149 891
60 153 163
60 154 943
60 156 837
60 167 887
60 170 807
60 172 594
60 177 610
60 194 588
60 3 450
60 13 309
60 19 629
60 30 118
60 31 977
60 35 29
60 37 844
60 39 350
60 40 274
60 46 728
60 59 405
61 62 539
61 64 246
61 72 483
61 73 225
61 78 950
61 79 247
61 81 399
61 96 644
61 98 553
61 100 260
61 105 505
61 113 398
61 117 833
61 119 217
61 121 942
61 130 720
61 155 558
61 162 712
61 170 110
61 193 434
61 8 246
61 22 260
61 31 30
61 37 297
61 47 414
61 50 924
61 57 418
61 69 339
62 78 103
62 79 539
62 80 388
62 93 557
62 112 328
62 115 541
62 119 896
62 123 342
62 124 586
62 128 475
62 135 688
62 140 346
62 149 476
62 154 200
62 157 187
62 164 771
62 169 636
62 183 8
62 193 571
62 194 815
62 196 485
62 0 406
62 5 285
62 11 307
62 17 69
62 27 102
62 30 210
62 35 596
62 39 267
62 43 267
62 47 364
62 50 566
62 56 52
63 66 756
63 69 999
63 76 695
63 78 310
63 81 971
63 82 19
63 83 802
63 84 48
63 86 543
63 91 380
63 97 830
63 103 410
63 119 199
63 121 492
63 124 187
63 133 164
63 141 376
63 146 679
63 148 543
63 158 76
63 161 972
63 162 307
63 164 124
63 165 165
63 167 807
63 170 459
63 171 25
63 177 394
63 178 951
63 189 476
63 192 443
63 194 375
63 5 15
63 15 716
63 25 377
63 40 825
63 41 112
63 45 800
63 55 387
63 57 206
63 75 581
64 74 985
64 78 301
64 90 280
64 98 460
64 102 456
64 116 719
64 120 48
64 127 501
64 134 14
64 137 291
64 140 619
64 143 145
64 146 761
64 149 478
64 153 313
64 157 706
64 163 224
64 165 315
64 170 183
64 178 56
64 180 28
64 192 426
64 1 422
64 3 887
64 5 178
64 7 680
64 14 477
64 15 766
64 16 956
64 17 557
64 27 137
64 32 38
64 37 715
64 46 621
64 49 678
64 55 494
65 71 577
65 99 0
65 100 333
65 103 644
65 105 65
65 108 640
65 111 346
65 112 561
65 117 203
65 126 59
65 129 581
65 134 792
65 140 777
65 141 748
65 143 615
65 145 367
65 146 301
65 150 667
65 154 95
65 161 964
65 162 863
65 167 811
65 178 780
65 180 526
65 181 984
65 182 242
65 184 730
65 186 963
65 188 247
65 196 950
65 197 596
65 5 798
65 12 8
65 20 327
65 21 33
65 24 288
65 29 83
65 32 281
65 39 326
65 41 893
65 42 93
65 46 620
65 50 40
65 51 602
65 55 863
65 56 841
65 58 861
65 60 115
65 64 422
66 71 457
66 73 531
66 74 221
66 87 141
66 89 495
66 99 954
66 101 978
66 102 221
66 117 300
66 118 754
66 122 528
66 129 209
66 130 892
66 133 435
66 137 873
66 140 478
66 148 870
66 149 549
66 154 743
66 162 784
66 172 584
66 174 139
66 180 495
66 185 652
66 198 925
66 1 684
66 6 120
66 12 584
66 20 411
66 27 399
66 29 539
66 30 617
66 43 536
66 50 404
66 54 102
66 55 200
66 57 285
66 59 99
66 84 256
66 114 144
67 72 733
67 77 247
67 84 646
67 88 991
67 95 249
67 98 259
67 99 920
67 106 308
67 107 531
67 108 618
67 112 144
67 116 531
67 118 510
67 125 542
67 127 427
67 128 614
67 135 941
67 136 27
67 144 579
67 149 232
67 155 462
67 157 925
67 161 733
67 179 239
67 180 686
67 188 953
67 189 141
67 195 689
67 197 194
67 198 839
67 199 310
67 1 445
67 8 474
67 9 263
67 14 466
67 18 159
67 38 293
67 45 684
67 52 594
67 71 833
68 70 386
68 71 750
68 78 830
68 81 45
68 87 347
68 97 611
68 98 890
68 120 919
68 127 136
68 132 129
68 141 71
68 142 842
68 143 412
68 145 785
68 148 9
68 149 99
68 150 877
68 154 383
68 155 581
68 157 414
68 161 453
68 171 181
68 173 587
68 184 208
68 187 181
68 6 489
68 8 726
68 14 879
68 15 913
68 31 30
68 34 709
68 37 450
68 39 271
68 45 670
68 47 935
68 49 808
68 57 243
68 60 353
68 61 100
68 63 852
69 75 728
69 77 22
69 88 678
69 90 18
69 97 215
69 98 229
69 102 773
69 115 86
69 119 652
69 120 44
69 124 961
69 127 633
69 131 918
69 132 13
69 136 655
69 138 856
69 143 207
69 148 261
69 153 23
69 154 292
69 155 106
69 156 438
69 157 890
69 158 152
69 163 733
69 164 981
69 169 529
69 176 453
69 187 149
69 3 594
69 5 755
69 6 924
69 12 707
69 13 192
69 14 307
69 19 727
69 23 351
69 28 165
69 46 33
69 51 151
69 52 969
70 72 944
70 73 331
70 74 415
70 80 540
70 83 345
70 87 755
70 91 204
70 92 784
70 96 147
70 97 870
70 99 516
70 102 803
70 104 614
70 116 173
70 149 9
70 159 867
70 163 385
70 165 429
70 169 223
70 171 196
70 177 166
70 189 703
70 192 845
70 193 223
70 198 716
70 199 649
70 0 407
70 2 196
70 4 571
70 9 466
70 14 626
70 17 331
70 18 404
70 20 49
70 23 603
70 32 284
70 45 268
70 48 759
70 49 562
70 52 789
70 69 725
71 95 126
71 106 109
71 107 507
71 110 593
71 113 802
71 115 469
71 116 171
71 117 45
71 129 218
71 141 217
71 143 896
71 144 846
71 145 213
71 153 649
71 156 916
71 163 660
71 166 892
71 170 828
71 175 286
71 177 334
71 190 313
71 191 225
71 196 42
71 19 727
71 20 705
71 36 431
71 40 489
71 49 175
71 50 594
71 58 209
71 59 9
71 63 264
71 119 601
72 80 193
72 91 731
72 92 118
72 112 352
72 122 100
72 123 978
72 140 870
72 142 392
72 145 468
72 155 593
72 160 315
72 162 224
72 164 873
72 165 783
72 169 370
72 171 333
72 181 104
72 189 571
72 190 964
72 199 459
72 2 500
72 4 812
72 8 322
72 10 988
72 13 72
72 14 168
72 15 812
72 24 674
72 37 827
72 39 722
72 44 527
72 46 966
72 47 254
72 57 478
72 58 867
72 61 344
72 68 968
72 71 360
73 81 785
73 83 749
73 90 829
73 96 191
73 97 321
73 101 384
73 107 128
73 111 126
73 122 932
73 123 231
73 126 557
73 130 827
73 134 447
73 137 173
73 138 332
73 139 434
73 145 46
73 151 489
73 154 510
73 156 623
73 168 839
73 172 160
73 175 764
73 179 680
73 189 844
73 191 609
73 192 719
73 197 348
73 5 581
73 13 914
73 18 527
73 27 781
73 33 66
73 34 862
73 36 942
73 37 888
73 38 873
73 39 644
73 40 26
73 50 817
73 51 181
73 52 448
73 59 826
73 67 549
73 100 649
73 109 651
74 75 971
74 76 352
74 77 499
74 83 183
74 84 666
74 86 542
74 94 848
74 97 805
74 105 604
74 109 874
74 118 245
74 120 621
74 130 194
74 134 961
74 144 629
74 146 819
74 149 221
74 150 702
74 151 332
74 156 266
74 158 267
74 159 383
74 174 733
74 182 540
74 191 639
74 198 643
74 1 51
74 14 7
74 17 453
74 30 233
74 41 63
74 44 671
74 46 972
74 48 781
74 49 725
74 51 970
74 64 7
74 73 822
75 91 225
75 92 977
75 93 949
75 101 236
75 104 858
75 105 600
75 106 924
75 111 120
75 142 474
75 153 620
75 156 4
75 159 251
75 168 500
75 170 706
75 171 792
75 174 752
75 178 499
75 179 60
75 181 47
75 186 649
75 190 443
75 2 133
75 9 96
75 13 632
75 20 562
75 22 480
75 23 857
75 27 100
75 33 941
75 39 142
75 44 140
75 47 349
75 56 592
75 57 490
75 62 200
75 66 628
75 68 895
75 73 460
75 86 621
75 134 189
76 84 86
76 88 972
76 90 793
76 95 129
76 104 269
76 108 302
76 117 577
76 118 631
76 122 355
76 131 644
76 132 891
76 133 561
76 136 726
76 146 72
76 149 164
76 150 210
76 155 862
76 156 207
76 159 607
76 162 817
76 163 243
76 170 285
76 176 27
76 179 408
76 180 632
76 190 14
76 193 407
76 194 972
76 195 229
76 196 82
76 6 685
76 13 467
76 19 373
76 30 91
76 42 918
76 51 700
76 53 757
76 55 644
76 59 962
76 68 546
76 69 701
76 74 639
76 148 869
77 86 665
77 99 494
77 102 406
77 105 455
77 128 269
77 134 13
77 135 950
77 143 340
77 144 218
77 150 242
77 151 496
77 155 365
77 158 777
77 160 684
77 162 295
77 165 855
77 170 660
77 176 781
77 179 20
77 181 312
77 182 855
77 184 302
77 185 881
77 189 478
77 199 779
77 10 941
77 16 855
77 19 846
77 34 143
77 41 911
77 42 111
77 54 738
77 59 39
77 62 92
77 63 214
77 67 921
77 68 506
77 71 179
77 73 24
77 74 665
78 87 533
78 89 590
78 97 403
78 98 189
78 99 189
78 100 410
78 101 801
78 106 581
78 112 514
78 118 226
78 123 638
78 125 222
78 136 679
78 138 594
78 142 306
78 143 537
78 144 691
78 150 27
78 161 272
78 166 314
78 170 374
78 176 911
78 182 249
78 183 86
78 185 691
78 190 800
78 4 887
78 6 696
78 9 733
78 13 68
78 19 718
78 25 426
78 27 381
78 28 476
78 31 76
78 33 934
78 37 56
78 38 550
78 39 451
78 41 557
78 49 347
78 52 401
78 66 155
78 67 893
78 74 733
78 77 190
78 152 910
79 83 728
79 89 812
79 92 971
79 100 837
79 101 214
79 107 419
79 113 928
79 123 488
79 127 928
79 137 630
79 147 878
79 153 962
79 171 97
79 173 155
79 174 141
79 181 58
79 183 859
79 188 962
79 190 168
79 191 35
79 0 903
79 2 151
79 9 321
79 10 518
79 11 518
79 15 946
79 18 255
79 22 798
79 28 799
79 29 790
79 33 297
79 36 227
79 37 385
79 38 679
79 40 136
79 45 546
79 49 149
79 56 979
79 59 132
79 63 35
79 64 490
79 72 275
79 73 472
79 74 741
79 77 776
79 108 363
80 82 810
80 83 996
80 84 72
80 87 139
80 97 483
80 102 772
80 115 480
80 117 559
80 136 902
80 137 96
80 140 168
80 141 497
80 146 196
80 164 439
80 189 893
80 192 831
80 193 564
80 2 597
80 9 661
80 10 905
80 13 648
80 20 176
80 26 123
80 31 763
80 37 999
80 38 249
80 48 85
80 50 879
80 54 260
80 62 458
80 73 380
80 76 39
80 78 923
81 94 414
81 96 712
81 109 747
81 125 441
81 128 272
81 130 502
81 132 423
81 134 954
81 138 60
81 142 879
81 146 154
81 170 331
81 171 515
81 175 883
81 178 851
81 181 124
81 184 347
81 191 736
81 195 895
81 198 826
81 3 299
81 4 325
81 6 461
81 16 743
81 18 879
81 19 608
81 24 734
81 28 144
81 29 837
81 45 866
81 47 231
81 48 357
81 51 381
81 62 527
81 79 650
81 80 301
81 106 478
82 91 994
82 93 284
82 101 22
82 107 81
82 110 754
82 120 523
82 122 498
82 129 827
82 132 380
82 143 85
82 144 753
82 150 429
82 164 209
82 173 888
82 176 873
82 177 845
82 193 316
82 194 313
82 197 247
82 10 570
82 12 842
82 19 698
82 25 180
82 26 725
82 30 911
82 33 786
82 35 705
82 36 351
82 58 683
82 59 65
82 60 716
82 66 492
82 68 331
82 70 845
82 80 126
82 81 307
83 84 705
83 89 627
83 99 194
83 104 683
83 110 174
83 111 465
83 115 57
83 117 357
83 120 390
83 122 828
83 128 416
83 132 255
83 135 631
83 140 659
83 149 89
83 152 854
83 155 763
83 160 362
83 162 467
83 167 204
83 173 539
83 175 955
83 176 671
83 178 284
83 183 623
83 187 273
83 190 473
83 194 38
83 13 776
83 18 163
83 27 376
83 29 285
83 33 994
83 35 365
83 38 453
83 43 948
83 45 291
83 46 383
83 47 658
83 52 188
83 58 860
83 63 281
83 67 890
83 70 602
83 71 57
83 79 708
83 87 442
83 177 936
84 85 762
84 93 621
84 99 990
84 102 827
84 113 946
84 118 29
84 121 20
84 124 978
84 125 613
84 128 38
84 129 759
84 135 13
84 147 642
84 148 397
84 153 629
84 154 197
84 156 57
84 158 131
84 168 695
84 175 702
84 182 752
84 187 640
84 189 282
84 190 687
84 191 793
84 192 322
84 198 385
84 199 667
84 0 485
84 3 501
84 6 237
84 7 553
84 10 642
84 12 581
84 13 106
84 16 667
84 18 593
84 26 620
84 30 341
84 31 783
84 34 239
84 36 12
84 45 588
84 52 684
84 53 555
84 56 126
84 67 237
84 76 160
85 88 493
85 95 134
85 98 733
85 103 484
85 107 873
85 108 722
85 110 74
85 128 937
85 131 1
85 137 243
85 140 445
85 143 405
85 148 322
85 151 13
85 155 920
85 158 223
85 163 361
85 171 649
85 173 871
85 178 519
85 180 974
85 183 46
85 185 914
85 191 151
85 196 306
85 199 590
85 13 181
85 15 1
85 20 100
85 24 428
85 30 353
85 39 926
85 46 775
85 53 559
85 55 63
85 59 256
85 60 167
85 61 761
85 64 678
85 80 44
85 82 743
85 124 340
86 95 518
86 105 938
86 112 956
86 115 271
86 119 228
86 122 777
86 127 947
86 132 645
86 134 928
86 135 594
86 150 802
86 151 544
86 160 599
86 162 324
86 177 104
86 183 351
86 196 289
86 2 122
86 5 193
86 14 782
86 15 444
86 26 29
86 33 637
86 37 219
86 40 947
86 42 262
86 44 861
86 54 642
86 55 872
86 57 941
86 58 436
86 60 597
86 70 356
86 77 34
86 79 95
86 82 929
86 84 973
86 144 838
86 176 115
87 96 441
87 97 536
87 99 53
87 105 768
87 119 982
87 121 795
87 129 508
87 137 995
87 146 599
87 150 977
87 160 687
87 162 163
87 164 883
87 166 232
87 167 32
87 170 121
87 173 130
87 174 829
87 175 840
87 176 780
87 178 722
87 182 934
87 183 634
87 185 426
87 198 635
87 199 639
87 1 131
87 4 686
87 5 203
87 8 149
87 15 993
87 16 321
87 18 649
87 30 977
87 37 695
87 42 34
87 46 444
87 47 299
87 54 104
87 58 479
87 64 321
87 69 402
87 73 960
87 75 336
87 76 422
87 79 407
87 125 697
88 89 370
88 91 251
88 93 839
88 110 163
88 113 250
88 114 775
88 120 783
88 127 511
88 136 879
88 137 988
88 147 77
88 148 865
88 155 272
88 163 432
88 166 82
88 167 966
88 178 638
88 197 659
88 0 29
88 1 320
88 10 425
88 14 963
88 15 603
88 27 334
88 32 14
88 35 102
88 38 885
88 39 463
88 41 710
88 44 616
88 46 251
88 50 178
88 56 318
88 63 563
88 70 107
88 75 387
88 76 363
88 80 495
88 87 960
88 168 240
89 91 790
89 99 967
89 100 240
89 106 862
89 111 703
89 113 265
89 114 995
89 119 481
89 123 65
89 124 131
89 130 126
89 133 938
89 145 551
89 152 4
89 153 771
89 158 251
89 163 131
89 165 288
89 168 972
89 169 2
89 180 283
89 184 515
89 186 591
89 188 870
89 189 328
89 192 531
89 0 886
89 1 433
89 6 542
89 10 430
89 34 629
89 37 471
89 52 172
89 59 613
89 60 254
89 61 113
89 66 920
89 78 736
89 80 377
89 82 846
89 83 692
89 86 811
89 92 616
90 91 60
90 95 43
90 107 446
90 110 504
90 118 992
90 120 104
90 129 463
90 134 989
90 141 306
90 145 425
90 146 574
90 153 292
90 157 427
90 159 584
90 161 487
90 165 662
90 166 788
90 172 316
90 176 44
90 179 22
90 184 938
90 188 185
90 193 879
90 5 987
90 8 840
90 15 950
90 25 800
90 32 785
90 42 470
90 67 364
90 71 587
90 77 240
90 84 862
90 93 345
90 133 265
90 162 758
91 92 13
91 100 284
91 106 508
91 115 416
91 124 655
91 130 249
91 136 935
91 145 798
91 152 773
91 153 412
91 164 149
91 165 134
91 168 964
91 179 146
91 182 859
91 183 781
91 184 118
91 188 550
91 3 450
91 12 343
91 20 599
91 29 927
91 30 885
91 40 651
91 46 174
91 48 385
91 61 37
91 62 428
91 70 315
91 74 329
91 75 554
91 77 476
91 99 661
92 97 290
92 103 764
92 105 894
92 114 32
92 118 983
92 123 857
92 125 948
92 136 973
92 170 600
92 180 531
92 183 837
92 190 259
92 9 873
92 10 921
92 23 452
92 26 505
92 31 5
92 32 816
92 43 921
92 45 615
92 49 77
92 63 945
92 70 534
92 79 924
92 80 245
92 81 405
92 85 700
92 169 258
93 94 183
93 98 94
93 99 582
93 102 767
93 110 104
93 113 564
93 121 718
93 123 958
93 124 163
93 131 600
93 139 719
93 141 442
93 144 74
93 150 615
93 153 637
93 155 154
93 172 401
93 174 755
93 183 883
93 187 498
93 189 756
93 191 124
93 196 634
93 198 807
93 3 870
93 13 178
93 19 639
93 21 30
93 25 698
93 27 660
93 35 123
93 49 200
93 53 162
93 54 764
93 57 569
93 62 928
93 75 382
93 76 943
93 77 132
93 84 393
93 89 573
94 95 293
94 96 314
94 97 287
94 104 114
94 105 276
94 116 530
94 122 98
94 127 941
94 128 988
94 131 19
94 132 72
94 134 920
94 136 50
94 137 828
94 139 136
94 140 384
94 144 539
94 146 920
94 147 488
94 164 562
94 172 469
94 173 405
94 177 846
94 178 603
94 191 940
94 192 178
94 194 406
94 195 269
94 197 217
94 198 554
94 199 856
94 3 5
94 15 635
94 18 716
94 19 712
94 25 244
94 28 459
94 31 571
94 36 96
94 48 242
94 49 821
94 54 517
94 60 623
94 63 665
94 74 452
94 77 638
94 84 89
95 101 536
95 113 236
95 123 920
95 124 811
95 125 16
95 131 286
95 135 835
95 138 304
95 139 787
95 140 553
95 141 27
95 143 603
95 156 873
95 166 154
95 168 36
95 169 622
95 172 929
95 176 391
95 178 967
95 185 304
95 193 921
95 198 619
95 2 360
95 5 72
95 12 8
95 15 159
95 16 162
95 18 724
95 35 473
95 54 732
95 59 156
95 60 574
95 61 473
95 63 378
95 68 281
95 74 393
95 75 242
95 78 552
95 85 163
95 87 718
95 188 255
96 101 950
96 107 663
96 113 913
96 123 451
96 124 413
96 131 236
96 132 567
96 134 625
96 140 675
96 143 939
96 151 917
96 154 80
96 161 22
96 163 740
96 175 709
96 178 531
96 181 247
96 188 600
96 191 603
96 1 902
96 6 952
96 7 955
96 13 536
96 14 395
96 15 127
96 18 827
96 29 855
96 34 707
96 37 182
96 44 144
96 46 747
96 49 50
96 54 236
96 62 209
96 71 99
96 93 284
96 103 838
97 102 973
97 129 81
97 133 920
97 140 511
97 145 726
97 154 613
97 157 647
97 163 49
97 164 779
97 165 72
97 167 454
97 177 291
97 183 462
97 196 583
97 0 563
97 7 894
97 14 871
97 17 146
97 30 27
97 35 33
97 37 378
97 40 1
97 43 397
97 44 959
97 49 176
97 51 506
97 59 565
97 60 874
97 63 365
97 64 272
97 65 198
97 74 379
97 81 758
97 86 360
97 94 151
98 102 368
98 110 474
98 125 442
98 141 966
98 142 366
98 143 166
98 145 842
98 155 412
98 160 767
98 161 274
98 183 438
98 186 702
98 192 255
98 198 749
98 0 488
98 3 865
98 16 785
98 17 522
98 25 551
98 35 831
98 40 803
98 46 391
98 55 66
98 59 992
98 60 99
98 76 346
99 101 837
99 103 65
99 105 241
99 123 12
99 128 915
99 137 579
99 139 227
99 140 350
99 149 529
99 154 384
99 161 587
99 164 454
99 165 441
99 168 591
99 172 591
99 176 369
99 184 617
99 194 489
99 195 623
99 0 257
99 2 400
99 11 839
99 15 102
99 17 59
99 20 709
99 23 900
99 24 278
99 25 510
99 28 897
99 33 180
99 35 611
99 37 292
99 38 678
99 39 666
99 43 208
99 48 154
99 49 580
99 50 991
99 52 635
99 53 387
99 54 884
99 59 183
99 62 915
99 68 177
99 75 901
99 84 874
99 85 124
99 88 493
99 91 641
100 101 255
100 109 881
100 115 373
100 124 732
100 127 133
100 128 330
100 132 218
100 138 621
100 142 473
100 151 7
100 157 909
100 170 616
100 172 772
100 174 943
100 183 108
100 185 402
100 186 127
100 187 795
100 188 262
100 190 62
100 193 856
100 199 520
100 4 958
100 5 24
100 14 876
100 16 102
100 17 175
100 18 212
100 26 826
100 41 134
100 42 190
100 49 34
100 53 229
100 60 50
100 66 576
100 70 730
100 76 583
100 89 89
100 123 437
101 103 656
101 104 895
101 109 227
101 111 177
101 112 485
101 118 160
101 122 160
101 131 853
101 139 732
101 143 12
101 146 302
101 152 417
101 154 446
101 155 419
101 162 159
101 168 896
101 170 22
101 177 537
101 184 557
101 188 699
101 198 1
101 1 807
101 8 52
101 12 468
101 19 266
101 20 119
101 23 110
101 26 563
101 36 94
101 39 480
101 47 129
101 49 164
101 50 434
101 70 615
101 81 84
101 85 465
101 99 526
101 100 709
101 105 934
102 108 611
102 113 639
102 122 168
102 124 331
102 129 477
102 131 808
102 160 31
102 162 147
102 163 654
102 170 232
102 171 115
102 175 605
102 180 779
102 181 731
102 194 632
102 196 679
102 198 301
102 8 187
102 11 970
102 14 948
102 18 768
102 20 756
102 22 193
102 23 865
102 31 287
102 32 41
102 54 819
102 55 178
102 59 268
102 60 555
102 64 179
102 66 784
102 67 268
102 76 502
102 82 206
102 86 973
102 95 227
102 100 771
102 104 184
102 150 77
103 106 191
103 114 702
103 115 975
103 118 634
103 124 467
103 125 846
103 130 342
103 132 829
103 134 567
103 145 101
103 150 827
103 151 938
103 152 239
103 153 617
103 157 605
103 159 262
103 171 856
103 187 889
103 191 446
103 192 4
103 195 526
103 199 51
103 0 613
103 6 896
103 12 266
103 13 531
103 24 348
103 26 838
103 27 821
103 30 154
103 35 635
103 44 980
103 47 692
103 53 678
103 59 250
103 60 610
103 65 313
103 66 283
103 68 631
103 73 158
103 82 195
103 83 860
103 94 914
103 96 749
103 99 958
103 161 10
104 107 121
104 112 607
104 117 24
104 118 709
104 121 396
104 125 232
104 126 316
104 130 108
104 152 102
104 154 531
104 166 798
104 186 369
104 191 953
104 192 947
104 4 516
104 5 853
104 6 942
104 11 901
104 13 990
104 15 41
104 17 266
104 18 822
104 19 342
104 22 670
104 25 325
104 29 23
104 36 882
104 39 532
104 43 187
104 52 69
104 56 557
104 60 863
104 85 484
104 87 160
104 89 124
104 94 766
104 97 329
104 100 272
105 106 345
105 139 206
105 141 665
105 144 523
105 146 499
105 147 12
105 148 990
105 149 459
105 156 97
105 168 285
105 171 498
105 178 206
105 181 104
105 184 527
105 189 794
105 193 426
105 196 977
105 198 555
105 5 297
105 9 182
105 19 106
105 20 955
105 31 642
105 32 367
105 40 122
105 47 514
105 49 115
105 60 190
105 65 157
105 68 689
105 76 349
105 85 508
105 87 494
105 95 821
105 100 174
105 102 423
106 108 298
106 109 674
106 125 247
106 129 21
106 130 435
106 131 292
106 138 148
106 146 670
106 148 682
106 149 204
106 153 777
106 160 82
106 168 848
106 172 565
106 176 664
106 183 320
106 187 759
106 192 49
106 196 933
106 197 735
106 199 107
106 4 719
106 9 999
106 11 168
106 18 541
106 21 40
106 22 840
106 29 136
106 31 243
106 36 811
106 64 229
106 72 390
106 75 376
106 76 336
106 81 52
106 84 423
106 90 855
106 94 327
106 95 598
106 100 797
106 104 618
107 108 380
107 110 535
107 112 886
107 127 684
107 131 223
107 132 317
107 133 409
107 135 697
107 138 801
107 156 776
107 160 795
107 164 662
107 165 572
107 168 209
107 169 924
107 170 364
107 177 190
107 179 424
107 185 696
107 192 133
107 196 963
107 199 343
107 10 550
107 12 713
107 14 800
107 15 465
107 17 999
107 24 18
107 36 193
107 44 174
107 59 93
107 63 784
107 64 563
107 72 356
107 76 309
107 78 783
107 83 182
107 84 197
107 88 112
107 95 502
107 98 738
107 103 20
107 106 775
108 110 711
108 113 919
108 116 521
108 119 106
108 128 707
108 130 312
108 132 594
108 147 158
108 150 631
108 151 494
108 154 827
108 174 535
108 175 686
108 182 449
108 183 420
108 186 12
108 187 8
108 189 609
108 192 955
108 195 809
108 198 873
108 199 641
108 1 63
108 5 571
108 11 867
108 14 851
108 20 669
108 38 724
108 41 243
108 45 852
108 57 254
108 61 931
108 62 334
108 66 712
108 75 845
108 76 537
108 87 518
108 99 247
108 100 423
108 104 733
108 107 199
109 117 402
109 123 582
109 125 866
109 135 733
109 137 737
109 138 379
109 139 864
109 145 45
109 146 715
109 148 664
109 158 177
109 166 647
109 169 113
109 171 247
109 177 606
109 181 616
109 184 340
109 191 16
109 194 749
109 195 644
109 196 487
109 5 934
109 10 40
109 19 750
109 23 216
109 28 74
109 40 845
109 49 518
109 59 668
109 61 496
109 71 331
109 78 466
109 81 151
109 87 947
109 89 139
109 91 782
109 95 105
109 96 275
109 98 562
109 99 236
110 111 844
110 115 233
110 117 729
110 123 406
110 129 568
110 135 824
110 140 980
110 143 590
110 153 638
110 154 702
110 159 792
110 161 733
110 177 130
110 182 312
110 186 84
110 188 434
110 190 405
110 192 359
110 197 721
110 0 653
110 5 685
110 7 634
110 10 931
110 11 929
110 13 802
110 14 37
110 16 141
110 25 804
110 29 219
110 30 818
110 37 266
110 40 990
110 54 154
110 55 537
110 56 824
110 59 198
110 60 625
110 72 91
110 74 688
110 87 73
110 90 54
110 91 51
110 92 664
110 93 215
110 94 784
110 95 126
110 108 843
111 124 195
111 134 215
111 138 151
111 139 661
111 141 791
111 143 626
111 145 42
111 151 617
111 154 944
111 157 590
111 161 720
111 170 262
111 183 666
111 185 91
111 187 546
111 188 778
111 190 287
111 195 195
111 0 760
111 8 342
111 16 418
111 21 171
111 22 705
111 35 869
111 37 294
111 39 157
111 44 965
111 52 76
111 59 571
111 63 428
111 64 244
111 65 900
111 70 21
111 71 276
111 75 895
111 77 510
111 81 176
111 95 136
111 102 523
112 113 495
112 121 812
112 135 115
112 138 723
112 144 899
112 145 514
112 152 98
112 154 931
112 155 53
112 160 742
112 180 623
112 183 521
112 188 343
112 192 333
112 195 626
112 197 305
112 2 914
112 8 99
112 9 131
112 10 720
112 18 6
112 20 990
112 21 536
112 32 364
112 37 403
112 41 909
112 51 490
112 53 656
112 55 161
112 56 454
112 58 814
112 61 641
112 66 865
112 71 656
112 76 247
112 79 805
112 80 385
112 93 178
112 94 232
112 101 628
112 102 193
112 106 902
113 114 944
113 116 290
113 123 580
113 126 361
113 128 243
113 132 642
113 133 988
113 137 522
113 139 856
113 141 5
113 143 732
113 146 74
113 148 387
113 150 363
113 152 928
113 154 872
113 162 999
113 164 825
113 165 379
113 166 407
113 171 700
113 174 221
113 176 822
113 182 129
113 183 604
113 187 195
113 191 672
113 193 842
113 4 508
113 10 809
113 11 209
113 12 615
113 14 968
113 29 82
113 34 263
113 39 55
113 41 861
113 59 421
113 64 146
113 65 451
113 66 99
113 67 947
113 72 444
113 73 442
113 78 166
113 81 352
113 82 368
113 88 708
113 89 980
113 105 300
114 119 650
114 122 324
114 129 719
114 131 902
114 132 645
114 137 412
114 141 522
114 146 469
114 147 279
114 152 822
114 155 596
114 161 205
114 164 89
114 167 739
114 168 717
114 172 554
114 178 181
114 185 512
114 189 765
114 191 603
114 192 732
114 198 257
114 4 684
114 8 162
114 10 22
114 16 387
114 19 91
114 27 634
114 34 685
114 54 308
114 57 576
114 64 512
114 74 500
114 75 834
114 81 314
114 102 396
114 110 408
115 116 86
115 123 648
115 129 374
115 135 341
115 137 906
115 140 413
115 146 305
115 152 889
115 160 341
115 167 552
115 177 76
115 4 43
115 23 286
115 24 149
115 26 462
115 27 517
115 28 438
115 29 974
115 33 695
115 37 47
115 40 699
115 44 216
115 51 458
115 52 668
115 55 176
115 57 953
115 61 403
115 64 348
115 67 831
115 77 456
115 90 312
115 93 59
115 97 813
115 101 342
115 104 179
115 106 943
115 110 585
116 122 264
116 131 604
116 143 125
116 147 78
116 151 237
116 159 763
116 176 6
116 177 454
116 184 926
116 185 984
116 188 260
116 189 200
116 190 222
116 194 649
116 10 221
116 12 826
116 19 223
116 21 198
116 22 642
116 31 421
116 37 37
116 41 264
116 45 564
116 47 454
116 54 311
116 57 314
116 71 252
116 76 167
116 82 658
116 91 53
116 96 169
116 107 886
116 117 283
116 139 386
117 120 747
117 126 753
117 128 574
117 153 988
117 157 481
117 161 296
117 163 348
117 164 346
117 170 286
117 176 213
117 182 832
117 186 37
117 187 156
117 189 335
117 195 596
117 0 96
117 2 439
117 6 171
117 7 989
117 8 763
117 11 381
117 24 908
117 27 810
117 28 19
117 32 721
117 35 452
117 39 173
117 47 710
117 48 16
117 56 970
117 61 683
117 64 393
117 70 916
117 77 771
117 83 595
117 86 117
117 90 891
117 91 353
117 99 662
117 106 171
117 109 353
117 115 638
117 116 886
117 147 626
118 129 522
118 132 793
118 140 73
118 156 975
118 163 999
118 166 583
118 179 300
118 185 648
118 188 333
118 199 124
118 3 752
118 7 549
118 13 632
118 20 81
118 21 656
118 28 416
118 29 558
118 32 971
118 33 512
118 44 106
118 47 503
118 52 177
118 54 143
118 65 877
118 89 553
118 103 373
118 113 91
118 115 162
119 124 375
119 127 528
119 129 229
119 131 733
119 136 65
119 140 570
119 146 772
119 149 179
119 154 420
119 164 442
119 169 312
119 171 689
119 174 452
119 185 855
119 186 363
119 192 957
119 0 98
119 14 288
119 15 755
119 19 344
119 30 232
119 37 187
119 41 318
119 57 987
119 63 824
119 80 123
119 86 674
119 96 861
119 97 280
119 98 56
119 105 301
119 110 385
119 111 597
120 127 854
120 135 766
120 147 837
120 148 959
120 151 193
120 152 549
120 155 924
120 157 831
120 163 195
120 168 866
120 176 557
120 182 337
120 184 374
120 190 121
120 195 859
120 1 973
120 7 589
120 25 529
120 29 995
120 30 741
120 55 358
120 56 218
120 58 581
120 62 688
120 76 536
120 83 686
120 89 625
120 91 219
120 92 292
120 95 148
120 97 404
120 103 374
120 117 192
121 122 189
121 128 260
121 149 26
121 153 254
121 155 987
121 156 940
121 159 858
121 162 343
121 163 662
121 164 615
121 174 150
121 179 108
121 186 153
121 7 294
121 10 26
121 14 273
121 15 765
121 16 546
121 19 700
121 24 226
121 26 350
121 30 364
121 31 166
121 34 547
121 37 353
121 38 875
121 49 756
121 51 113
121 55 599
121 60 360
121 65 56
121 66 360
121 68 247
121 70 648
121 71 555
121 74 783
121 85 657
121 86 693
121 87 425
121 94 612
121 104 686
121 112 38
121 118 100
122 127 217
122 129 909
122 146 639
122 149 578
122 151 457
122 153 476
122 156 940
122 160 663
122 164 300
122 177 510
122 181 95
122 186 692
122 188 2
122 194 730
122 197 649
122 199 192
122 5 89
122 19 883
122 23 54
122 24 455
122 34 396
122 36 407
122 40 329
122 43 544
122 44 130
122 50 322
122 52 136
122 53 749
122 54 39
122 56 41
122 61 453
122 66 137
122 90 608
122 101 238
122 102 57
122 110 924
122 116 926
122 118 974
122 121 611
123 125 300
123 127 465
123 129 937
123 141 460
123 148 740
123 151 158
123 165 225
123 167 307
123 170 639
123 172 116
123 174 534
123 178 479
123 179 322
123 181 762
123 184 222
123 189 63
123 192 255
123 197 371
123 198 519
123 199 466
123 6 61
123 14 106
123 20 110
123 27 183
123 34 977
123 43 863
123 46 297
123 48 288
123 50 911
123 52 674
123 54 240
123 59 408
123 70 826
123 75 282
123 87 555
123 92 411
123 103 216
123 107 594
123 108 319
124 128 493
124 131 844
124 134 230
124 136 475
124 138 71
124 143 324
124 144 569
124 153 80
124 156 817
124 160 610
124 161 200
124 164 952
124 168 176
124 170 702
124 173 160
124 182 200
124 185 11
124 189 377
124 191 402
124 192 310
124 195 180
124 8 900
124 11 790
124 17 690
124 33 655
124 36 909
124 42 792
124 45 472
124 46 127
124 51 796
124 55 830
124 67 815
124 69 86
124 73 988
124 78 195
124 89 688
124 93 414
124 104 911
124 106 334
124 108 712
124 110 106
124 120 877
125 129 715
125 134 172
125 137 280
125 152 640
125 153 239
125 156 708
125 158 209
125 162 428
125 172 772
125 178 842
125 190 716
125 193 616
125 0 414
125 11 726
125 22 311
125 23 395
125 30 196
125 31 477
125 33 116
125 34 857
125 52 628
125 53 674
125 57 356
125 62 509
125 69 933
125 70 914
125 73 240
125 79 741
125 81 764
125 90 638
125 94 730
125 109 373
125 113 816
125 117 658
126 127 5
126 128 463
126 129 76
126 132 894
126 133 773
126 139 601
126 147 566
126 153 639
126 157 276
126 174 634
126 182 275
126 183 96
126 187 997
126 196 50
126 4 554
126 12 652
126 15 409
126 37 784
126 42 352
126 43 304
126 44 383
126 46 97
126 58 631
126 61 89
126 62 683
126 79 830
126 85 348
126 86 39
126 89 763
126 96 217
126 98 295
126 102 268
126 114 610
126 115 811
126 116 50
126 184 264
127 140 39
127 142 844
127 144 3
127 153 854
127 160 94
127 164 114
127 165 693
127 178 156
127 187 103
127 194 418
127 196 42
127 0 848
127 17 535
127 31 306
127 34 495
127 36 60
127 38 368
127 47 268
127 59 438
127 65 364
127 88 499
127 95 172
127 96 133
127 101 29
127 102 148
127 106 994
127 113 354
127 124 189
127 136 481
128 131 761
128 136 991
128 158 309
128 168 13
128 173 600
128 175 295
128 194 701
128 195 586
128 196 724
128 1 404
128 2 97
128 10 348
128 13 691
128 16 999
128 18 468
128 19 77
128 28 212
128 33 54
128 35 897
128 37 936
128 39 707
128 41 42
128 66 140
128 71 20
128 73 454
128 78 721
128 79 519
128 80 626
128 82 175
128 95 70
128 98 714
128 104 153
128 105 841
128 107 560
128 114 24
128 116 816
128 118 305
128 122 725
129 131 285
129 132 125
129 140 838
129 142 913
129 143 375
129 145 967
129 146 745
129 148 134
129 155 932
129 156 41
129 159 760
129 163 586
129 166 231
129 171 446
129 172 47
129 173 609
129 176 608
129 181 603
129 183 290
129 190 452
129 192 476
129 193 115
129 196 498
129 199 727
129 3 389
129 8 958
129 10 861
129 11 95
129 13 710
129 21 440
129 33 732
129 39 346
129 43 29
129 44 1
129 48 804
129 51 491
129 55 443
129 60 826
129 61 540
129 65 932
129 68 455
129 77 303
129 81 593
129 84 372
129 85 631
129 86 280
129 92 522
129 98 805
129 100 476
129 104 512
129 111 167
129 115 392
129 117 224
129 120 811
129 122 111
129 124 140
129 164 977
129 191 415
130 146 9
130 147 391
130 150 881
130 158 885
130 162 687
130 166 400
130 169 173
130 179 112
130 181 664
130 182 92
130 184 115
130 185 234
130 186 101
130 193 219
130 197 649
130 10 305
130 27 393
130 33 925
130 39 41
130 41 630
130 46 958
130 47 349
130 48 329
130 53 887
130 61 571
130 62 694
130 63 83
130 69 860
130 70 726
130 75 673
130 82 657
130 83 326
130 87 874
130 100 396
130 104 365
130 107 204
130 118 138
130 120 144
130 124 712
130 125 542
130 127 597
130 135 581
131 145 447
131 153 385
131 155 977
131 163 339
131 168 151
131 176 159
131 179 718
131 180 478
131 192 826
131 194 371
131 195 654
131 196 720
131 197 729
131 2 545
131 3 360
131 7 275
131 8 713
131 11 523
131 12 975
131 19 882
131 23 26
131 44 826
131 45 792
131 66 200
131 72 629
131 81 533
131 95 1
131 96 185
131 100 418
131 102 401
131 103 86
131 107 495
131 115 931
131 125 395
131 127 53
131 178 701
132 135 905
132 141 54
132 143 750
132 149 904
132 153 646
132 154 12
132 155 605
132 158 625
132 159 367
132 160 146
132 166 355
132 171 455
132 180 154
132 184 667
132 185 634
132 191 597
132 196 693
132 197 852
132 4 270
132 5 499
132 14 795
132 16 127
132 19 515
132 27 373
132 30 882
132 41 761
132 44 115
132 49 911
132 51 327
132 54 971
132 56 173
132 60 799
132 77 908
132 78 637
132 85 254
132 86 134
132 88 409
132 97 719
132 98 886
132 106 42
132 120 313
132 123 123
132 124 373
132 167 880
133 135 227
133 136 913
133 137 246
133 140 553
133 149 666
133 150 471
133 152 927
133 161 547
133 169 138
133 170 882
133 173 520
133 176 30
133 178 524
133 183 42
133 184 54
133 194 216
133 9 264
133 15 797
133 16 760
133 28 810
133 32 718
133 33 764
133 34 235
133 41 219
133 42 566
133 44 134
133 45 710
133 51 22
133 54 78
133 63 891
133 67 37
133 69 215
133 72 911
133 84 785
133 86 733
133 98 865
133 105 376
133 112 20
133 113 976
133 120 219
133 122 456
133 123 492
133 127 742
133 128 158
133 132 399
134 136 374
134 137 783
134 142 316
134 144 290
134 146 791
134 147 627
134 152 699
134 153 774
134 160 363
134 162 19
134 165 191
134 167 814
134 175 243
134 176 907
134 177 608
134 182 967
134 187 892
134 189 85
134 197 383
134 5 437
134 12 874
134 22 764
134 28 105
134 32 862
134 36 290
134 42 993
134 45 136
134 54 142
134 55 165
134 58 200
134 66 586
134 68 637
134 79 741
134 80 1
134 83 751
134 90 977
134 92 275
134 93 78
134 94 968
134 97 46
134 108 638
134 109 185
134 110 467
134 119 821
134 128 289
134 129 736
135 136 986
135 138 918
135 141 278
135 142 407
135 145 380
135 148 921
135 149 67
135 152 683
135 156 143
135 166 202
135 168 998
135 170 56
135 182 168
135 192 822
135 195 195
135 196 855
135 2 664
135 7 145
135 10 47
135 15 983
135 17 205
135 19 633
135 21 970
135 27 601
135 28 367
135 30 595
135 38 795
135 43 533
135 45 323
135 47 192
135 54 827
135 63 721
135 64 78
135 72 98
135 85 9
135 88 133
135 92 119
135 95 871
135 96 547
135 101 890
135 115 689
135 117 103
135 119 123
135 121 437
135 129 495
135 131 195
135 132 546
135 187 709
136 137 541
136 138 123
136 145 151
136 148 947
136 155 569
136 158 879
136 159 291
136 163 331
136 165 873
136 168 639
136 169 607
136 181 232
136 186 885
136 198 151
136 199 445
136 3 769
136 9 45
136 15 484
136 26 242
136 29 125
136 41 750
136 45 495
136 55 758
136 59 995
136 60 980
136 62 275
136 66 536
136 67 271
136 68 359
136 80 443
136 85 324
136 86 146
136 92 631
136 96 857
136 98 925
136 99 625
136 103 430
136 112 169
136 117 810
136 121 54
136 130 561
137 146 114
137 151 545
137 161 510
137 163 926
137 164 362
137 166 709
137 174 473
137 187 812
137 188 314
137 189 772
137 199 58
137 4 19
137 12 253
137 19 180
137 25 120
137 26 418
137 30 440
137 33 989
137 41 28
137 42 85
137 43 920
137 47 588
137 58 692
137 60 905
137 61 818
137 62 684
137 67 29
137 70 89
137 71 569
137 80 128
137 85 687
137 90 693
137 94 157
137 95 330
137 116 848
137 122 535
137 125 281
137 131 315
137 135 400
138 141 311
138 147 545
138 156 628
138 162 978
138 171 801
138 172 330
138 186 357
138 188 926
138 192 724
138 196 129
138 197 329
138 3 340
138 6 857
138 17 118
138 18 774
138 20 345
138 23 295
138 24 678
138 31 50
138 34 829
138 38 494
138 40 924
138 49 578
138 59 528
138 64 964
138 76 323
138 77 278
138 78 496
138 80 662
138 83 149
138 85 734
138 88 743
138 91 128
138 99 883
138 105 567
138 106 17
138 107 626
138 112 187
138 113 58
138 116 928
138 117 353
138 133 558
139 142 880
139 151 349
139 155 30
139 158 937
139 160 951
139 174 207
139 184 334
139 188 67
139 192 897
139 199 350
139 16 930
139 17 704
139 21 784
139 24 455
139 27 775
139 32 629
139 34 559
139 51 931
139 52 648
139 61 354
139 62 550
139 65 634
139 69 504
139 73 510
139 75 320
139 77 755
139 85 945
139 91 889
139 92 299
139 97 205
139 104 86
139 105 584
139 110 768
139 129 494
139 133 261
139 136 90
140 147 974
140 162 277
140 166 516
140 167 983
140 168 76
140 181 30
140 190 390
140 198 475
140 28 197
140 38 926
140 44 365
140 48 755
140 50 714
140 62 406
140 64 745
140 70 152
140 75 268
140 77 467
140 79 64
140 81 240
140 100 813
140 101 861
140 112 126
140 122 535
140 124 778
140 128 16
140 134 620
140 137 167
140 139 611
141 142 613
141 143 805
141 144 287
141 161 130
141 175 786
141 176 483
141 181 708
141 183 870
141 192 322
141 193 8
141 196 238
141 199 894
141 2 705
141 4 434
141 6 609
141 23 879
141 27 821
141 28 460
141 35 468
141 45 76
141 47 598
141 53 914
141 70 572
141 73 218
141 74 102
141 78 144
141 86 358
141 98 700
141 99 374
141 108 474
141 111 866
141 126 964
141 140 780
141 153 505
142 143 431
142 145 327
142 147 650
142 152 921
142 157 86
142 162 858
142 165 846
142 166 453
142 169 811
142 171 603
142 175 115
142 176 415
142 181 241
142 182 157
142 189 35
142 5 891
142 7 77
142 9 594
142 11 347
142 18 747
142 22 114
142 23 263
142 39 597
142 41 220
142 42 228
142 43 935
142 51 382
142 52 396
142 63 105
142 64 901
142 68 729
142 69 71
142 81 836
142 96 538
142 100 303
142 103 574
142 107 835
142 112 187
142 116 670
142 119 536
142 126 574
142 135 711
142 139 595
142 141 247
143 152 566
143 162 891
143 172 200
143 177 530
143 178 922
143 187 651
143 192 627
143 193 672
143 198 673
143 199 895
143 20 825
143 22 950
143 32 60
143 36 240
143 38 1
143 44 612
143 48 105
143 49 292
143 65 520
143 69 187
143 73 952
143 74 683
143 86 777
143 87 127
143 90 722
143 96 71
143 101 1000
143 104 81
143 109 193
143 117 254
143 131 882
143 134 273
143 136 789
143 140 481
144 150 710
144 152 405
144 153 301
144 155 946
144 158 148
144 164 42
144 166 726
144 167 826
144 175 970
144 176 802
144 179 946
144 183 823
144 184 921
144 192 917
144 0 383
144 3 277
144 6 951
144 13 366
144 16 416
144 19 435
144 25 307
144 32 915
144 37 278
144 46 438
144 55 969
144 62 791
144 71 77
144 75 901
144 78 974
144 83 715
144 91 441
144 93 562
144 115 801
144 126 517
144 128 874
144 138 253
145 146 282
145 151 106
145 159 166
145 166 895
145 170 192
145 173 802
145 183 15
145 184 576
145 188 618
145 196 266
145 2 980
145 5 257
145 10 965
145 12 392
145 16 574
145 21 313
145 27 750
145 30 846
145 37 27
145 39 622
145 42 548
145 45 696
145 50 881
145 51 259
145 58 847
145 67 977
145 87 453
145 99 295
145 100 266
145 106 237
145 109 599
145 110 91
145 111 818
145 119 266
145 120 835
145 121 67
145 139 220
145 141 801
146 175 857
146 176 879
146 177 733
146 186 875
146 190 797
146 192 751
146 193 608
146 194 437
146 197 83
146 8 458
146 20 354
146 23 640
146 24 808
146 26 17
146 27 140
146 32 18
146 38 55
146 40 758
146 45 276
146 46 435
146 50 975
146 53 421
146 60 695
146 65 431
146 71 536
146 73 825
146 81 44
146 88 910
146 90 660
146 93 828
146 98 233
146 108 476
146 113 557
146 115 76
146 119 819
146 123 125
146 125 606
146 132 918
146 143 970
146 144 799
147 148 710
147 153 910
147 155 726
147 158 627
147 161 727
147 164 392
147 166 281
147 177 548
147 186 92
147 7 545
147 10 939
147 12 831
147 16 597
147 19 754
147 20 214
147 21 24
147 26 659
147 27 734
147 30 376
147 45 298
147 52 809
147 54 921
147 61 582
147 64 469
147 67 626
147 73 634
147 82 148
147 84 958
147 85 606
147 93 356
147 94 936
147 101 885
147 104 429
147 107 990
147 110 222
147 113 652
147 121 135
147 123 957
147 128 806
147 130 419
147 137 867
147 140 672
147 141 587
147 170 775
148 155 116
148 172 622
148 180 927
148 192 287
148 197 900
148 2 378
148 5 239
148 7 360
148 8 207
148 10 552
148 20 198
148 22 895
148 23 214
148 24 420
148 25 717
148 29 448
148 31 610
148 38 480
148 43 259
148 48 666
148 49 818
148 56 233
148 61 605
148 68 550
148 72 906
148 75 366
148 77 933
148 78 394
148 88 34
148 90 921
148 92 193
148 99 33
148 104 633
148 114 518
148 117 215
148 121 396
148 122 30
148 124 535
148 125 899
148 130 819
148 133 507
148 135 717
148 140 938
149 150 264
149 157 657
149 168 802
149 169 92
149 172 185
149 174 287
149 175 556
149 178 743
149 179 569
149 180 119
149 190 568
149 191 599
149 198 490
149 8 978
149 12 527
149 15 208
149 19 335
149 22 197
149 23 396
149 25 569
149 27 646
149 30 159
149 38 332
149 40 572
149 43 944
149 48 945
149 54 476
149 58 51
149 83 137
149 90 656
149 92 469
149 106 953
149 109 385
149 111 457
149 121 732
149 123 200
149 128 755
149 139 724
149 141 955
149 143 37
149 144 536
150 154 877
150 159 226
150 160 95
150 161 502
150 163 327
150 167 603
150 177 897
150 179 155
150 181 958
150 185 352
150 190 284
150 192 188
150 199 821
150 1 569
150 11 451
150 19 854
150 20 242
150 27 203
150 28 425
150 30 486
150 35 922
150 36 475
150 38 231
150 46 8
150 54 483
150 56 218
150 58 647
150 60 396
150 61 235
150 67 169
150 80 80
150 83 964
150 85 39
150 86 453
150 99 428
150 102 322
150 105 794
150 106 530
150 107 76
150 112 499
150 117 328
150 118 83
150 119 557
150 125 64
150 127 183
150 138 417
150 140 529
150 147 121
150 149 647
151 159 122
151 160 708
151 163 787
151 164 859
151 169 486
151 176 244
151 183 563
151 186 893
151 190 48
151 197 936
151 199 309
151 0 891
151 5 941
151 15 122
151 17 473
151 19 926
151 25 212
151 27 153
151 29 507
151 37 331
151 39 790
151 41 1
151 45 446
151 52 473
151 56 772
151 59 578
151 77 507
151 79 201
151 81 112
151 87 205
151 95 630
151 100 604
151 103 781
151 106 334
151 125 373
151 129 178
151 133 517
151 136 919
151 137 358
151 139 593
151 140 878
151 148 670
151 150 821
152 153 620
152 170 802
152 172 310
152 180 312
152 181 792
152 184 948
152 187 940
152 188 634
152 189 980
152 193 137
152 7 592
152 8 502
152 11 938
152 19 33
152 20 17
152 29 689
152 42 576
152 52 368
152 53 243
152 57 469
152 59 944
152 65 851
152 66 266
152 79 890
152 83 596
152 91 382
152 92 329
152 96 851
152 97 41
152 102 906
152 107 413
152 114 976
152 115 412
152 116 902
152 118 266
152 121 739
152 126 742
152 134 68
152 141 127
152 149 860
152 156 44
153 155 0
153 159 753
153 167 924
153 170 682
153 174 679
153 176 512
153 185 57
153 190 740
153 193 175
153 198 401
153 1 181
153 3 55
153 4 935
153 8 755
153 9 490
153 15 511
153 19 444
153 25 831
153 30 253
153 34 975
153 36 338
153 38 408
153 42 603
153 57 969
153 59 487
153 61 362
153 70 58
153 79 174
153 80 12
153 82 936
153 89 437
153 92 778
153 103 374
153 109 974
153 113 216
153 127 929
153 128 684
153 142 812
153 143 844
153 144 741
153 145 21
153 152 60
154 155 424
154 157 18
154 158 622
154 164 991
154 165 591
154 173 232
154 188 979
154 193 265
154 199 820
154 2 58
154 4 621
154 16 500
154 19 985
154 21 447
154 23 868
154 27 748
154 37 103
154 39 60
154 41 517
154 51 453
154 53 287
154 56 609
154 59 685
154 60 33
154 61 745
154 62 495
154 69 230
154 81 342
154 82 227
154 91 369
154 92 200
154 97 413
154 101 975
154 104 384
154 110 147
154 112 605
154 113 384
154 120 108
154 122 423
154 128 591
154 134 897
154 136 952
154 142 115
155 156 588
155 164 718
155 165 98
155 170 152
155 171 755
155 175 819
155 180 37
155 186 183
155 188 487
155 189 630
155 191 529
155 192 499
155 199 360
155 3 88
155 5 642
155 6 272
155 7 933
155 15 372
155 20 424
155 21 949
155 26 53
155 38 379
155 39 24
155 41 307
155 51 379
155 55 28
155 63 346
155 83 694
155 85 163
155 90 448
155 92 823
155 98 707
155 99 708
155 101 404
155 107 439
155 109 730
155 114 74
155 115 535
155 120 648
155 132 205
155 136 690
155 139 649
155 140 702
155 145 262
155 148 553
155 149 448
155 150 171
155 153 48
156 158 470
156 160 333
156 173 872
156 176 1000
156 178 976
156 182 156
156 184 715
156 185 674
156 187 173
156 190 789
156 198 407
156 199 95
156 0 802
156 7 331
156 11 888
156 23 485
156 27 133
156 28 244
156 33 322
156 38 709
156 47 11
156 53 480
156 58 944
156 62 993
156 64 116
156 81 227
156 86 763
156 97 880
156 101 763
156 104 181
156 106 240
156 109 805
156 111 748
156 112 116
156 120 639
156 121 905
156 126 588
156 127 245
156 129 601
156 130 218
156 132 36
156 143 319
156 145 570
156 147 794
156 154 908
156 189 617
157 158 675
157 159 699
157 163 134
157 164 711
157 167 395
157 169 409
157 175 358
157 176 560
157 181 606
157 185 507
157 188 484
157 191 383
157 194 10
157 199 747
157 0 44
157 1 667
157 2 995
157 6 986
157 10 608
157 11 478
157 14 831
157 18 14
157 32 498
157 50 444
157 52 27
157 54 162
157 66 480
157 76 636
157 84 645
157 86 764
157 87 846
157 88 717
157 91 102
157 92 268
157 99 622
157 109 135
157 116 734
157 132 175
157 137 129
157 140 376
157 148 338
157 150 378
157 151 572
157 154 962
157 156 321
158 178 766
158 179 512
158 181 71
158 184 598
158 187 510
158 191 838
158 197 551
158 6 839
158 7 630
158 8 374
158 28 815
158 35 530
158 39 461
158 41 924
158 50 42
158 57 889
158 58 551
158 59 701
158 63 977
158 72 322
158 73 717
158 78 772
158 81 470
158 82 908
158 83 900
158 89 466
158 93 644
158 97 241
158 99 546
158 106 27
158 119 229
158 122 833
158 126 237
158 127 485
158 129 774
158 143 541
158 146 364
158 147 220
158 155 692
159 165 141
159 167 532
159 182 453
159 183 603
159 184 619
159 192 565
159 196 269
159 4 342
159 8 120
159 18 165
159 19 88
159 21 963
159 22 819
159 28 397
159 31 783
159 35 239
159 36 918
159 39 443
159 43 175
159 52 495
159 56 651
159 66 850
159 73 862
159 76 738
159 81 154
159 94 108
159 95 915
159 107 374
159 118 886
159 124 130
159 129 819
159 131 16
159 136 680
159 145 746
159 146 676
159 150 67
159 153 589
159 158 915
160 163 589
160 168 340
160 171 793
160 172 460
160 178 136
160 182 161
160 183 475
160 188 351
160 199 753
160 5 48
160 12 359
160 14 442
160 34 780
160 36 214
160 43 627
160 58 623
160 64 962
160 81 750
160 88 670
160 89 600
160 97 174
160 98 807
160 100 141
160 101 841
160 108 623
160 109 317
160 115 136
160 118 894
160 119 764
160 121 294
160 127 64
160 128 449
160 130 196
160 134 298
160 135 410
160 143 906
160 144 938
160 146 835
160 153 755
160 156 724
160 158 414
161 168 524
161 180 456
161 183 525
161 184 771
161 185 301
161 186 293
161 190 924
161 192 564
161 193 570
161 0 999
161 9 737
161 16 935
161 26 852
161 27 390
161 32 958
161 49 850
161 50 27
161 62 630
161 64 44
161 66 531
161 70 356
161 72 896
161 87 390
161 88 654
161 99 821
161 101 655
161 102 674
161 104 632
161 107 952
161 109 489
161 113 31
161 120 618
161 123 618
161 136 788
161 137 127
161 141 271
161 144 859
161 145 907
161 147 46
161 152 371
162 163 246
162 167 928
162 168 192
162 173 193
162 175 500
162 176 590
162 177 666
162 178 617
162 180 502
162 195 259
162 14 839
162 17 185
162 22 827
162 25 962
162 34 358
162 37 579
162 38 583
162 45 366
162 48 274
162 51 902
162 56 815
162 61 568
162 62 887
162 70 230
162 89 495
162 102 753
162 104 107
162 106 494
162 108 78
162 110 482
162 116 29
162 119 761
162 124 328
162 135 743
162 141 675
163 166 323
163 169 372
163 172 768
163 178 813
163 183 468
163 186 212
163 188 669
163 191 455
163 194 722
163 195 185
163 199 902
163 1 31
163 2 924
163 3 676
163 18 494
163 19 721
163 23 42
163 24 724
163 26 847
163 28 617
163 40 668
163 41 708
163 43 912
163 45 377
163 48 80
163 53 927
163 58 175
163 60 552
163 65 79
163 67 287
163 69 432
163 73 404
163 78 549
163 84 260
163 95 50
163 99 734
163 108 416
163 109 630
163 117 556
163 121 327
163 122 640
163 129 315
163 132 458
163 137 741
163 150 585
163 161 647
163 179 449
164 167 776
164 169 136
164 175 382
164 177 698
164 188 241
164 189 328
164 5 617
164 7 19
164 8 806
164 13 784
164 15 210
164 16 79
164 29 575
164 32 320
164 36 211
164 40 653
164 43 363
164 59 424
164 70 380
164 78 1
164 80 597
164 82 575
164 83 461
164 87 7
164 88 769
164 100 737
164 101 963
164 106 302
164 107 376
164 115 651
164 119 279
164 126 623
164 131 504
164 133 645
164 139 708
164 143 74
164 147 838
164 162 821
164 180 225
165 167 779
165 168 568
165 170 358
165 174 544
165 180 517
165 183 854
165 196 520
165 197 146
165 0 856
165 4 96
165 5 454
165 12 700
165 17 72
165 18 50
165 32 713
165 35 800
165 42 935
165 45 618
165 50 653
165 51 238
165 53 360
165 54 294
165 57 864
165 61 140
165 72 756
165 76 848
165 88 620
165 90 612
165 93 837
165 97 986
165 99 6
165 101 461
165 112 68
165 115 609
165 116 522
165 120 700
165 125 350
165 127 869
165 131 236
165 133 420
165 137 289
165 141 1
165 142 10
165 145 719
165 162 140
165 164 369
166 168 688
166 173 328
166 179 491
166 181 899
166 183 152
166 191 341
166 192 580
166 2 893
166 7 8
166 13 899
166 15 953
166 17 722
166 22 198
166 24 320
166 26 660
166 35 867
166 49 175
166 59 913
166 61 449
166 62 552
166 65 64
166 66 757
166 67 221
166 83 53
166 94 474
166 96 959
166 97 791
166 98 733
166 104 830
166 106 67
166 110 840
166 111 799
166 114 268
166 122 842
166 136 416
166 138 990
166 139 113
166 140 705
166 142 182
166 144 460
167 168 515
167 171 619
167 178 334
167 180 352
167 181 463
167 183 686
167 184 846
167 187 234
167 192 455
167 195 549
167 2 689
167 3 982
167 4 865
167 6 564
167 11 237
167 22 359
167 23 42
167 24 581
167 34 279
167 35 440
167 37 990
167 39 33
167 41 165
167 66 659
167 68 42
167 76 710
167 87 953
167 92 783
167 96 66
167 97 247
167 99 417
167 112 563
167 113 885
167 116 392
167 125 235
167 132 77
167 134 59
167 152 220
167 153 27
167 157 153
167 163 974
167 164 529
168 170 16
168 176 182
168 180 299
168 189 308
168 191 416
168 194 437
168 199 546
168 1 833
168 2 380
168 7 71
168 14 305
168 16 871
168 20 445
168 21 192
168 22 785
168 24 84
168 27 527
168 33 467
168 56 329
168 62 293
168 65 480
168 69 293
168 72 755
168 75 265
168 76 441
168 81 268
168 87 193
168 97 491
168 98 70
168 102 958
168 103 98
168 113 741
168 114 490
168 116 692
168 127 467
168 128 893
168 130 726
168 132 429
168 133 889
168 135 0
168 141 386
168 144 567
168 147 240
168 155 343
168 162 11
168 165 297
169 173 512
169 189 422
169 197 143
169 8 764
169 13 155
169 14 100
169 18 567
169 26 984
169 27 650
169 32 31
169 41 261
169 42 321
169 43 307
169 48 631
169 54 906
169 55 23
169 57 509
169 59 215
169 68 541
169 71 176
169 74 849
169 86 767
169 106 888
169 115 841
169 118 896
169 124 499
169 127 72
169 128 677
169 153 492
169 156 47
169 157 320
169 158 190
169 163 73
169 165 213
170 175 616
170 179 397
170 180 3
170 184 337
170 197 501
170 5 405
170 11 523
170 14 441
170 20 365
170 24 262
170 27 407
170 30 522
170 34 421
170 36 119
170 38 366
170 46 819
170 47 22
170 50 8
170 54 125
170 64 659
170 67 921
170 76 212
170 80 351
170 85 532
170 102 70
170 105 46
170 116 547
170 120 125
170 124 40
170 125 412
170 138 164
170 147 57
170 158 744
170 161 950
170 165 513
171 174 684
171 178 455
171 184 991
171 185 550
171 196 528
171 4 741
171 10 956
171 11 520
171 14 13
171 15 655
171 28 204
171 33 540
171 43 82
171 60 47
171 63 951
171 65 523
171 66 222
171 70 253
171 76 612
171 80 751
171 87 204
171 95 12
171 96 791
171 101 970
171 103 339
171 113 208
171 118 255
171 120 404
171 121 346
171 122 636
171 143 336
171 145 366
171 158 90
171 160 658
171 161 901
171 162 329
171 166 186
171 168 333
171 170 44
172 177 411
172 183 999
172 194 474
172 196 895
172 198 477
172 8 992
172 20 804
172 24 41
172 33 301
172 36 623
172 49 860
172 61 900
172 64 400
172 76 677
172 83 37
172 85 211
172 92 823
172 94 857
172 97 156
172 98 225
172 100 228
172 116 755
172 117 85
172 133 234
172 134 933
172 135 855
172 145 818
172 153 585
173 179 260
173 185 17
173 186 796
173 195 529
173 11 127
173 17 124
173 18 537
173 21 78
173 32 321
173 37 468
173 40 134
173 42 911
173 44 585
173 55 845
173 62 991
173 64 265
173 65 338
173 69 798
173 79 749
173 86 309
173 93 550
173 103 291
173 104 270
173 109 159
173 110 815
173 111 65
173 112 718
173 116 195
173 117 582
173 120 978
173 123 840
173 130 750
173 139 170
173 141 736
173 142 847
173 143 283
173 145 225
173 152 347
173 154 216
173 168 895
174 183 882
174 186 178
174 189 187
174 196 758
174 197 38
174 2 256
174 7 757
174 13 671
174 14 375
174 18 164
174 24 929
174 34 171
174 35 258
174 46 278
174 52 178
174 53 573
174 54 296
174 66 30
174 68 388
174 70 169
174 73 242
174 83 523
174 87 540
174 90 823
174 100 179
174 104 464
174 112 314
174 113 721
174 118 608
174 129 552
174 137 941
174 139 177
174 146 754
174 147 758
174 153 702
174 160 548
174 162 459
174 172 291
175 177 32
175 186 359
175 187 478
175 192 57
175 197 437
175 1 787
175 9 590
175 16 825
175 17 832
175 19 341
175 20 443
175 23 290
175 26 780
175 27 23
175 34 353
175 39 794
175 43 40
175 49 118
175 51 565
175 57 346
175 65 965
175 67 5
175 71 304
175 74 129
175 75 120
175 76 579
175 80 169
175 87 829
175 97 392
175 113 663
175 120 647
175 121 581
175 123 794
175 126 71
175 127 981
175 135 370
175 138 128
175 139 169
175 140 946
175 145 252
175 148 828
176 177 273
176 183 902
176 188 550
176 194 572
176 196 806
176 5 33
176 8 125
176 10 73
176 15 459
176 20 493
176 24 446
176 27 185
176 32 317
176 33 244
176 41 319
176 46 699
176 47 416
176 52 596
176 53 691
176 54 510
176 62 828
176 66 189
176 70 312
176 87 365
176 90 96
176 92 46
176 94 297
176 95 695
176 98 213
176 108 63
176 117 311
176 121 7
176 126 859
176 133 442
176 144 457
176 157 614
176 158 44
176 160 14
176 167 702
176 171 554
176 173 254
176 195 924
177 181 796
177 185 900
177 188 182
177 189 352
177 192 477
177 194 344
177 3 679
177 4 171
177 14 393
177 19 160
177 20 460
177 22 86
177 23 47
177 28 887
177 38 987
177 39 474
177 42 647
177 44 254
177 52 633
177 55 822
177 57 161
177 58 662
177 59 938
177 64 558
177 69 154
177 71 880
177 72 521
177 74 226
177 81 808
177 87 590
177 88 230
177 89 348
177 98 590
177 99 448
177 100 823
177 101 154
177 104 961
177 108 413
177 112 745
177 122 724
177 124 16
177 130 434
177 140 278
177 145 263
177 146 875
177 152 89
177 165 765
177 167 608
178 180 2
178 182 145
178 186 4
178 188 423
178 194 375
178 5 405
178 13 269
178 15 431
178 18 405
178 28 719
178 32 737
178 36 191
178 42 399
178 45 412
178 50 966
178 55 599
178 56 179
178 59 446
178 65 386
178 76 845
178 78 747
178 80 765
178 96 409
178 97 495
178 103 246
178 104 572
178 109 546
178 119 168
178 128 998
178 142 496
178 146 832
178 147 689
178 150 27
178 152 679
178 157 977
178 158 159
178 165 258
179 185 316
179 190 160
179 199 213
179 1 202
179 23 874
179 37 205
179 38 529
179 56 886
179 63 818
179 81 148
179 85 473
179 92 244
179 105 55
179 107 918
179 110 293
179 115 938
179 116 684
179 120 766
179 126 357
179 130 624
179 142 862
179 144 962
179 146 114
179 151 847
179 157 681
179 158 286
179 164 187
179 165 904
179 169 130
179 174 659
179 176 941
180 190 103
180 196 616
180 199 414
180 19 460
180 26 755
180 31 629
180 44 55
180 45 846
180 48 104
180 52 928
180 53 796
180 55 187
180 56 672
180 59 450
180 62 930
180 66 673
180 69 493
180 72 478
180 77 407
180 82 654
180 100 321
180 105 170
180 106 252
180 108 62
180 115 515
180 119 138
180 126 997
180 127 112
180 131 722
180 132 370
180 133 538
180 146 173
180 150 986
180 158 628
180 161 42
180 164 908
180 178 653
181 186 118
181 5 617
181 7 225
181 9 342
181 11 400
181 12 658
181 23 682
181 25 918
181 35 800
181 41 801
181 48 658
181 50 94
181 52 876
181 55 910
181 66 57
181 71 371
181 90 251
181 94 111
181 99 450
181 101 360
181 106 537
181 108 996
181 110 970
181 115 562
181 118 939
181 131 601
181 133 6
181 135 773
181 143 655
181 151 958
181 155 659
181 158 137
181 159 707
181 165 180
181 169 492
181 175 174
181 176 302
181 178 6
182 184 169
182 185 768
182 188 152
182 191 69
182 194 273
182 196 726
182 13 390
182 14 656
182 16 921
182 23 776
182 27 539
182 29 871
182 35 589
182 36 261
182 40 506
182 41 290
182 50 620
182 56 525
182 63 386
182 66 482
182 67 198
182 71 360
182 89 161
182 90 140
182 94 972
182 97 35
182 98 761
182 106 831
182 107 652
182 109 201
182 112 14
182 125 506
182 126 267
182 128 459
182 135 240
182 136 914
182 146 175
182 149 795
182 150 758
182 152 443
182 154 933
182 164 51
182 166 84
182 173 214
182 177 608
182 181 201
182 186 125
183 192 528
183 198 473
183 8 368
183 11 689
183 20 844
183 22 614
183 33 792
183 38 486
183 45 555
183 48 362
183 68 851
183 69 769
183 73 951
183 83 946
183 86 299
183 100 83
183 105 228
183 115 951
183 118 482
183 119 941
183 125 314
183 137 542
183 149 671
183 151 760
183 153 581
183 157 442
183 158 370
183 160 620
183 161 594
183 162 997
183 163 735
183 165 347
183 170 417
183 174 240
183 181 76
183 193 269
183 196 882
184 189 889
184 190 615
184 194 672
184 1 33
184 5 32
184 10 693
184 18 934
184 25 51
184 26 988
184 27 743
184 29 637
184 31 456
184 40 242
184 43 348
184 44 440
184 45 775
184 46 172
184 66 367
184 72 966
184 84 168
184 85 159
184 93 572
184 96 830
184 98 763
184 100 297
184 107 856
184 137 816
184 141 396
184 143 76
184 144 308
184 155 295
184 174 860
184 177 336
184 181 92
185 10 55
185 13 56
185 19 437
185 22 959
185 31 899
185 34 883
185 36 913
185 44 649
185 47 271
185 50 524
185 56 117
185 58 845
185 60 324
185 61 137
185 65 931
185 67 370
185 85 22
185 87 664
185 89 30
185 92 342
185 96 621
185 105 224
185 110 118
185 112 367
185 116 217
185 120 382
185 126 177
185 131 657
185 135 207
185 142 523
185 143 624
185 150 101
185 157 250
185 158 944
185 159 910
185 163 327
185 165 84
185 173 629
185 174 406
185 176 536
185 177 773
185 183 157
186 187 5
186 190 293
186 194 322
186 199 77
186 2 29
186 5 997
186 9 636
186 10 787
186 16 64
186 58 188
186 59 585
186 60 359
186 64 472
186 66 392
186 71 8
186 87 182
186 90 860
186 92 593
186 99 747
186 101 254
186 102 458
186 107 378
186 111 97
186 113 470
186 119 789
186 128 401
186 129 442
186 138 483
186 141 880
186 144 803
186 146 552
186 156 906
186 165 533
186 171 783
186 172 966
186 174 228
186 178 996
186 181 586
186 184 181
187 189 252
187 198 864
187 199 905
187 3 406
187 10 294
187 22 856
187 24 68
187 48 320
187 49 588
187 50 832
187 56 753
187 58 3
187 59 318
187 62 888
187 64 375
187 71 73
187 78 515
187 84 319
187 99 800
187 101 741
187 104 571
187 105 160
187 107 911
187 109 853
187 139 639
187 144 664
187 146 2
187 153 942
187 155 62
187 160 774
187 164 73
187 165 995
188 190 5
188 198 946
188 3 267
188 5 816
188 7 855
188 10 219
188 11 461
188 16 155
188 17 171
188 18 392
188 19 14
188 20 559
188 24 466
188 27 271
188 32 896
188 37 113
188 38 528
188 39 382
188 46 53
188 49 823
188 60 118
188 61 932
188 63 813
188 68 572
188 72 10
188 73 260
188 79 392
188 91 230
188 97 150
188 98 270
188 99 837
188 103 755
188 108 121
188 112 360
188 115 20
188 120 145
188 121 281
188 124 12
188 125 724
188 127 846
188 130 206
188 135 951
188 140 462
188 148 383
188 150 940
188 152 863
188 165 409
188 169 659
188 170 567
188 173 462
188 175 458
188 178 659
188 179 643
188 181 391
188 183 356
188 184 258
188 187 884
189 194 961
189 199 549
189 0 193
189 5 607
189 11 453
189 14 418
189 21 519
189 27 354
189 30 286
189 33 796
189 39 305
189 44 990
189 49 868
189 56 816
189 76 379
189 82 909
189 83 250
189 86 564
189 99 942
189 100 868
189 103 379
189 119 157
189 121 309
189 122 780
189 123 404
189 124 821
189 127 791
189 131 380
189 133 805
189 135 808
189 138 406
189 143 941
189 150 258
189 156 143
189 159 74
189 169 903
189 177 340
189 183 894
189 184 556
190 192 769
190 1 801
190 4 500
190 6 760
190 7 290
190 10 551
190 14 415
190 18 240
190 22 617
190 23 413
190 26 407
190 29 52
190 32 740
190 38 35
190 39 242
190 46 415
190 47 302
190 51 327
190 52 299
190 59 753
190 73 692
190 86 298
190 88 223
190 94 431
190 95 348
190 98 257
190 105 682
190 108 908
190 111 657
190 112 403
190 128 752
190 131 426
190 133 299
190 141 878
190 150 367
190 153 530
190 165 676
190 182 414
191 193 771
191 194 453
191 197 314
191 4 890
191 21 305
191 22 614
191 24 203
191 27 257
191 33 506
191 36 588
191 42 92
191 45 477
191 46 141
191 69 188
191 71 645
191 73 140
191 75 636
191 82 538
191 83 280
191 84 445
191 86 164
191 87 360
191 108 440
191 114 413
191 117 935
191 119 336
191 127 865
191 133 925
191 139 626
191 145 343
191 151 156
191 154 698
191 159 24
191 160 520
191 170 868
191 172 727
191 174 605
191 179 657
191 180 619
192 199 37
192 4 908
192 8 827
192 11 770
192 15 319
192 18 854
192 22 859
192 26 275
192 27 850
192 28 984
192 29 725
192 37 312
192 38 781
192 39 740
192 40 643
192 41 265
192 44 256
192 59 509
192 63 17
192 78 201
192 89 36
192 98 594
192 101 37
192 105 692
192 128 299
192 134 634
192 142 196
192 143 895
192 150 578
192 152 887
192 158 844
192 161 692
192 166 468
192 183 925
192 187 202
192 188 857
192 191 408
192 194 946
193 195 105
193 4 256
193 10 883
193 13 414
193 15 517
193 17 292
193 20 190
193 28 389
193 33 349
193 40 236
193 47 652
193 48 722
193 52 644
193 59 561
193 65 940
193 68 462
193 74 570
193 75 937
193 84 838
193 85 837
193 88 748
193 89 94
193 93 903
193 96 374
193 102 336
193 105 438
193 114 595
193 117 212
193 126 204
193 134 707
193 138 866
193 139 192
193 140 350
193 143 272
193 151 992
193 155 529
193 156 373
193 161 872
193 162 871
193 167 764
193 168 202
193 169 972
193 172 829
193 175 772
193 181 100
193 182 415
193 192 494
194 195 742
194 197 221
194 0 911
194 10 608
194 15 539
194 20 930
194 27 754
194 31 944
194 36 906
194 51 705
194 56 432
194 59 873
194 62 416
194 70 569
194 74 211
194 76 352
194 84 36
194 85 71
194 97 428
194 99 388
194 104 874
194 107 101
194 108 459
194 110 835
194 111 285
194 115 816
194 127 854
194 132 709
194 136 162
194 140 394
194 143 194
194 149 80
194 159 139
194 165 880
194 167 551
194 179 494
194 181 841
194 191 498
195 199 468
195 1 821
195 7 231
195 12 844
195 19 896
195 26 413
195 41 8
195 54 90
195 59 923
195 69 561
195 72 793
195 77 172
195 82 134
195 84 545
195 89 32
195 97 278
195 98 940
195 99 159
195 100 590
195 102 726
195 105 591
195 108 947
195 114 564
195 118 881
195 126 214
195 127 500
195 128 101
195 130 336
195 133 782
195 149 292
195 150 287
195 162 726
195 166 434
195 171 361
195 172 507
195 188 937
196 2 838
196 4 328
196 5 233
196 8 336
196 10 469
196 15 404
196 16 959
196 17 620
196 18 639
196 24 819
196 26 423
196 27 264
196 29 619
196 32 826
196 37 374
196 39 180
196 42 105
196 46 174
196 51 745
196 54 499
196 59 437
196 68 870
196 71 886
196 73 75
196 76 129
196 79 690
196 91 62
196 102 188
196 103 917
196 106 388
196 113 870
196 124 969
196 131 205
196 132 910
196 144 641
196 151 820
196 153 134
196 158 518
196 159 10
196 163 825
196 175 442
196 177 943
196 182 39
196 183 869
196 191 727
196 192 727
196 194 272
197 198 291
197 199 627
197 5 982
197 6 192
197 14 561
197 15 903
197 17 322
197 18 235
197 23 423
197 34 525
197 38 883
197 44 393
197 52 997
197 53 78
197 57 776
197 59 511
197 65 877
197 67 901
197 92 763
197 96 437
197 97 72
197 100 902
197 106 978
197 118 123
197 121 614
197 129 559
197 133 663
197 137 515
197 138 670
197 143 921
197 146 434
197 151 593
197 161 430
197 162 667
197 167 591
197 169 142
197 171 141
197 177 96
197 179 642
197 183 417
197 187 237
197 190 746
197 192 779
197 193 393
197 194 317
198 1 516
198 7 799
198 8 302
198 11 455
198 13 135
198 16 430
198 19 981
198 21 138
198 28 910
198 31 350
198 38 825
198 44 146
198 55 109
198 58 484
198 64 49
198 75 442
198 78 765
198 80 127
198 84 700
198 86 268
198 89 855
198 96 308
198 103 473
198 109 819
198 116 309
198 117 946
198 122 758
198 127 224
198 129 470
198 138 824
198 139 815
198 148 181
198 158 453
198 164 788
198 174 320
198 175 150
198 178 138
198 182 66
198 188 561
198 192 532
198 193 734
199 9 359
199 16 979
199 19 100
199 21 922
199 26 635
199 29 123
199 31 979
199 32 616
199 35 25
199 36 280
199 39 610
199 41 6
199 47 39
199 49 937
199 57 349
199 62 671
199 82 141
199 88 363
199 93 53
199 105 20
199 108 743
199 112 804
199 122 6
199 126 109
199 132 509
199 135 509
199 136 878
199 138 500
199 147 402
199 157 155
199 158 862
199 159 140
199 162 883
199 180 528
199 183 587
199 189 496
199 192 509
199 195 994
