50 516 0
0 6 879
0 9 145
0 19 191
0 20 464
0 22 115
0 23 488
0 25 352
0 28 724
0 32 982
0 45 264
0 1 133
0 3 28
0 16 989
0 30 213
0 34 370
0 40 343
0 43 484
1 12 983
1 33 299
1 42 303
1 43 959
1 46 899
1 0 981
1 2 566
1 4 651
1 8 334
1 9 188
1 11 607
1 47 82
2 4 105
2 18 546
2 23 594
2 25 315
2 34 160
2 35 385
2 49 919
2 15 150
2 24 968
2 26 128
3 6 823
3 7 228
3 9 323
3 11 520
3 16 248
3 21 242
3 28 772
3 31 188
3 37 298
3 41 381
3 42 429
3 46 679
3 47 47
3 5 881
3 27 135
4 21 615
4 29 21
4 33 403
4 37 79
4 41 719
4 46 74
4 49 135
4 3 430
4 6 306
5 6 563
5 11 426
5 16 758
5 22 948
5 26 145
5 36 605
5 38 432
5 42 305
5 43 652
5 45 363
5 2 86
5 3 254
6 7 455
6 8 647
6 12 378
6 17 652
6 22 971
6 25 541
6 30 59
6 31 385
6 36 418
6 38 8
6 43 427
6 49 985
6 0 745
6 3 922
6 10 328
6 13 451
7 9 208
7 13 380
7 15 300
7 18 975
7 28 482
7 36 93
7 38 973
7 5 189
7 42 815
8 12 111
8 45 283
8 46 114
8 7 571
8 23 620
9 10 704
9 20 157
9 26 814
9 28 719
9 33 456
9 37 950
9 39 408
9 48 189
9 0 786
9 4 431
9 38 442
10 21 178
10 22 253
10 27 982
10 28 464
10 39 348
10 41 959
10 42 535
10 0 145
10 2 363
11 16 473
11 20 646
11 28 652
11 32 88
11 35 494
11 44 773
11 46 208
11 2 301
11 4 1
11 5 850
11 6 715
11 25 459
11 31 633
11 33 473
12 17 7
12 23 223
12 24 305
12 31 117
12 49 787
12 1 644
12 5 308
12 14 558
13 14 623
13 21 159
13 23 434
13 35 723
13 36 769
13 39 482
13 40 94
13 42 694
13 43 509
13 47 778
13 49 983
13 7 237
13 18 556
13 19 780
13 41 415
14 29 286
14 31 647
14 34 22
14 36 123
14 37 276
14 39 904
14 40 684
14 42 41
14 48 0
14 7 262
14 17 407
14 35 538
14 49 911
15 17 595
15 27 727
15 32 405
15 43 455
15 46 104
15 48 764
15 4 258
15 5 362
15 12 290
15 21 892
16 17 773
16 19 688
16 28 930
16 39 200
16 40 609
16 43 87
16 44 36
16 3 72
16 8 811
16 14 268
17 23 312
17 26 546
17 30 348
17 42 121
17 9 542
17 14 880
18 36 255
18 37 912
18 39 942
18 43 780
18 45 167
18 0 69
18 4 424
18 6 881
18 10 296
18 11 289
18 12 532
18 14 137
18 44 587
19 20 535
19 23 642
19 25 215
19 27 544
19 35 107
19 3 420
19 9 978
19 11 649
19 16 556
19 17 413
19 18 759
20 22 797
20 24 925
20 25 807
20 35 285
20 42 299
20 43 452
20 17 380
20 19 581
21 26 643
21 28 141
21 37 160
21 44 126
21 47 713
21 48 123
21 49 390
21 2 410
21 6 605
21 8 479
21 11 142
21 13 573
21 14 684
21 15 306
21 19 362
21 20 647
22 27 484
22 31 760
22 34 425
22 35 223
22 38 488
22 40 500
22 45 711
22 46 513
22 47 325
22 2 504
22 4 667
22 7 981
22 8 61
22 19 454
22 29 307
22 32 146
23 24 763
23 34 507
23 38 53
23 39 908
23 0 636
23 9 220
23 36 26
23 45 363
24 25 482
24 28 400
24 37 909
24 38 10
24 42 866
24 3 539
24 5 68
24 8 703
24 14 887
24 17 83
24 19 702
25 28 972
25 39 759
25 45 946
25 49 685
25 1 404
25 12 6
25 24 369
26 29 42
26 38 118
26 39 635
26 41 3
26 49 276
26 4 894
26 7 655
26 24 716
27 41 299
27 44 744
27 49 922
27 3 232
27 4 144
27 5 769
27 12 586
27 13 294
27 14 195
27 17 107
27 21 444
27 24 471
28 34 733
28 42 338
28 45 393
28 1 172
28 5 338
28 11 431
28 14 663
28 17 918
29 30 703
29 32 445
29 36 151
29 9 458
29 11 955
29 18 725
29 21 151
29 23 536
29 24 323
30 35 132
30 39 213
30 42 932
30 44 191
30 4 454
30 10 357
30 21 808
30 24 398
31 34 437
31 39 826
31 40 503
31 0 398
31 1 747
31 4 225
31 6 814
31 7 200
31 21 449
31 23 962
31 24 209
31 25 600
31 28 727
32 35 50
32 39 927
32 42 397
32 46 34
32 49 239
32 1 648
32 2 86
32 23 891
33 36 191
33 41 372
33 44 58
33 10 760
33 11 653
33 14 693
33 20 177
33 30 238
34 38 625
34 43 304
34 45 627
34 1 88
34 13 721
34 15 889
34 19 524
34 23 769
34 28 291
34 30 789
35 1 898
35 3 904
35 5 361
35 20 421
35 31 469
36 43 55
36 46 647
36 4 713
36 5 528
36 6 681
36 8 979
36 15 664
36 24 977
36 28 560
36 34 952
37 45 752
37 6 956
37 7 440
37 8 594
37 18 465
37 19 501
37 21 260
37 22 721
37 23 487
37 32 220
37 34 345
37 35 272
37 36 43
38 43 44
38 44 53
38 46 166
38 4 358
38 20 3
38 24 296
38 35 670
38 48 7
39 44 143
39 1 65
39 5 805
39 11 438
39 19 696
39 26 227
40 43 993
40 44 623
40 8 406
40 15 571
40 26 943
40 28 226
40 32 464
40 37 197
41 42 347
41 46 622
41 48 104
41 5 620
41 8 904
41 16 87
41 19 813
41 23 326
41 32 330
41 40 548
42 44 466
42 45 914
42 49 332
42 4 261
42 5 29
42 6 534
42 10 45
42 12 194
42 13 377
42 22 82
42 35 214
42 37 890
42 40 537
43 45 354
43 6 192
43 7 857
43 12 206
43 13 257
43 15 688
43 23 746
43 24 753
43 25 308
43 28 319
43 32 529
43 41 880
44 48 393
44 49 260
44 4 493
44 10 352
44 11 892
44 31 729
44 34 245
44 39 45
44 42 313
44 43 956
44 46 565
45 2 74
45 3 9
45 4 471
45 9 507
45 14 741
45 15 448
45 19 48
45 21 939
45 24 828
45 31 422
45 35 505
46 0 471
46 5 450
46 8 120
46 13 87
46 15 83
46 16 246
46 22 101
46 27 846
46 34 783
46 35 157
47 0 423
47 8 905
47 20 941
47 30 218
47 36 451
47 44 627
48 1 78
48 8 837
48 9 437
48 16 572
48 19 772
48 26 907
48 29 849
48 36 403
48 37 40
48 38 981
49 3 184
49 6 255
49 17 501
49 30 225
49 35 131
49 39 860
49 41 891
49 42 285
