100 5113 0
0 1 53
0 2 176
0 6 872
0 13 897
0 15 753
0 20 50
0 22 631
0 23 250
0 24 468
0 25 89
0 27 965
0 29 692
0 34 934
0 38 228
0 39 853
0 42 433
0 43 974
0 44 414
0 46 542
0 48 421
0 51 714
0 53 563
0 54 324
0 55 767
0 57 623
0 58 920
0 59 16
0 60 351
0 61 60
0 65 479
0 67 786
0 69 933
0 70 419
0 73 579
0 74 35
0 76 641
0 83 608
0 86 781
0 87 864
0 89 874
0 90 811
0 91 382
0 92 870
0 93 457
0 94 387
0 97 896
0 98 596
0 99 939
0 19 323
0 68 718
1 3 114
1 4 460
1 7 51
1 10 89
1 11 265
1 16 900
1 17 367
1 18 94
1 20 696
1 22 49
1 30 430
1 31 601
1 32 552
1 34 770
1 37 652
1 38 491
1 39 295
1 42 106
1 43 342
1 45 712
1 46 973
1 48 430
1 49 963
1 50 962
1 54 6
1 55 7
1 56 22
1 60 439
1 62 988
1 65 567
1 67 921
1 68 539
1 71 66
1 72 122
1 74 385
1 76 525
1 77 490
1 79 356
1 81 100
1 82 407
1 83 816
1 84 777
1 85 64
1 86 607
1 87 226
1 88 916
1 90 785
1 94 594
1 95 870
1 97 278
1 12 716
1 59 499
2 4 92
2 6 493
2 7 109
2 9 662
2 10 162
2 11 136
2 12 204
2 16 862
2 17 207
2 19 737
2 20 294
2 21 62
2 24 701
2 27 16
2 31 90
2 34 942
2 35 889
2 36 206
2 38 625
2 40 727
2 43 604
2 50 928
2 54 582
2 55 775
2 61 49
2 62 142
2 70 922
2 72 718
2 73 129
2 75 245
2 76 790
2 77 332
2 78 670
2 81 857
2 83 66
2 87 239
2 92 365
2 93 886
2 94 304
2 98 113
2 3 160
2 53 875
3 5 820
3 6 953
3 12 243
3 16 891
3 17 566
3 18 611
3 19 550
3 21 86
3 22 785
3 23 910
3 24 773
3 25 352
3 26 882
3 27 524
3 33 464
3 34 629
3 35 812
3 36 955
3 38 861
3 39 512
3 40 1
3 41 89
3 45 314
3 46 139
3 47 791
3 48 943
3 50 545
3 51 914
3 56 552
3 57 82
3 58 583
3 60 402
3 62 135
3 63 464
3 68 771
3 70 112
3 71 544
3 72 579
3 74 475
3 75 739
3 76 840
3 79 779
3 90 485
3 92 287
3 94 554
3 95 787
3 0 667
3 2 506
3 11 19
4 9 541
4 13 315
4 14 569
4 17 420
4 19 955
4 21 125
4 22 963
4 25 561
4 27 536
4 28 298
4 29 359
4 31 463
4 32 549
4 34 573
4 36 345
4 37 697
4 38 39
4 39 779
4 41 758
4 43 898
4 45 832
4 46 968
4 50 295
4 51 623
4 54 544
4 59 561
4 60 792
4 61 209
4 64 805
4 65 109
4 70 215
4 72 817
4 73 500
4 74 701
4 77 809
4 80 378
4 81 717
4 82 400
4 85 528
4 86 555
4 88 877
4 90 874
4 92 710
4 94 15
4 96 670
4 98 190
4 99 423
4 3 330
4 5 526
5 8 155
5 9 507
5 10 866
5 11 223
5 14 181
5 15 712
5 17 848
5 19 937
5 20 192
5 22 726
5 24 895
5 25 927
5 26 925
5 27 193
5 28 583
5 32 452
5 34 588
5 35 822
5 36 59
5 39 572
5 46 619
5 48 144
5 51 205
5 52 23
5 53 354
5 56 788
5 67 643
5 68 688
5 71 857
5 72 534
5 74 337
5 78 458
5 80 782
5 81 958
5 83 95
5 84 917
5 89 29
5 90 458
5 92 113
5 94 476
5 96 335
5 97 868
5 98 151
5 99 873
5 0 74
5 1 104
5 58 390
6 7 157
6 15 385
6 16 711
6 20 493
6 21 342
6 25 876
6 27 649
6 29 293
6 31 195
6 32 300
6 34 704
6 35 162
6 37 656
6 38 186
6 39 310
6 43 56
6 45 162
6 46 550
6 48 818
6 50 203
6 52 751
6 53 801
6 54 95
6 55 164
6 56 933
6 57 958
6 61 933
6 63 744
6 64 667
6 67 39
6 70 803
6 72 115
6 75 350
6 77 768
6 78 899
6 79 292
6 81 70
6 85 492
6 91 430
6 94 576
6 95 184
6 96 592
6 99 71
6 3 925
6 13 815
7 8 226
7 14 30
7 15 168
7 16 730
7 17 514
7 19 629
7 21 698
7 22 333
7 27 820
7 28 238
7 31 498
7 34 407
7 35 256
7 38 514
7 39 747
7 41 352
7 44 82
7 45 570
7 48 530
7 49 278
7 50 746
7 51 896
7 52 544
7 54 294
7 55 322
7 57 628
7 61 240
7 62 47
7 63 590
7 66 263
7 67 680
7 68 646
7 70 528
7 71 220
7 74 107
7 75 299
7 76 839
7 77 273
7 78 885
7 82 114
7 83 949
7 84 741
7 85 730
7 86 245
7 87 474
7 89 615
7 90 422
7 91 830
7 93 402
7 94 857
7 95 389
7 96 358
7 99 246
7 0 430
7 4 930
7 5 245
7 6 979
7 10 735
8 9 312
8 10 769
8 11 758
8 12 511
8 14 633
8 15 814
8 17 97
8 18 265
8 20 457
8 22 675
8 25 185
8 27 497
8 30 627
8 34 637
8 35 186
8 36 870
8 39 572
8 41 42
8 42 246
8 43 907
8 45 362
8 46 977
8 47 665
8 48 56
8 49 785
8 50 266
8 52 922
8 53 133
8 57 418
8 58 626
8 59 604
8 61 940
8 62 957
8 63 981
8 65 958
8 68 946
8 69 384
8 72 838
8 74 593
8 76 780
8 78 223
8 81 833
8 82 677
8 83 715
8 86 719
8 87 914
8 89 362
8 91 386
8 92 791
8 98 218
8 1 344
8 16 365
9 11 730
9 12 456
9 13 262
9 17 674
9 18 309
9 22 306
9 25 321
9 27 460
9 28 327
9 32 849
9 35 339
9 36 273
9 37 668
9 38 263
9 41 792
9 45 497
9 46 351
9 47 39
9 49 788
9 52 645
9 54 488
9 62 237
9 66 3
9 67 503
9 69 609
9 70 209
9 71 857
9 72 929
9 74 974
9 75 286
9 78 223
9 79 439
9 81 179
9 83 523
9 85 856
9 87 842
9 89 444
9 90 644
9 93 18
9 96 106
9 97 271
9 99 406
9 0 572
9 1 547
9 2 158
9 6 731
10 11 673
10 12 216
10 13 917
10 21 826
10 23 893
10 25 484
10 30 309
10 31 920
10 32 646
10 34 294
10 35 442
10 36 51
10 40 53
10 45 393
10 46 1000
10 50 719
10 51 404
10 52 840
10 53 651
10 55 811
10 56 494
10 57 272
10 58 786
10 59 904
10 60 279
10 61 187
10 65 308
10 66 744
10 68 931
10 71 398
10 73 589
10 75 765
10 76 999
10 82 923
10 85 796
10 90 486
10 92 485
10 93 948
10 95 547
10 96 785
10 97 130
10 98 190
10 99 247
10 2 784
10 3 174
10 4 334
10 6 648
10 7 208
10 9 80
10 17 406
10 18 665
11 15 181
11 18 232
11 19 60
11 20 482
11 21 537
11 24 483
11 25 838
11 26 33
11 27 991
11 28 713
11 30 51
11 32 973
11 37 103
11 39 848
11 40 572
11 41 921
11 42 804
11 45 301
11 47 955
11 49 493
11 50 926
11 51 151
11 55 543
11 57 710
11 58 259
11 60 908
11 61 953
11 67 224
11 68 975
11 70 737
11 72 445
11 74 545
11 77 346
11 79 661
11 81 505
11 83 301
11 86 689
11 87 871
11 89 799
11 90 789
11 91 760
11 93 871
11 95 618
11 97 811
11 0 764
11 1 196
11 5 275
11 7 778
11 9 87
11 10 227
12 13 626
12 15 73
12 17 524
12 18 899
12 19 515
12 21 541
12 22 105
12 25 652
12 26 850
12 28 559
12 30 161
12 31 705
12 32 904
12 34 713
12 36 42
12 39 145
12 43 607
12 44 132
12 45 404
12 48 353
12 49 531
12 50 318
12 51 996
12 52 915
12 54 295
12 57 889
12 59 270
12 60 806
12 61 705
12 62 14
12 63 944
12 64 335
12 65 130
12 66 257
12 69 240
12 71 72
12 73 810
12 79 974
12 80 538
12 82 866
12 83 280
12 85 680
12 87 643
12 88 92
12 90 834
12 91 194
12 92 541
12 94 320
12 95 403
12 0 866
12 1 574
12 3 1000
12 4 440
12 6 284
12 9 364
13 15 526
13 18 536
13 19 812
13 20 44
13 21 563
13 22 241
13 26 326
13 27 569
13 30 610
13 31 437
13 32 320
13 33 689
13 35 339
13 37 123
13 40 21
13 41 934
13 43 195
13 45 406
13 48 900
13 49 228
13 52 337
13 54 648
13 55 591
13 60 704
13 63 950
13 65 890
13 66 525
13 69 161
13 70 753
13 72 658
13 73 304
13 74 791
13 76 36
13 77 241
13 78 473
13 80 319
13 82 109
13 83 112
13 86 279
13 89 420
13 90 617
13 99 449
13 0 476
13 3 700
13 4 312
13 5 384
13 6 422
13 10 76
13 11 671
13 12 47
14 16 742
14 19 919
14 21 211
14 25 938
14 27 652
14 28 552
14 29 729
14 32 212
14 33 207
14 35 442
14 39 873
14 43 368
14 44 846
14 46 246
14 47 492
14 48 261
14 51 802
14 52 547
14 53 670
14 57 719
14 59 706
14 60 18
14 63 54
14 67 255
14 69 424
14 70 779
14 71 862
14 72 870
14 73 837
14 74 618
14 76 280
14 77 439
14 78 529
14 80 631
14 81 39
14 83 875
14 85 115
14 89 92
14 90 296
14 92 114
14 94 545
14 95 177
14 98 928
14 1 747
14 5 600
14 8 728
14 10 936
14 12 270
14 13 998
14 64 323
14 79 997
15 16 189
15 20 339
15 21 793
15 22 639
15 23 422
15 24 731
15 27 445
15 28 214
15 29 475
15 30 88
15 33 722
15 34 711
15 35 767
15 36 53
15 38 790
15 39 354
15 40 29
15 41 656
15 42 353
15 46 413
15 47 266
15 49 522
15 50 125
15 52 928
15 53 128
15 61 852
15 63 554
15 65 114
15 66 756
15 68 139
15 70 687
15 71 769
15 74 967
15 77 669
15 83 272
15 84 889
15 85 418
15 86 878
15 88 235
15 89 494
15 92 19
15 97 203
15 98 556
15 99 32
15 2 431
15 3 685
15 5 250
15 8 644
15 9 466
15 12 113
15 14 438
15 48 592
16 17 36
16 19 244
16 22 271
16 25 630
16 26 437
16 27 90
16 28 112
16 29 61
16 30 217
16 31 354
16 33 261
16 34 932
16 36 30
16 37 134
16 39 16
16 40 947
16 41 13
16 42 676
16 44 856
16 48 578
16 49 607
16 50 18
16 51 943
16 52 707
16 55 231
16 56 306
16 57 76
16 58 215
16 59 949
16 63 762
16 66 616
16 71 495
16 75 880
16 77 947
16 78 273
16 79 512
16 81 445
16 82 940
16 88 485
16 90 407
16 92 306
16 95 837
16 96 262
16 99 453
16 0 28
16 1 263
16 3 885
16 5 252
16 9 665
16 12 654
16 13 147
16 15 477
16 32 736
17 18 761
17 20 944
17 21 964
17 22 641
17 23 108
17 24 382
17 27 81
17 31 615
17 32 281
17 33 296
17 34 484
17 36 147
17 37 225
17 38 764
17 39 898
17 41 697
17 45 555
17 47 811
17 48 285
17 51 258
17 52 809
17 53 278
17 58 677
17 62 346
17 64 408
17 65 152
17 66 366
17 71 1000
17 72 150
17 73 777
17 74 266
17 75 913
17 78 433
17 79 808
17 83 407
17 85 488
17 87 869
17 88 702
17 90 754
17 92 852
17 93 38
17 95 812
17 96 416
17 97 807
17 0 143
17 1 573
17 2 95
17 4 13
17 6 252
17 11 76
17 12 108
17 13 851
17 15 496
17 25 550
17 61 211
18 19 448
18 20 502
18 21 602
18 23 762
18 24 927
18 25 766
18 27 826
18 28 555
18 29 450
18 31 454
18 34 576
18 36 827
18 37 240
18 38 400
18 39 798
18 41 212
18 42 390
18 47 29
18 48 569
18 50 451
18 51 907
18 53 825
18 54 477
18 57 176
18 60 335
18 61 938
18 63 741
18 64 175
18 67 120
18 71 140
18 74 551
18 75 6
18 76 891
18 77 909
18 78 408
18 81 287
18 83 709
18 84 470
18 87 211
18 88 138
18 92 347
18 93 998
18 97 660
18 0 698
18 1 795
18 2 874
18 4 656
18 6 584
18 7 884
18 8 194
18 9 327
18 11 288
18 12 125
18 13 583
18 15 637
18 16 111
18 17 241
19 21 50
19 24 548
19 25 897
19 26 98
19 27 393
19 31 378
19 32 398
19 34 607
19 35 310
19 37 595
19 38 594
19 39 868
19 42 783
19 44 199
19 46 783
19 50 32
19 51 484
19 53 606
19 55 631
19 56 616
19 57 673
19 59 815
19 60 720
19 62 679
19 64 755
19 65 14
19 66 8
19 67 199
19 68 440
19 69 410
19 70 504
19 73 416
19 75 219
19 77 864
19 78 41
19 79 75
19 83 614
19 84 548
19 87 458
19 88 886
19 92 254
19 94 543
19 96 847
19 97 283
19 99 37
19 0 654
19 2 836
19 3 433
19 8 854
19 9 189
19 10 750
19 11 263
19 14 463
19 15 590
19 18 772
19 36 919
19 72 615
20 22 2
20 23 126
20 24 170
20 25 107
20 26 751
20 27 399
20 32 457
20 35 680
20 36 943
20 37 419
20 38 718
20 39 500
20 40 996
20 41 220
20 46 857
20 47 303
20 48 696
20 49 258
20 50 915
20 51 99
20 56 711
20 57 713
20 60 552
20 61 347
20 65 157
20 69 724
20 70 210
20 72 695
20 76 87
20 77 467
20 79 565
20 83 440
20 86 583
20 88 171
20 89 258
20 90 924
20 96 708
20 97 969
20 98 78
20 99 678
20 0 882
20 1 990
20 4 609
20 5 845
20 6 809
20 9 344
20 12 453
20 16 35
20 17 762
20 18 636
21 23 758
21 25 990
21 27 441
21 28 25
21 29 75
21 30 868
21 35 811
21 37 482
21 40 885
21 43 353
21 44 135
21 45 192
21 47 286
21 48 188
21 49 269
21 52 96
21 53 993
21 57 525
21 58 558
21 62 375
21 64 662
21 67 115
21 69 492
21 70 282
21 71 897
21 72 442
21 75 916
21 77 560
21 79 89
21 80 821
21 81 151
21 83 261
21 85 668
21 86 355
21 88 324
21 91 692
21 92 54
21 93 485
21 97 607
21 98 323
21 2 760
21 3 736
21 5 951
21 6 914
21 7 863
21 8 822
21 9 699
21 12 922
21 14 194
21 15 398
21 16 868
21 18 407
21 19 537
21 84 299
22 23 223
22 24 428
22 28 342
22 29 707
22 30 645
22 33 232
22 34 291
22 35 408
22 38 996
22 39 980
22 40 201
22 41 262
22 43 346
22 46 107
22 48 845
22 49 115
22 51 898
22 52 60
22 53 76
22 54 709
22 56 718
22 57 838
22 59 875
22 63 314
22 64 545
22 67 599
22 69 355
22 71 703
22 72 505
22 73 334
22 74 295
22 76 38
22 77 91
22 81 366
22 82 984
22 83 85
22 84 347
22 85 336
22 87 88
22 88 795
22 89 750
22 91 256
22 92 124
22 93 877
22 95 181
22 97 321
22 0 991
22 1 711
22 2 30
22 4 589
22 5 145
22 7 820
22 8 204
22 9 416
22 11 107
22 13 958
22 14 77
22 19 737
23 24 221
23 25 858
23 26 589
23 27 156
23 28 951
23 29 741
23 30 170
23 32 484
23 33 243
23 34 76
23 37 823
23 38 572
23 39 546
23 41 485
23 42 59
23 43 176
23 44 609
23 46 60
23 50 360
23 52 136
23 54 17
23 55 360
23 57 859
23 59 962
23 60 200
23 62 676
23 64 618
23 65 382
23 68 325
23 70 407
23 71 829
23 72 442
23 74 867
23 78 552
23 79 623
23 81 681
23 82 834
23 84 548
23 85 646
23 86 46
23 88 335
23 89 10
23 90 806
23 92 222
23 94 714
23 95 758
23 96 69
23 97 322
23 2 835
23 3 431
23 6 436
23 8 267
23 12 735
23 14 152
23 15 203
23 17 957
23 22 57
23 31 29
23 67 634
23 87 790
24 26 526
24 28 449
24 29 436
24 30 909
24 32 533
24 33 383
24 34 316
24 35 817
24 37 196
24 38 121
24 39 524
24 40 755
24 43 429
24 47 421
24 51 375
24 52 104
24 53 286
24 55 580
24 56 118
24 58 836
24 59 564
24 61 462
24 63 389
24 64 749
24 65 5
24 66 230
24 67 55
24 68 214
24 69 681
24 71 39
24 72 507
24 76 139
24 77 885
24 78 919
24 79 206
24 88 720
24 90 568
24 92 909
24 94 974
24 97 815
24 98 189
24 99 809
24 2 121
24 3 802
24 7 297
24 8 897
24 11 75
24 12 985
24 14 984
24 18 762
24 19 513
24 21 861
24 22 414
24 23 593
24 45 889
24 57 622
25 26 722
25 30 617
25 37 827
25 39 511
25 43 543
25 44 261
25 45 13
25 46 740
25 49 488
25 54 88
25 55 856
25 56 182
25 57 35
25 58 688
25 60 529
25 63 715
25 64 527
25 68 268
25 69 151
25 70 473
25 72 147
25 75 197
25 79 65
25 83 353
25 84 993
25 85 120
25 86 930
25 88 407
25 91 368
25 92 384
25 93 617
25 95 948
25 96 715
25 97 332
25 98 207
25 99 338
25 2 970
25 4 779
25 5 167
25 7 897
25 9 990
25 10 456
25 11 521
25 16 231
25 18 176
25 19 607
25 22 732
25 24 912
26 30 687
26 32 218
26 34 50
26 38 177
26 39 565
26 42 445
26 48 797
26 49 60
26 52 658
26 53 888
26 54 605
26 55 426
26 58 765
26 59 539
26 64 97
26 66 461
26 70 710
26 71 889
26 74 953
26 75 306
26 76 859
26 77 154
26 79 945
26 81 640
26 82 710
26 87 515
26 88 882
26 91 988
26 92 204
26 94 251
26 96 870
26 97 660
26 99 432
26 1 30
26 4 961
26 6 865
26 9 813
26 10 400
26 11 188
26 14 614
26 17 451
26 19 112
26 22 305
26 24 118
26 25 546
26 44 722
27 28 286
27 30 565
27 31 260
27 34 394
27 36 134
27 38 278
27 39 123
27 40 450
27 41 62
27 42 380
27 43 752
27 47 37
27 48 491
27 49 784
27 50 228
27 51 190
27 55 150
27 56 827
27 60 347
27 61 825
27 63 246
27 65 616
27 66 523
27 67 837
27 68 840
27 69 466
27 71 465
27 72 701
27 73 361
27 74 435
27 75 366
27 77 4
27 78 983
27 80 121
27 84 131
27 85 212
27 86 272
27 89 492
27 90 417
27 95 146
27 96 707
27 97 953
27 98 696
27 6 895
27 7 318
27 9 365
27 11 219
27 13 757
27 15 472
27 18 609
27 19 706
27 21 901
27 23 933
27 25 283
27 26 797
28 29 154
28 30 724
28 31 615
28 32 340
28 35 691
28 36 117
28 37 212
28 38 829
28 41 282
28 42 189
28 44 873
28 45 531
28 46 457
28 48 819
28 49 337
28 50 656
28 51 160
28 53 999
28 55 343
28 57 426
28 58 436
28 59 28
28 60 410
28 61 663
28 62 793
28 63 869
28 64 179
28 65 299
28 66 353
28 68 850
28 69 27
28 70 425
28 71 683
28 73 178
28 77 647
28 78 809
28 79 768
28 80 721
28 82 189
28 84 649
28 88 117
28 89 575
28 90 770
28 91 452
28 96 11
28 97 58
28 99 691
28 1 908
28 3 684
28 4 369
28 6 756
28 11 357
28 12 40
28 13 130
28 14 8
28 15 859
28 16 700
28 21 30
28 23 902
28 24 990
28 74 701
29 30 662
29 31 256
29 32 698
29 33 298
29 36 327
29 37 838
29 39 872
29 42 788
29 43 186
29 47 561
29 48 258
29 49 827
29 50 881
29 55 583
29 56 492
29 59 126
29 60 14
29 62 724
29 63 974
29 64 166
29 66 104
29 67 42
29 68 923
29 69 717
29 71 887
29 72 187
29 75 772
29 77 15
29 80 496
29 81 322
29 87 634
29 89 727
29 90 63
29 91 194
29 92 229
29 93 324
29 97 135
29 98 987
29 99 569
29 0 486
29 5 188
29 7 678
29 8 307
29 9 826
29 11 840
29 14 71
29 15 531
29 16 483
29 17 746
29 19 83
29 20 462
29 22 44
29 24 299
29 28 953
30 33 544
30 34 870
30 35 924
30 36 837
30 38 856
30 42 95
30 43 983
30 44 578
30 45 979
30 47 179
30 48 473
30 49 677
30 50 534
30 53 100
30 54 827
30 56 234
30 57 785
30 58 684
30 59 457
30 60 570
30 61 503
30 63 918
30 64 125
30 65 778
30 67 2
30 70 258
30 71 452
30 74 574
30 76 483
30 78 812
30 80 187
30 81 990
30 84 540
30 87 807
30 88 975
30 89 324
30 90 882
30 94 75
30 97 571
30 98 690
30 3 762
30 4 486
30 5 127
30 7 913
30 9 62
30 13 919
30 14 35
30 17 60
30 18 607
30 21 482
30 23 639
30 25 787
30 26 880
30 29 836
30 95 350
31 32 509
31 33 221
31 34 345
31 35 286
31 37 544
31 38 37
31 44 11
31 45 104
31 47 365
31 48 542
31 53 554
31 55 511
31 59 938
31 60 283
31 61 187
31 62 792
31 63 577
31 65 308
31 70 448
31 71 436
31 72 21
31 82 560
31 83 271
31 84 389
31 86 235
31 87 583
31 89 340
31 90 755
31 91 501
31 93 889
31 94 391
31 96 224
31 98 712
31 99 666
31 0 492
31 1 600
31 2 600
31 3 197
31 6 205
31 9 20
31 15 552
31 18 380
31 19 933
31 21 728
31 22 641
31 23 2
31 24 224
31 26 796
31 28 58
31 30 849
31 51 471
32 33 631
32 34 751
32 35 309
32 36 478
32 37 139
32 39 930
32 40 733
32 42 926
32 43 144
32 46 730
32 47 104
32 50 361
32 55 236
32 57 804
32 58 579
32 59 374
32 62 506
32 63 624
32 67 925
32 72 567
32 73 285
32 74 643
32 75 992
32 76 165
32 77 147
32 80 575
32 85 980
32 87 420
32 88 661
32 90 32
32 91 931
32 93 153
32 96 621
32 97 501
32 1 54
32 3 855
32 4 362
32 5 777
32 6 665
32 8 271
32 9 314
32 10 559
32 11 477
32 13 498
32 15 332
32 17 209
32 19 838
32 20 725
32 22 358
32 23 902
32 25 501
32 26 297
32 28 617
32 29 597
32 31 221
33 34 172
33 35 485
33 36 245
33 40 726
33 41 42
33 42 437
33 45 282
33 47 886
33 48 467
33 50 195
33 52 72
33 53 233
33 54 574
33 55 654
33 56 434
33 57 118
33 58 918
33 59 303
33 61 472
33 62 1
33 64 638
33 65 238
33 68 431
33 70 99
33 71 483
33 72 394
33 73 848
33 75 814
33 78 786
33 84 570
33 86 721
33 88 385
33 93 382
33 98 522
33 0 123
33 1 393
33 3 147
33 4 332
33 5 1
33 9 621
33 10 68
33 13 517
33 15 56
33 16 397
33 17 984
33 18 238
33 23 823
33 25 142
33 27 516
33 30 540
34 35 736
34 36 590
34 37 333
34 38 638
34 39 734
34 43 671
34 44 124
34 45 612
34 46 134
34 47 415
34 48 733
34 50 17
34 54 667
34 56 63
34 59 329
34 61 869
34 62 802
34 66 867
34 67 383
34 71 793
34 72 862
34 73 459
34 74 218
34 78 592
34 79 132
34 83 260
34 84 229
34 87 431
34 88 646
34 89 757
34 95 371
34 96 943
34 97 836
34 98 969
34 0 74
34 1 838
34 5 749
34 6 184
34 8 241
34 9 94
34 10 522
34 11 668
34 12 12
34 13 839
34 15 529
34 16 333
34 17 139
34 18 169
34 22 490
34 24 103
34 25 626
34 28 347
34 29 34
34 30 375
34 32 149
34 33 249
35 39 246
35 42 287
35 43 564
35 44 371
35 48 975
35 49 530
35 52 50
35 53 849
35 54 273
35 56 650
35 57 569
35 60 392
35 61 632
35 64 771
35 65 626
35 66 841
35 67 738
35 68 965
35 69 292
35 72 418
35 73 539
35 74 671
35 78 840
35 79 580
35 80 871
35 83 702
35 84 285
35 86 588
35 90 442
35 92 463
35 93 750
35 96 329
35 97 866
35 99 740
35 1 26
35 2 146
35 3 374
35 4 83
35 9 222
35 10 57
35 13 812
35 16 796
35 20 676
35 23 756
35 24 644
35 27 961
35 28 212
35 31 842
35 32 848
35 76 540
36 38 438
36 40 312
36 44 477
36 45 116
36 46 668
36 47 134
36 48 543
36 50 435
36 51 621
36 52 10
36 54 529
36 57 275
36 61 604
36 64 13
36 66 392
36 67 680
36 68 12
36 70 966
36 71 98
36 72 145
36 74 805
36 76 878
36 79 247
36 84 452
36 86 648
36 87 958
36 90 493
36 92 100
36 96 919
36 99 110
36 6 511
36 8 686
36 12 405
36 15 640
36 17 641
36 19 297
36 20 171
36 21 683
36 22 162
36 23 315
36 25 88
36 26 611
36 27 611
36 28 586
36 31 737
36 32 195
36 33 738
36 34 831
36 35 517
36 56 2
37 38 687
37 41 590
37 45 429
37 47 510
37 51 497
37 54 515
37 56 883
37 57 640
37 58 689
37 60 611
37 61 460
37 62 730
37 64 147
37 66 551
37 68 893
37 71 726
37 73 884
37 75 778
37 77 693
37 78 661
37 79 88
37 83 56
37 86 706
37 87 686
37 90 939
37 95 855
37 96 557
37 99 681
37 1 735
37 2 704
37 5 387
37 6 660
37 7 714
37 8 73
37 9 522
37 10 934
37 11 963
37 13 973
37 14 452
37 15 361
37 17 122
37 19 397
37 22 108
37 27 144
37 28 503
37 31 41
37 32 94
37 34 302
37 36 832
37 50 307
38 42 129
38 45 33
38 47 907
38 49 844
38 51 680
38 52 500
38 53 872
38 56 634
38 57 344
38 58 676
38 60 574
38 64 777
38 65 756
38 69 920
38 70 224
38 72 393
38 74 775
38 76 575
38 77 479
38 78 183
38 81 279
38 82 914
38 83 751
38 84 254
38 86 915
38 88 999
38 89 214
38 93 569
38 96 729
38 97 103
38 98 665
38 99 669
38 0 59
38 1 386
38 2 172
38 3 669
38 4 282
38 5 380
38 7 242
38 8 436
38 9 69
38 10 487
38 11 150
38 17 799
38 18 563
38 19 600
38 21 916
38 22 888
38 23 14
38 24 901
38 26 973
38 27 921
38 30 707
38 33 594
38 36 344
38 37 179
38 63 671
39 41 928
39 43 447
39 44 450
39 45 65
39 49 956
39 57 709
39 58 12
39 61 512
39 62 298
39 64 26
39 66 116
39 67 497
39 69 746
39 71 385
39 73 836
39 74 786
39 76 26
39 81 23
39 82 925
39 84 177
39 85 67
39 87 776
39 89 389
39 96 389
39 97 952
39 0 360
39 3 625
39 5 919
39 7 467
39 8 472
39 9 37
39 10 688
39 11 895
39 12 815
39 13 154
39 18 401
39 19 944
39 20 16
39 23 639
39 24 161
39 25 758
39 29 829
39 30 710
39 33 283
39 37 930
39 38 720
40 41 165
40 44 188
40 50 429
40 53 107
40 54 762
40 55 636
40 56 66
40 57 907
40 58 944
40 60 361
40 61 128
40 64 998
40 65 222
40 66 303
40 67 714
40 68 518
40 69 945
40 70 938
40 73 959
40 74 206
40 76 373
40 77 116
40 82 679
40 87 710
40 89 975
40 93 210
40 95 858
40 97 59
40 5 300
40 6 719
40 9 54
40 11 733
40 17 975
40 20 470
40 21 422
40 22 45
40 23 408
40 24 139
40 25 100
40 27 95
40 28 867
40 30 668
40 31 283
40 33 115
40 34 406
40 36 75
40 37 474
40 39 627
41 42 689
41 45 731
41 46 672
41 47 389
41 51 369
41 53 500
41 56 79
41 57 251
41 58 435
41 59 229
41 61 296
41 63 836
41 65 541
41 67 553
41 73 511
41 74 167
41 76 352
41 77 727
41 79 223
41 81 176
41 83 692
41 85 53
41 87 277
41 88 884
41 90 63
41 92 14
41 93 821
41 95 671
41 96 536
41 98 302
41 4 643
41 5 614
41 6 72
41 7 831
41 11 226
41 13 281
41 14 323
41 15 61
41 16 134
41 21 628
41 23 12
41 24 214
41 29 82
41 30 747
41 31 891
41 32 125
41 33 477
41 34 533
41 35 931
41 36 907
41 37 585
41 39 20
42 46 602
42 49 595
42 50 951
42 52 29
42 55 580
42 57 563
42 58 393
42 62 255
42 63 15
42 64 444
42 66 438
42 68 729
42 70 610
42 71 702
42 72 173
42 75 831
42 77 845
42 78 36
42 79 429
42 80 464
42 82 958
42 85 97
42 86 590
42 87 998
42 90 961
42 92 478
42 93 495
42 96 560
42 97 861
42 98 122
42 0 555
42 2 660
42 4 954
42 6 556
42 8 919
42 9 637
42 10 805
42 11 558
42 13 608
42 14 679
42 17 665
42 19 786
42 20 720
42 23 711
42 27 964
42 28 255
42 30 948
42 39 840
42 40 216
42 41 223
43 45 769
43 51 770
43 52 269
43 53 138
43 58 459
43 59 341
43 60 200
43 62 550
43 63 219
43 69 492
43 72 606
43 77 769
43 78 812
43 79 416
43 81 870
43 82 572
43 87 574
43 88 3
43 93 764
43 94 447
43 95 611
43 96 712
43 98 415
43 99 21
43 2 686
43 3 429
43 4 18
43 6 339
43 9 125
43 10 243
43 13 728
43 16 133
43 17 191
43 18 397
43 19 253
43 22 561
43 23 652
43 24 88
43 26 683
43 27 172
43 29 863
43 30 120
43 32 391
43 33 315
43 34 817
43 35 146
43 36 386
43 37 171
43 38 274
43 40 32
43 41 959
43 42 994
43 47 285
44 45 2
44 46 684
44 47 140
44 51 500
44 52 504
44 53 915
44 55 137
44 56 188
44 58 794
44 59 336
44 61 334
44 66 847
44 67 539
44 68 204
44 71 121
44 72 734
44 74 362
44 76 739
44 80 44
44 82 579
44 83 819
44 84 620
44 85 224
44 89 786
44 90 393
44 92 699
44 94 986
44 98 944
44 99 573
44 3 112
44 6 984
44 9 150
44 15 974
44 16 666
44 17 359
44 19 806
44 20 576
44 22 367
44 24 528
44 28 172
44 30 301
44 32 978
44 33 395
44 38 245
44 39 34
44 40 315
44 41 897
44 43 150
45 47 692
45 50 329
45 54 114
45 56 678
45 59 831
45 64 636
45 66 852
45 69 714
45 70 285
45 71 850
45 72 599
45 75 916
45 76 292
45 77 23
45 79 631
45 81 640
45 83 494
45 86 306
45 87 61
45 89 747
45 92 110
45 93 195
45 94 542
45 98 142
45 1 631
45 4 661
45 5 343
45 6 727
45 8 238
45 11 486
45 12 2
45 15 547
45 16 388
45 19 364
45 20 794
45 22 428
45 24 83
45 25 216
45 26 385
45 27 354
45 29 118
45 30 752
45 31 849
45 32 300
45 33 140
45 35 100
45 36 524
45 37 392
45 38 810
45 39 166
45 41 518
45 42 861
45 43 606
46 48 464
46 50 584
46 52 332
46 55 644
46 56 114
46 57 45
46 58 112
46 59 868
46 61 705
46 62 282
46 63 459
46 66 355
46 67 417
46 69 691
46 70 94
46 80 759
46 81 600
46 82 86
46 84 908
46 85 701
46 86 945
46 90 697
46 91 441
46 94 2
46 95 660
46 96 629
46 99 81
46 3 582
46 5 119
46 9 620
46 11 607
46 12 349
46 14 84
46 16 237
46 17 161
46 18 359
46 19 731
46 22 837
46 25 165
46 26 648
46 27 959
46 30 815
46 33 229
46 37 739
46 38 976
46 42 17
46 44 52
47 50 303
47 51 137
47 52 541
47 55 706
47 56 970
47 57 920
47 58 820
47 59 798
47 60 211
47 62 960
47 63 825
47 68 163
47 71 727
47 73 912
47 74 239
47 75 376
47 76 989
47 78 623
47 80 394
47 83 736
47 85 849
47 87 123
47 88 529
47 89 198
47 90 965
47 91 96
47 92 381
47 96 137
47 98 603
47 99 538
47 0 130
47 1 799
47 3 595
47 7 306
47 10 330
47 11 31
47 12 111
47 14 836
47 16 845
47 17 192
47 18 106
47 19 904
47 21 568
47 22 699
47 25 271
47 28 890
47 29 338
47 31 164
47 32 828
47 33 101
47 34 625
47 36 870
47 38 508
47 39 609
47 42 937
47 43 176
47 44 202
47 45 355
47 46 103
48 50 107
48 52 467
48 54 238
48 55 803
48 56 234
48 57 576
48 58 397
48 62 242
48 63 261
48 64 552
48 65 355
48 67 0
48 68 300
48 69 444
48 70 445
48 71 304
48 72 495
48 73 609
48 75 559
48 79 964
48 80 359
48 82 26
48 83 795
48 86 31
48 87 585
48 88 859
48 93 162
48 94 357
48 95 860
48 98 668
48 0 502
48 2 447
48 3 650
48 4 947
48 8 270
48 9 479
48 10 547
48 12 822
48 14 172
48 15 545
48 17 800
48 18 112
48 22 386
48 29 569
48 30 804
48 32 398
48 34 530
48 35 191
48 36 50
48 37 968
48 38 239
48 39 978
48 41 147
48 42 866
48 43 129
48 44 355
48 45 511
48 46 107
49 54 702
49 56 957
49 58 456
49 59 943
49 60 425
49 62 451
49 64 886
49 66 316
49 68 897
49 71 781
49 72 637
49 74 640
49 76 428
49 78 870
49 79 152
49 80 348
49 81 891
49 82 598
49 83 214
49 84 713
49 85 561
49 86 157
49 90 354
49 92 20
49 94 388
49 97 941
49 98 379
49 99 47
49 0 392
49 1 621
49 6 491
49 7 718
49 10 998
49 11 207
49 14 112
49 18 7
49 21 733
49 23 162
49 24 264
49 26 109
49 27 381
49 28 610
49 32 358
49 34 826
49 35 749
49 36 146
49 38 545
49 43 86
49 44 45
49 45 458
49 47 392
50 51 989
50 53 233
50 54 936
50 57 793
50 60 765
50 62 959
50 63 548
50 64 770
50 66 337
50 68 626
50 69 421
50 70 488
50 71 344
50 72 663
50 75 625
50 79 588
50 80 505
50 81 17
50 83 688
50 85 496
50 89 226
50 90 707
50 95 866
50 96 379
50 99 800
50 0 86
50 1 661
50 2 675
50 3 214
50 7 473
50 12 647
50 14 425
50 21 356
50 23 365
50 24 254
50 26 128
50 27 135
50 30 855
50 31 558
50 34 299
50 35 633
50 36 330
50 37 879
50 42 243
50 43 450
50 47 926
50 49 715
51 56 620
51 57 139
51 58 799
51 59 48
51 62 515
51 65 5
51 66 620
51 69 180
51 70 196
51 74 953
51 75 245
51 77 319
51 78 234
51 80 941
51 81 464
51 82 438
51 83 728
51 85 718
51 86 471
51 87 629
51 94 981
51 96 96
51 97 821
51 98 797
51 99 864
51 0 998
51 2 868
51 3 175
51 4 857
51 5 723
51 6 975
51 7 570
51 8 425
51 10 820
51 11 415
51 12 833
51 15 673
51 18 388
51 22 932
51 23 880
51 28 487
51 35 76
51 36 949
51 38 604
51 40 134
51 41 489
51 42 748
51 48 947
52 53 347
52 55 569
52 59 721
52 60 815
52 61 57
52 63 553
52 65 589
52 66 676
52 68 951
52 69 954
52 70 106
52 71 334
52 72 128
52 75 5
52 77 23
52 83 54
52 85 719
52 86 924
52 88 474
52 89 814
52 90 196
52 92 791
52 93 203
52 94 352
52 95 955
52 96 534
52 98 63
52 99 550
52 4 955
52 7 274
52 8 906
52 9 438
52 10 822
52 11 780
52 12 887
52 14 931
52 17 644
52 19 322
52 20 19
52 21 365
52 29 125
52 31 685
52 32 750
52 36 10
52 44 675
52 45 456
52 47 724
52 48 847
52 49 760
52 50 473
53 54 63
53 55 491
53 56 90
53 57 550
53 59 378
53 60 908
53 61 349
53 62 677
53 64 807
53 66 880
53 67 504
53 68 923
53 69 853
53 70 601
53 71 555
53 74 923
53 78 541
53 79 873
53 84 519
53 89 20
53 90 152
53 92 436
53 93 695
53 96 95
53 97 781
53 2 756
53 3 144
53 4 932
53 5 406
53 7 803
53 11 183
53 14 882
53 16 523
53 17 65
53 18 381
53 20 600
53 23 110
53 24 639
53 25 954
53 27 528
53 28 974
53 29 329
53 30 252
53 31 340
53 33 195
53 35 978
53 38 295
53 39 328
53 41 458
53 42 616
53 43 482
53 46 627
53 47 836
53 50 367
53 51 50
53 52 300
54 56 848
54 59 2
54 60 987
54 61 160
54 66 834
54 67 893
54 69 762
54 71 16
54 72 845
54 73 160
54 74 889
54 75 925
54 79 914
54 80 281
54 81 390
54 82 878
54 83 387
54 85 149
54 86 311
54 88 651
54 90 313
54 93 771
54 94 902
54 95 388
54 97 909
54 98 697
54 99 717
54 0 458
54 1 144
54 2 865
54 3 648
54 5 829
54 6 211
54 7 116
54 9 589
54 10 144
54 11 576
54 12 83
54 15 983
54 17 405
54 19 121
54 20 304
54 21 470
54 22 30
54 24 166
54 30 307
54 33 148
54 37 500
54 38 393
54 45 157
54 48 292
54 50 958
54 52 105
54 89 965
55 56 931
55 57 91
55 58 14
55 59 733
55 61 967
55 62 160
55 63 197
55 65 459
55 69 573
55 70 254
55 71 31
55 73 874
55 74 432
55 76 653
55 77 116
55 78 11
55 81 49
55 82 101
55 83 853
55 85 992
55 86 810
55 87 337
55 88 860
55 89 356
55 90 881
55 93 246
55 94 102
55 95 310
55 97 954
55 98 549
55 0 895
55 4 208
55 5 256
55 9 734
55 10 417
55 14 120
55 17 840
55 20 131
55 21 57
55 23 47
55 25 833
55 26 945
55 28 835
55 29 961
55 30 833
55 32 170
55 34 2
55 35 559
55 38 837
55 39 99
55 41 793
55 42 718
55 43 211
55 44 721
55 46 894
55 49 811
55 50 83
55 51 942
56 59 637
56 65 160
56 67 951
56 68 336
56 70 144
56 72 195
56 74 209
56 76 57
56 80 658
56 82 577
56 83 941
56 84 98
56 85 697
56 86 254
56 88 987
56 89 422
56 93 333
56 97 341
56 98 883
56 5 159
56 6 881
56 8 38
56 10 516
56 14 496
56 16 774
56 20 615
56 21 385
56 22 717
56 23 38
56 25 480
56 26 531
56 27 10
56 28 739
56 29 161
56 30 493
56 31 121
56 32 339
56 33 925
56 34 67
56 36 327
56 39 194
56 41 362
56 43 711
56 44 43
56 46 74
56 48 71
56 49 51
56 54 23
57 58 267
57 59 893
57 60 747
57 61 139
57 64 561
57 67 546
57 68 618
57 70 926
57 72 531
57 73 805
57 74 324
57 75 170
57 78 845
57 79 959
57 81 185
57 82 464
57 83 190
57 84 901
57 85 420
57 86 310
57 88 155
57 89 559
57 90 893
57 91 871
57 92 997
57 96 282
57 98 540
57 1 467
57 2 673
57 3 284
57 4 532
57 9 588
57 15 840
57 18 277
57 19 479
57 22 26
57 25 912
57 27 836
57 28 353
57 32 55
57 41 771
57 42 423
57 43 475
57 45 686
57 47 897
57 48 729
57 51 429
57 52 811
57 54 193
57 56 589
58 64 460
58 65 759
58 66 81
58 67 98
58 71 341
58 74 493
58 78 168
58 79 137
58 81 420
58 82 727
58 83 534
58 87 227
58 88 54
58 89 65
58 90 693
58 91 84
58 94 585
58 95 713
58 98 158
58 99 552
58 0 207
58 1 308
58 3 177
58 8 668
58 11 410
58 12 324
58 13 454
58 14 997
58 15 329
58 17 66
58 19 8
58 21 871
58 22 120
58 23 82
58 28 463
58 30 178
58 31 235
58 34 838
58 35 105
58 36 609
58 38 786
58 42 831
58 43 594
58 45 645
58 47 126
58 49 842
58 51 887
58 52 973
58 54 109
58 55 73
58 56 946
58 57 597
59 60 873
59 61 435
59 68 576
59 69 406
59 72 425
59 73 428
59 75 528
59 77 879
59 81 318
59 82 594
59 90 154
59 92 467
59 94 839
59 95 107
59 96 432
59 1 517
59 4 228
59 5 515
59 6 698
59 7 486
59 8 146
59 11 329
59 12 74
59 13 505
59 16 369
59 18 77
59 19 877
59 21 640
59 22 323
59 24 816
59 25 555
59 26 737
59 29 958
59 30 752
59 32 92
59 34 763
59 36 87
59 37 934
59 38 203
59 39 40
59 41 623
59 42 70
59 46 404
59 48 586
59 50 264
59 51 480
59 52 257
59 53 960
59 56 315
59 80 804
60 61 193
60 62 575
60 64 426
60 65 756
60 67 668
60 68 400
60 72 273
60 76 200
60 77 478
60 83 492
60 85 680
60 87 379
60 88 306
60 90 118
60 91 0
60 98 601
60 0 478
60 1 448
60 3 794
60 4 247
60 6 490
60 10 477
60 20 492
60 21 309
60 23 890
60 24 998
60 25 528
60 27 94
60 29 667
60 30 257
60 31 770
60 32 246
60 33 81
60 35 927
60 36 252
60 41 394
60 44 630
60 45 775
60 48 157
60 51 65
60 53 906
60 55 644
60 59 745
61 64 262
61 66 310
61 68 87
61 71 3
61 74 601
61 75 285
61 78 544
61 81 105
61 84 73
61 85 616
61 87 987
61 88 373
61 89 651
61 92 680
61 95 916
61 96 880
61 1 703
61 4 990
61 5 3
61 7 762
61 8 2
61 10 439
61 13 455
61 16 670
61 17 153
61 18 491
61 19 538
61 20 950
61 22 886
61 26 169
61 27 603
61 30 869
61 31 495
61 32 62
61 33 551
61 37 624
61 38 449
61 40 740
61 44 551
61 45 546
61 47 546
61 48 108
61 49 745
61 54 152
61 57 248
61 58 245
61 59 607
61 60 376
61 69 368
62 63 885
62 64 563
62 65 58
62 66 384
62 69 655
62 71 779
62 72 798
62 73 616
62 74 301
62 75 447
62 76 863
62 77 24
62 84 421
62 85 759
62 86 736
62 87 528
62 90 965
62 0 630
62 4 506
62 5 521
62 7 67
62 8 842
62 12 811
62 13 781
62 16 902
62 19 454
62 21 169
62 23 134
62 25 619
62 27 122
62 29 62
62 30 74
62 31 958
62 35 168
62 39 640
62 40 882
62 41 277
62 42 922
62 43 244
62 46 748
62 48 343
62 52 896
62 54 221
62 56 913
62 57 673
63 66 205
63 68 991
63 69 118
63 70 108
63 71 464
63 74 277
63 75 775
63 76 475
63 77 849
63 78 528
63 79 382
63 81 829
63 82 174
63 83 54
63 89 380
63 91 840
63 92 954
63 93 110
63 94 815
63 98 349
63 2 405
63 3 693
63 9 65
63 10 535
63 11 20
63 18 308
63 19 354
63 21 634
63 22 54
63 23 549
63 25 874
63 27 371
63 28 50
63 31 267
63 32 203
63 36 599
63 37 146
63 38 64
63 39 485
63 40 557
63 41 726
63 43 555
63 44 665
63 45 36
63 47 941
63 49 785
63 52 602
63 56 134
63 57 459
63 59 980
63 61 431
63 62 732
64 65 611
64 69 26
64 71 865
64 76 963
64 77 837
64 78 68
64 80 728
64 83 135
64 84 953
64 87 340
64 90 21
64 91 913
64 92 91
64 93 543
64 94 451
64 99 567
64 0 228
64 3 354
64 4 57
64 7 464
64 15 140
64 18 696
64 22 761
64 23 996
64 26 735
64 29 603
64 30 372
64 32 191
64 33 927
64 36 358
64 37 952
64 38 755
64 39 903
64 41 577
64 42 483
64 45 273
64 46 410
64 47 355
64 48 821
64 54 873
64 55 587
64 56 875
64 57 408
64 58 457
64 60 824
64 61 838
64 62 840
65 68 764
65 69 53
65 73 141
65 74 665
65 75 49
65 77 90
65 83 295
65 84 96
65 86 580
65 88 654
65 90 239
65 93 839
65 95 103
65 96 569
65 99 69
65 0 191
65 1 849
65 2 509
65 3 564
65 4 752
65 6 574
65 10 884
65 11 467
65 15 9
65 16 693
65 18 645
65 20 243
65 21 36
65 23 412
65 25 541
65 26 967
65 28 990
65 29 429
65 34 988
65 36 635
65 37 473
65 38 748
65 39 988
65 40 620
65 41 440
65 42 513
65 43 705
65 44 979
65 47 377
65 49 176
65 50 144
65 51 615
65 55 204
65 57 871
65 59 545
65 60 373
65 62 559
65 63 447
65 64 675
66 67 427
66 72 399
66 76 670
66 77 477
66 78 51
66 79 349
66 80 755
66 81 792
66 83 388
66 84 898
66 91 967
66 92 277
66 96 380
66 97 859
66 99 564
66 0 953
66 1 153
66 2 860
66 8 278
66 9 932
66 10 355
66 15 587
66 16 480
66 17 648
66 19 996
66 26 447
66 27 86
66 28 419
66 29 377
66 30 823
66 31 910
66 32 40
66 33 574
66 34 418
66 35 809
66 38 347
66 39 961
66 40 975
66 51 294
66 53 28
66 58 40
66 62 307
66 63 392
67 68 581
67 71 50
67 74 194
67 76 467
67 78 512
67 81 601
67 82 720
67 84 428
67 85 364
67 86 531
67 91 999
67 94 741
67 96 47
67 99 532
67 0 590
67 2 328
67 5 864
67 7 448
67 8 411
67 12 590
67 13 605
67 14 394
67 16 756
67 19 72
67 20 631
67 21 384
67 22 123
67 23 0
67 27 249
67 28 346
67 29 845
67 30 50
67 31 337
67 32 945
67 33 178
67 34 791
67 38 261
67 41 40
67 45 19
67 46 595
67 51 390
67 52 448
67 53 840
67 55 287
67 57 812
67 61 297
67 62 226
67 64 594
67 65 111
67 66 249
68 69 622
68 72 797
68 76 172
68 79 293
68 80 804
68 81 773
68 82 497
68 84 593
68 86 824
68 87 848
68 88 177
68 89 450
68 92 329
68 94 484
68 97 676
68 3 553
68 4 280
68 5 928
68 6 786
68 9 422
68 11 60
68 13 967
68 16 94
68 19 704
68 20 113
68 21 658
68 22 531
68 23 835
68 24 920
68 25 155
68 26 646
68 27 643
68 29 971
68 30 871
68 31 388
68 32 907
68 33 334
68 35 666
68 36 486
68 39 345
68 44 672
68 45 97
68 46 100
68 49 657
68 50 602
68 52 351
68 53 920
68 54 156
68 55 792
68 59 655
68 60 658
68 63 838
68 64 541
68 65 797
68 66 461
69 71 70
69 72 105
69 75 519
69 80 129
69 84 748
69 86 887
69 87 118
69 90 110
69 91 841
69 92 449
69 93 131
69 98 538
69 99 264
69 0 320
69 1 78
69 2 299
69 4 217
69 6 55
69 8 887
69 11 836
69 16 450
69 18 550
69 20 216
69 21 978
69 22 136
69 24 894
69 25 387
69 28 710
69 29 452
69 35 187
69 36 838
69 38 105
69 39 710
69 40 167
69 41 589
69 42 14
69 44 261
69 45 281
69 47 40
69 49 307
69 50 71
69 51 229
69 52 97
69 54 237
69 55 113
69 58 219
69 59 152
69 61 551
69 62 502
69 64 865
69 65 646
69 66 501
70 73 610
70 74 117
70 75 281
70 80 80
70 83 40
70 84 228
70 86 679
70 87 796
70 89 309
70 90 40
70 92 889
70 95 336
70 97 640
70 99 863
70 0 974
70 4 791
70 5 690
70 7 616
70 8 591
70 11 214
70 12 221
70 16 96
70 17 610
70 21 151
70 23 239
70 24 13
70 26 239
70 27 888
70 28 991
70 29 24
70 30 771
70 33 752
70 35 449
70 37 683
70 38 861
70 42 677
70 43 292
70 45 355
70 46 828
70 47 93
70 49 22
70 50 204
70 54 372
70 55 975
70 57 27
70 60 87
70 62 83
70 63 625
70 64 595
70 65 641
70 67 604
70 69 612
70 96 926
71 73 267
71 74 650
71 75 716
71 83 336
71 84 237
71 86 443
71 90 866
71 92 559
71 95 715
71 96 836
71 98 645
71 5 801
71 7 223
71 8 720
71 11 864
71 13 552
71 14 746
71 15 799
71 18 792
71 21 407
71 24 786
71 28 404
71 29 575
71 32 964
71 34 992
71 35 393
71 37 234
71 39 990
71 41 671
71 42 324
71 43 449
71 45 307
71 46 964
71 47 745
71 48 625
71 49 655
71 50 217
71 51 487
71 55 998
71 56 20
71 58 675
71 61 554
71 67 901
72 73 848
72 74 928
72 76 425
72 78 352
72 81 289
72 85 269
72 86 72
72 89 106
72 96 889
72 99 321
72 0 310
72 1 314
72 2 13
72 5 1000
72 6 71
72 8 171
72 9 80
72 10 932
72 11 555
72 12 504
72 13 510
72 14 745
72 16 859
72 17 716
72 20 660
72 21 318
72 22 578
72 23 515
72 24 64
72 25 986
72 26 770
72 31 813
72 32 259
72 36 864
72 39 622
72 42 924
72 43 883
72 44 154
72 46 502
72 47 960
72 48 787
72 49 816
72 54 94
72 58 519
72 59 182
72 60 614
72 62 343
72 63 172
72 64 273
72 66 516
72 67 678
72 71 822
73 74 586
73 75 743
73 79 252
73 80 319
73 85 780
73 88 949
73 91 864
73 92 670
73 94 547
73 95 111
73 97 503
73 1 843
73 4 856
73 9 691
73 13 905
73 14 808
73 15 641
73 16 962
73 17 581
73 18 568
73 21 770
73 23 348
73 25 197
73 27 875
73 32 446
73 34 936
73 36 954
73 44 687
73 46 680
73 51 431
73 52 404
73 53 806
73 54 527
73 55 790
73 57 949
73 58 566
73 59 482
73 64 240
73 65 691
73 66 205
73 69 458
73 71 481
73 72 268
74 75 538
74 76 789
74 80 948
74 81 547
74 82 238
74 85 112
74 87 529
74 90 422
74 92 870
74 95 598
74 0 560
74 1 470
74 2 267
74 3 553
74 4 426
74 5 256
74 7 140
74 8 830
74 9 663
74 10 525
74 11 934
74 13 816
74 14 371
74 19 641
74 21 549
74 23 27
74 24 216
74 25 103
74 27 844
74 28 451
74 29 30
74 34 247
74 35 598
74 36 230
74 37 10
74 39 376
74 40 638
74 41 726
74 42 245
74 43 22
74 45 177
74 47 322
74 50 100
74 52 303
74 53 267
74 58 542
74 59 641
74 62 818
74 64 761
74 65 24
74 69 26
74 70 833
74 73 217
75 76 75
75 78 505
75 80 780
75 83 124
75 84 925
75 86 745
75 91 711
75 94 163
75 95 537
75 96 886
75 98 633
75 99 564
75 0 761
75 3 444
75 6 475
75 11 665
75 14 989
75 15 147
75 16 268
75 17 12
75 18 226
75 19 243
75 21 442
75 24 889
75 25 881
75 27 570
75 32 608
75 33 0
75 36 149
75 39 649
75 41 516
75 42 222
75 46 248
75 48 955
75 49 267
75 51 464
75 52 887
75 54 364
75 55 356
75 57 671
75 58 88
75 59 789
75 60 378
75 61 361
75 62 779
75 64 608
75 67 224
75 69 653
75 70 336
75 71 272
75 72 340
75 73 413
76 79 541
76 81 458
76 82 289
76 83 653
76 85 135
76 89 142
76 90 676
76 91 925
76 94 676
76 97 856
76 98 260
76 99 531
76 1 61
76 2 437
76 3 741
76 4 972
76 5 94
76 6 363
76 9 751
76 13 608
76 14 283
76 15 422
76 16 819
76 21 779
76 22 364
76 32 861
76 34 603
76 35 62
76 36 72
76 40 481
76 42 293
76 45 128
76 46 622
76 47 542
76 49 340
76 51 569
76 55 19
76 57 17
76 59 232
76 62 663
76 68 583
76 69 748
76 72 765
76 73 181
76 75 184
77 79 563
77 82 694
77 85 363
77 86 644
77 90 578
77 93 289
77 95 435
77 97 407
77 99 999
77 0 625
77 4 67
77 6 546
77 7 76
77 10 365
77 11 983
77 12 525
77 13 578
77 14 96
77 16 746
77 17 255
77 19 247
77 21 499
77 22 943
77 23 311
77 24 238
77 26 436
77 29 325
77 33 950
77 34 287
77 37 524
77 38 870
77 39 291
77 41 645
77 44 58
77 50 135
77 51 453
77 53 98
77 54 26
77 55 698
77 57 557
77 59 232
77 61 655
77 67 404
77 68 602
77 69 738
77 70 526
77 73 305
77 75 262
77 76 267
78 82 383
78 83 79
78 84 788
78 86 98
78 87 648
78 90 755
78 91 324
78 92 99
78 93 255
78 94 920
78 95 760
78 98 274
78 0 506
78 1 191
78 6 740
78 7 656
78 8 369
78 13 744
78 19 935
78 21 170
78 24 181
78 25 441
78 27 577
78 28 804
78 31 759
78 32 793
78 33 268
78 37 624
78 39 317
78 43 574
78 44 408
78 45 62
78 48 749
78 49 382
78 50 808
78 55 29
78 56 709
78 60 518
78 62 409
78 66 382
78 69 256
78 70 16
78 71 620
78 72 91
78 73 696
78 74 452
79 81 958
79 89 258
79 91 952
79 95 951
79 96 38
79 98 933
79 3 725
79 4 344
79 7 299
79 8 244
79 9 210
79 10 858
79 11 47
79 13 391
79 14 340
79 15 777
79 16 443
79 17 272
79 20 460
79 22 349
79 23 16
79 24 744
79 26 743
79 27 445
79 28 518
79 29 746
79 31 414
79 32 876
79 34 175
79 35 469
79 37 275
79 40 40
79 41 985
79 42 877
79 43 797
79 47 887
79 48 753
79 49 494
79 55 481
79 56 333
79 57 661
79 62 562
79 63 658
79 64 953
79 68 76
79 70 732
79 73 580
79 75 840
79 76 709
79 77 592
79 78 161
80 84 522
80 86 476
80 87 121
80 88 7
80 89 114
80 91 380
80 93 270
80 94 930
80 95 805
80 96 51
80 97 752
80 3 824
80 4 497
80 6 528
80 7 395
80 9 73
80 11 974
80 14 906
80 15 778
80 16 781
80 18 329
80 19 974
80 20 522
80 21 236
80 22 578
80 23 349
80 28 980
80 30 534
80 31 957
80 34 489
80 36 649
80 38 197
80 41 768
80 42 411
80 46 782
80 47 446
80 48 88
80 55 920
80 56 968
80 57 600
80 58 774
80 59 975
80 61 737
80 62 96
80 63 209
80 64 284
80 66 37
80 69 401
80 70 322
80 73 961
80 74 92
80 78 142
80 79 491
80 82 470
81 82 72
81 83 588
81 87 470
81 96 441
81 97 735
81 98 110
81 0 608
81 1 771
81 6 258
81 7 170
81 8 124
81 10 553
81 11 662
81 13 548
81 14 662
81 15 710
81 16 6
81 17 138
81 18 674
81 19 113
81 21 63
81 24 407
81 25 106
81 27 976
81 28 113
81 29 927
81 30 919
81 34 201
81 36 419
81 37 41
81 38 858
81 40 624
81 42 368
81 44 296
81 45 41
81 46 388
81 47 50
81 48 17
81 50 86
81 53 766
81 55 101
81 56 207
81 58 775
81 59 263
81 61 569
81 64 536
81 68 246
81 71 501
81 73 205
81 76 802
81 77 884
81 78 308
81 79 446
82 85 316
82 86 198
82 87 202
82 89 252
82 90 894
82 91 197
82 93 878
82 94 592
82 95 324
82 97 529
82 98 848
82 0 43
82 3 698
82 5 990
82 6 280
82 7 950
82 8 747
82 15 307
82 16 488
82 18 256
82 19 594
82 24 627
82 26 997
82 28 581
82 31 632
82 32 487
82 33 899
82 34 982
82 36 832
82 39 266
82 41 816
82 42 963
82 43 424
82 44 635
82 47 223
82 49 34
82 50 87
82 53 365
82 55 337
82 56 24
82 57 510
82 59 225
82 61 195
82 63 551
82 64 568
82 65 54
82 66 754
82 68 252
82 69 293
82 73 864
82 75 809
83 85 922
83 87 960
83 89 136
83 90 875
83 93 931
83 0 28
83 3 459
83 6 213
83 8 947
83 9 174
83 12 128
83 14 479
83 16 138
83 21 345
83 28 675
83 29 172
83 35 156
83 39 705
83 40 189
83 42 744
83 45 593
83 46 357
83 51 146
83 52 451
83 53 655
83 54 418
83 55 168
83 56 346
83 58 232
83 59 186
83 60 97
83 66 722
83 70 200
83 71 886
83 72 341
83 74 896
83 75 298
83 77 876
83 78 645
84 85 766
84 86 221
84 88 495
84 89 404
84 91 614
84 93 10
84 95 895
84 96 130
84 97 178
84 4 785
84 6 517
84 8 987
84 15 927
84 16 173
84 21 142
84 24 208
84 25 408
84 27 860
84 32 311
84 34 357
84 35 721
84 36 508
84 38 589
84 39 254
84 41 578
84 43 465
84 44 106
84 45 925
84 49 502
84 50 102
84 51 797
84 53 231
84 54 756
84 55 313
84 57 599
84 58 139
84 59 51
84 62 104
84 67 14
84 68 374
84 70 203
84 73 545
84 77 943
84 79 941
84 81 473
84 82 444
84 83 75
85 86 452
85 91 90
85 93 255
85 96 356
85 99 118
85 1 899
85 2 583
85 6 199
85 8 18
85 9 399
85 12 463
85 15 308
85 16 409
85 18 170
85 19 404
85 20 996
85 21 222
85 22 62
85 23 521
85 24 84
85 26 422
85 27 731
85 28 265
85 30 929
85 31 185
85 37 751
85 38 250
85 39 411
85 40 432
85 42 929
85 43 659
85 44 675
85 45 888
85 46 875
85 47 155
85 48 113
85 53 833
85 55 189
85 57 220
85 58 732
85 61 247
85 64 860
85 65 959
85 66 678
85 68 49
85 69 931
85 71 984
85 72 565
85 75 987
85 77 594
85 78 392
85 79 365
85 80 895
85 81 894
85 84 573
86 87 498
86 89 778
86 90 217
86 91 724
86 93 140
86 94 882
86 98 166
86 0 666
86 2 903
86 3 158
86 4 575
86 5 902
86 7 61
86 8 855
86 9 538
86 10 524
86 13 916
86 14 427
86 15 401
86 16 437
86 18 925
86 19 328
86 21 310
86 22 649
86 24 379
86 25 974
86 27 131
86 28 34
86 29 34
86 30 635
86 31 327
86 35 587
86 36 15
86 38 338
86 40 538
86 43 648
86 44 643
86 46 247
86 49 565
86 50 737
86 51 473
86 55 173
86 56 799
86 57 921
86 58 580
86 59 456
86 64 827
86 65 494
86 66 344
86 67 947
86 69 702
86 71 216
86 72 404
86 76 509
86 77 310
86 78 932
86 79 303
86 80 499
86 82 6
86 83 371
86 84 181
86 85 937
87 88 417
87 94 67
87 95 583
87 97 27
87 98 236
87 99 952
87 0 946
87 1 529
87 2 425
87 3 54
87 4 495
87 5 65
87 6 53
87 7 497
87 9 626
87 11 278
87 13 87
87 15 242
87 16 17
87 20 160
87 21 904
87 22 881
87 24 188
87 29 838
87 31 763
87 33 71
87 34 961
87 35 594
87 37 957
87 38 521
87 39 164
87 41 838
87 43 952
87 44 903
87 45 806
87 46 508
87 52 771
87 54 830
87 56 388
87 59 25
87 61 563
87 63 307
87 65 934
87 68 695
87 72 74
87 75 81
87 78 386
87 79 946
87 81 559
87 85 523
87 86 72
88 91 199
88 92 932
88 94 7
88 96 633
88 97 989
88 98 781
88 99 134
88 0 9
88 4 527
88 7 626
88 8 964
88 10 201
88 11 138
88 12 406
88 16 199
88 17 85
88 18 665
88 19 44
88 20 206
88 23 455
88 27 782
88 28 42
88 29 112
88 30 261
88 33 128
88 34 349
88 35 541
88 36 743
88 42 430
88 43 78
88 44 516
88 45 442
88 46 507
88 49 160
88 50 101
88 53 791
88 55 487
88 56 91
88 59 644
88 60 657
88 62 10
88 63 785
88 65 708
88 69 395
88 70 339
88 71 128
88 72 610
88 73 362
88 77 353
88 79 362
88 80 932
88 82 387
88 83 678
88 84 346
88 85 3
88 87 98
89 91 464
89 92 219
89 93 14
89 94 375
89 95 31
89 96 531
89 97 516
89 1 607
89 2 282
89 5 278
89 9 108
89 10 438
89 15 883
89 19 461
89 20 563
89 21 635
89 22 976
89 24 144
89 25 134
89 26 921
89 27 607
89 28 963
89 29 339
89 30 110
89 31 679
89 32 266
89 34 403
89 36 201
89 38 657
89 39 428
89 40 885
89 42 205
89 49 641
89 50 292
89 55 358
89 57 504
89 59 323
89 60 918
89 61 980
89 63 146
89 65 137
89 66 240
89 67 343
89 69 892
89 70 380
89 74 299
89 76 234
89 77 85
89 80 517
89 83 714
89 84 509
89 85 582
89 86 123
89 87 212
89 88 450
90 91 781
90 93 700
90 94 615
90 96 88
90 97 434
90 98 508
90 0 325
90 1 899
90 2 455
90 4 328
90 5 323
90 6 498
90 8 57
90 9 640
90 11 925
90 14 410
90 15 537
90 16 127
90 17 374
90 19 124
90 21 704
90 22 935
90 24 347
90 25 355
90 26 699
90 27 62
90 28 399
90 29 249
90 30 417
90 32 826
90 35 187
90 37 258
90 39 463
90 41 589
90 43 694
90 44 181
90 45 789
90 49 19
90 51 845
90 52 784
90 53 892
90 57 608
90 58 937
90 59 55
90 60 461
90 61 502
90 63 910
90 65 40
90 66 29
90 69 102
90 70 484
90 71 470
90 74 144
90 75 122
90 77 180
90 79 468
90 80 388
90 82 425
90 83 756
90 85 891
90 87 577
90 89 378
91 93 936
91 96 941
91 97 307
91 98 218
91 99 867
91 1 173
91 2 610
91 3 655
91 5 724
91 6 373
91 7 832
91 8 495
91 11 965
91 14 300
91 17 89
91 19 807
91 22 312
91 23 928
91 24 664
91 25 138
91 27 273
91 29 880
91 30 884
91 31 79
91 33 699
91 34 622
91 35 217
91 37 347
91 39 511
91 41 17
91 43 297
91 46 793
91 48 601
91 49 848
91 50 826
91 52 89
91 55 930
91 56 869
91 57 55
91 58 617
91 59 415
91 61 644
91 62 691
91 66 945
91 69 527
91 70 769
91 73 682
91 74 124
91 75 217
91 76 490
91 79 356
91 80 269
91 82 100
91 83 960
91 84 932
91 86 890
91 87 2
91 88 475
91 89 450
91 90 254
92 95 72
92 98 128
92 0 636
92 2 740
92 5 116
92 17 136
92 18 955
92 21 963
92 22 442
92 29 828
92 30 277
92 34 793
92 36 471
92 38 619
92 41 341
92 43 321
92 44 832
92 47 346
92 48 311
92 53 465
92 54 846
92 55 385
92 56 567
92 61 774
92 63 679
92 65 723
92 67 506
92 68 936
92 69 564
92 72 516
92 73 196
92 75 136
92 78 742
92 80 582
92 89 741
92 91 547
93 96 246
93 97 309
93 99 581
93 4 813
93 5 30
93 7 805
93 8 594
93 9 838
93 10 510
93 11 318
93 13 730
93 16 913
93 17 262
93 18 722
93 19 371
93 20 540
93 22 678
93 24 976
93 25 655
93 26 941
93 27 417
93 28 975
93 29 625
93 31 896
93 33 47
93 34 978
93 35 951
93 36 936
93 37 704
93 39 245
93 42 84
93 44 961
93 45 715
93 48 857
93 53 399
93 55 205
93 56 113
93 58 263
93 60 552
93 61 358
93 63 150
93 64 95
93 67 302
93 68 536
93 71 323
93 72 657
93 77 325
93 78 808
93 79 541
93 80 769
93 81 535
93 82 815
93 83 0
93 84 85
93 85 944
93 86 397
93 89 959
93 91 945
93 92 591
94 95 373
94 96 736
94 98 7
94 0 622
94 1 939
94 4 105
94 6 656
94 7 960
94 8 632
94 10 710
94 13 56
94 16 298
94 17 798
94 19 77
94 20 258
94 22 299
94 23 26
94 25 563
94 26 808
94 30 820
94 33 650
94 34 786
94 38 634
94 40 112
94 42 96
94 43 14
94 45 450
94 46 201
94 48 239
94 50 323
94 54 485
94 56 736
94 63 207
94 71 517
94 73 493
94 74 610
94 80 886
94 81 432
94 82 569
94 83 266
94 84 320
94 85 619
94 87 50
94 88 840
94 91 978
95 1 400
95 3 969
95 5 384
95 12 666
95 14 778
95 15 975
95 16 576
95 17 532
95 18 341
95 24 581
95 26 165
95 27 656
95 28 477
95 31 199
95 33 536
95 34 520
95 38 595
95 44 346
95 45 175
95 47 863
95 48 777
95 49 725
95 50 852
95 51 476
95 56 585
95 57 775
95 58 367
95 60 516
95 61 671
95 64 384
95 65 118
95 71 172
95 73 750
95 74 99
95 75 615
95 78 755
95 79 252
95 81 648
95 82 109
95 84 521
95 85 625
95 87 300
95 88 552
95 89 193
95 91 713
96 97 329
96 98 329
96 3 421
96 4 885
96 6 491
96 7 771
96 8 164
96 10 778
96 15 400
96 16 131
96 17 202
96 19 858
96 20 433
96 21 810
96 22 170
96 24 332
96 26 802
96 27 149
96 29 83
96 30 224
96 31 757
96 36 992
96 39 460
96 43 0
96 44 476
96 46 881
96 55 476
96 56 312
96 58 457
96 59 287
96 62 984
96 66 530
96 68 449
96 69 528
96 70 189
96 74 343
96 75 326
96 76 164
96 77 222
96 78 292
96 82 191
96 83 493
96 87 345
96 88 252
96 89 595
96 92 835
96 93 237
96 95 478
97 98 205
97 99 373
97 0 314
97 2 740
97 4 273
97 5 278
97 9 810
97 10 841
97 11 239
97 16 877
97 23 83
97 24 715
97 26 46
97 27 579
97 28 91
97 29 98
97 31 409
97 32 533
97 34 12
97 38 717
97 39 409
97 40 223
97 41 953
97 45 111
97 47 785
97 48 207
97 50 204
97 51 288
97 55 28
97 56 541
97 57 56
97 58 16
97 62 341
97 71 265
97 73 686
97 74 481
97 75 504
97 76 529
97 77 695
97 78 295
97 79 845
97 81 956
97 87 213
97 93 866
97 96 186
98 99 417
98 1 703
98 2 966
98 3 651
98 7 679
98 9 875
98 12 77
98 13 796
98 15 963
98 16 224
98 18 802
98 20 678
98 22 57
98 23 817
98 24 620
98 26 807
98 27 23
98 29 865
98 30 778
98 31 277
98 33 771
98 36 556
98 39 194
98 40 907
98 41 555
98 43 682
98 45 19
98 46 810
98 49 712
98 50 622
98 52 420
98 54 838
98 57 697
98 58 935
98 59 864
98 61 334
98 64 144
98 65 73
98 66 672
98 67 417
98 69 560
98 71 284
98 72 998
98 74 617
98 75 117
98 77 125
98 78 941
98 79 600
98 81 456
98 87 163
98 90 581
98 91 377
98 94 879
98 96 162
98 97 642
99 0 12
99 1 652
99 2 842
99 4 63
99 7 385
99 9 612
99 10 303
99 13 542
99 14 793
99 15 773
99 16 674
99 22 547
99 23 421
99 31 918
99 32 206
99 34 202
99 36 992
99 38 239
99 40 581
99 43 285
99 44 839
99 45 819
99 47 894
99 48 189
99 49 774
99 53 953
99 55 288
99 58 677
99 62 851
99 63 103
99 66 154
99 68 76
99 69 740
99 70 408
99 72 423
99 74 723
99 77 82
99 79 16
99 80 75
99 81 1
99 85 983
99 95 148
99 97 680
