50 990 0
0 7 273
0 9 435
0 10 962
0 11 954
0 14 819
0 15 480
0 16 23
0 17 933
0 19 867
0 20 906
0 22 66
0 24 603
0 25 555
0 27 363
0 30 148
0 32 210
0 33 296
0 37 168
0 39 934
0 41 581
0 44 500
0 45 595
0 48 686
0 49 427
0 1 716
0 4 60
1 2 248
1 3 93
1 5 448
1 6 320
1 8 502
1 10 538
1 11 152
1 17 463
1 18 599
1 19 155
1 24 478
1 26 26
1 29 102
1 30 676
1 32 497
1 36 223
1 37 294
1 42 506
1 43 613
1 45 179
1 47 195
1 49 882
1 0 510
2 4 681
2 7 88
2 11 560
2 12 942
2 16 939
2 17 398
2 19 879
2 21 423
2 22 76
2 24 761
2 30 359
2 33 74
2 35 863
2 37 173
2 40 822
2 41 136
2 44 173
2 5 171
2 10 820
3 4 340
3 8 105
3 13 499
3 15 125
3 18 299
3 19 209
3 20 127
3 21 696
3 25 24
3 28 350
3 30 453
3 37 838
3 43 11
3 44 721
3 0 38
3 2 450
4 5 81
4 6 488
4 10 334
4 11 681
4 12 808
4 13 102
4 15 106
4 17 545
4 18 636
4 19 237
4 20 307
4 22 517
4 24 55
4 25 95
4 30 113
4 33 531
4 34 814
4 36 257
4 37 402
4 38 213
4 39 98
4 40 448
4 41 327
4 42 62
4 46 856
4 49 252
4 0 346
4 2 91
5 7 279
5 8 863
5 9 144
5 10 708
5 16 122
5 19 737
5 22 4
5 26 173
5 28 559
5 29 123
5 34 152
5 36 436
5 37 279
5 39 351
5 42 518
5 43 555
5 44 10
5 47 804
5 3 255
5 4 348
6 9 630
6 11 802
6 16 492
6 22 243
6 24 602
6 28 789
6 29 407
6 35 431
6 37 347
6 40 706
6 43 912
6 44 839
6 45 774
6 48 458
6 0 559
6 2 970
6 7 254
6 15 545
6 17 752
7 10 151
7 12 907
7 14 440
7 18 797
7 21 563
7 23 66
7 26 61
7 30 624
7 33 300
7 37 57
7 42 339
7 43 288
8 10 880
8 14 203
8 16 829
8 27 893
8 32 6
8 37 844
8 38 832
8 39 360
8 41 35
8 43 433
8 47 349
8 0 535
8 1 604
8 2 541
8 3 500
8 9 326
8 28 122
8 44 105
9 12 35
9 14 531
9 16 870
9 17 279
9 18 467
9 22 916
9 23 146
9 24 208
9 25 257
9 26 480
9 30 122
9 33 586
9 34 515
9 38 12
9 39 493
9 43 185
9 46 614
9 0 559
9 1 778
9 2 136
9 4 149
10 11 147
10 13 703
10 15 661
10 17 80
10 18 872
10 20 601
10 24 955
10 27 496
10 28 530
10 29 407
10 30 919
10 32 133
10 35 516
10 45 695
10 47 139
10 0 195
10 5 318
10 6 962
10 7 648
11 12 882
11 15 859
11 19 129
11 21 125
11 25 998
11 27 766
11 32 886
11 35 698
11 37 920
11 40 144
11 41 11
11 42 161
11 43 256
11 44 506
11 46 105
11 2 792
11 4 565
11 6 781
11 7 513
11 9 0
11 10 377
12 13 355
12 14 934
12 16 330
12 17 883
12 18 654
12 22 44
12 25 435
12 30 2
12 32 667
12 34 386
12 35 961
12 37 83
12 38 200
12 45 112
12 46 94
12 48 683
12 49 903
12 2 374
12 4 783
12 5 479
12 6 631
12 9 645
13 15 197
13 16 732
13 19 64
13 21 154
13 23 786
13 26 419
13 29 537
13 33 73
13 36 756
13 37 350
13 40 771
13 42 70
13 44 540
13 47 798
13 3 462
13 10 189
14 15 425
14 17 762
14 18 967
14 19 751
14 20 655
14 22 206
14 23 573
14 24 436
14 25 855
14 27 364
14 29 281
14 33 959
14 39 625
14 41 767
14 42 986
14 44 722
14 45 167
14 49 729
14 1 210
14 3 722
14 8 421
14 9 993
14 10 118
14 13 626
14 26 802
15 19 194
15 21 806
15 22 79
15 23 635
15 27 233
15 28 179
15 29 564
15 30 889
15 32 974
15 40 305
15 44 377
15 47 232
15 0 291
15 1 63
15 9 405
15 11 203
15 14 39
16 21 494
16 22 335
16 24 206
16 28 23
16 29 762
16 30 16
16 31 365
16 34 709
16 40 711
16 41 539
16 42 39
16 45 860
16 47 556
16 48 257
16 0 880
16 1 22
16 3 499
16 6 683
16 9 414
16 12 590
16 36 678
17 20 358
17 21 783
17 31 449
17 32 895
17 39 77
17 42 123
17 44 839
17 47 252
17 3 990
17 4 708
17 10 671
17 14 168
17 23 674
18 20 996
18 21 773
18 22 502
18 23 35
18 26 590
18 27 397
18 28 171
18 29 807
18 34 549
18 35 349
18 36 786
18 38 862
18 39 320
18 40 20
18 44 34
18 45 912
18 49 244
18 6 13
18 8 773
18 9 643
18 13 725
18 16 101
19 21 869
19 22 153
19 23 221
19 24 516
19 28 352
19 34 138
19 35 536
19 38 398
19 39 92
19 41 303
19 42 573
19 44 316
19 47 160
19 6 493
19 7 965
19 8 542
19 9 840
19 12 693
19 14 636
19 15 226
20 21 772
20 26 541
20 28 204
20 29 905
20 30 357
20 38 656
20 39 392
20 41 685
20 42 255
20 43 51
20 45 641
20 48 394
20 49 716
20 0 1000
20 1 961
20 3 44
20 5 102
20 7 110
20 8 1
20 11 127
20 14 695
20 27 544
21 22 194
21 23 834
21 25 501
21 30 344
21 32 862
21 36 350
21 38 784
21 42 24
21 43 428
21 44 5
21 47 598
21 48 580
21 49 164
21 2 144
21 3 396
21 4 11
21 13 247
21 14 684
21 16 505
21 17 776
22 23 684
22 24 91
22 26 162
22 30 430
22 32 44
22 33 404
22 38 59
22 40 508
22 43 326
22 45 223
22 48 312
22 49 892
22 2 94
22 4 534
22 6 500
22 7 842
22 8 406
22 9 822
22 10 860
22 12 72
22 13 816
22 16 60
22 17 931
22 20 26
22 47 256
23 24 299
23 28 726
23 30 393
23 32 484
23 35 383
23 38 604
23 39 851
23 41 115
23 43 545
23 47 841
23 49 213
23 0 310
23 5 239
23 6 14
23 7 249
23 8 136
23 12 587
23 20 621
23 22 86
24 25 79
24 29 298
24 31 38
24 34 366
24 36 125
24 39 480
24 41 582
24 44 604
24 45 852
24 0 453
24 1 252
24 3 436
24 5 257
24 8 192
24 10 241
24 16 680
24 17 71
24 18 670
24 19 613
24 20 809
24 22 32
24 30 683
24 37 672
25 27 527
25 30 134
25 33 970
25 36 137
25 37 657
25 38 529
25 41 796
25 43 981
25 45 391
25 46 909
25 1 708
25 5 652
25 6 736
25 7 48
25 13 434
25 14 487
25 15 381
25 16 170
25 17 419
25 18 675
25 19 505
25 21 417
25 32 817
26 32 669
26 33 816
26 35 885
26 36 972
26 39 651
26 40 411
26 46 496
26 47 402
26 1 416
26 2 436
26 5 945
26 8 267
26 10 76
26 15 302
26 18 200
26 19 46
26 20 305
26 21 296
26 23 93
26 24 694
27 29 869
27 32 244
27 36 583
27 39 176
27 45 519
27 46 910
27 1 54
27 2 151
27 4 425
27 8 13
27 11 359
27 13 911
27 15 481
27 16 281
27 17 805
27 19 195
27 20 401
27 23 945
27 24 472
27 26 597
27 38 87
28 30 155
28 31 606
28 35 229
28 37 855
28 48 364
28 0 851
28 2 889
28 3 37
28 4 539
28 8 187
28 11 962
28 12 643
28 15 317
28 20 558
28 22 493
28 34 845
28 43 559
29 30 474
29 32 450
29 39 664
29 40 426
29 41 82
29 42 192
29 43 855
29 45 606
29 47 304
29 1 564
29 9 751
29 11 351
29 12 731
29 15 60
29 17 506
29 19 653
29 22 840
29 25 64
29 26 712
29 27 537
30 31 949
30 32 401
30 34 948
30 37 296
30 38 632
30 42 971
30 45 55
30 0 732
30 3 476
30 5 204
30 8 953
30 9 153
30 17 56
30 21 866
30 23 382
31 32 187
31 34 676
31 36 200
31 37 838
31 39 558
31 40 471
31 41 898
31 42 558
31 43 729
31 48 963
31 0 822
31 1 514
31 2 564
31 8 27
31 11 549
31 17 554
31 20 755
31 23 860
31 28 24
31 29 218
31 30 484
32 33 663
32 34 249
32 36 576
32 39 229
32 40 860
32 41 700
32 42 428
32 44 91
32 45 676
32 47 750
32 4 910
32 5 393
32 7 388
32 10 456
32 11 407
32 13 128
32 17 931
32 18 769
32 26 85
32 27 830
32 29 420
32 31 264
32 46 621
33 35 386
33 36 441
33 37 671
33 38 683
33 43 604
33 44 749
33 46 373
33 48 71
33 49 432
33 2 226
33 3 963
33 4 427
33 5 666
33 7 519
33 11 840
33 15 649
33 17 886
33 20 832
33 27 913
33 28 118
34 36 746
34 39 280
34 41 614
34 46 783
34 2 921
34 4 981
34 6 745
34 9 585
34 10 316
34 12 286
34 14 221
34 16 783
34 19 622
34 21 623
34 22 880
34 23 774
34 28 523
35 36 408
35 39 1
35 41 271
35 42 965
35 44 343
35 45 291
35 47 789
35 49 506
35 0 529
35 3 979
35 4 999
35 6 992
35 18 78
35 19 89
35 22 430
35 24 715
35 26 356
35 28 388
35 33 667
36 40 36
36 42 2
36 43 683
36 45 440
36 46 944
36 48 860
36 1 46
36 2 786
36 5 804
36 7 472
36 11 170
36 17 185
36 20 286
36 22 291
36 24 141
36 25 980
36 27 172
36 32 464
37 40 608
37 43 180
37 45 638
37 46 703
37 49 789
37 1 861
37 2 164
37 3 583
37 4 688
37 6 997
37 7 665
37 10 620
37 13 420
37 17 88
37 21 744
37 23 53
37 24 171
37 25 667
37 26 594
37 28 545
37 29 843
37 33 644
37 34 527
37 35 998
37 42 202
38 39 855
38 42 483
38 44 165
38 45 95
38 48 315
38 0 409
38 7 882
38 10 689
38 11 558
38 14 418
38 19 956
38 21 774
38 26 144
38 29 177
38 31 165
38 32 22
38 36 20
38 37 111
39 40 883
39 42 967
39 45 297
39 2 687
39 3 427
39 5 896
39 6 809
39 8 106
39 13 663
39 14 4
39 17 881
39 19 946
39 20 585
39 21 213
39 23 503
39 24 23
39 26 472
39 36 284
39 37 579
39 38 851
40 41 324
40 46 210
40 47 343
40 49 816
40 4 985
40 5 134
40 6 789
40 7 95
40 10 183
40 12 716
40 21 942
40 22 977
40 23 397
40 24 184
40 27 880
40 29 823
40 30 197
40 31 212
40 32 171
40 33 749
40 34 578
40 36 806
40 39 314
41 42 496
41 46 409
41 49 763
41 0 686
41 5 873
41 7 101
41 8 599
41 10 362
41 12 19
41 14 344
41 16 486
41 17 239
41 19 887
41 22 731
41 24 131
41 26 621
41 30 178
41 32 943
41 37 961
41 38 530
41 39 249
41 48 580
42 45 2
42 46 648
42 47 989
42 1 895
42 5 623
42 6 511
42 7 324
42 16 20
42 17 545
42 23 406
42 25 87
42 27 256
42 28 544
42 29 182
42 31 727
42 33 290
42 34 940
42 38 331
43 45 22
43 46 393
43 3 497
43 5 850
43 7 745
43 10 428
43 16 190
43 18 967
43 19 930
43 20 479
43 22 318
43 23 708
43 24 326
43 26 5
43 28 223
43 30 801
43 31 113
43 32 50
43 33 641
43 39 847
43 41 411
44 47 893
44 0 819
44 6 127
44 11 541
44 15 541
44 16 381
44 18 701
44 19 501
44 22 140
44 23 996
44 25 410
44 26 859
44 29 864
44 30 28
44 31 212
44 34 406
44 37 599
44 38 929
44 40 284
44 43 800
45 46 516
45 48 794
45 0 232
45 4 878
45 12 919
45 16 483
45 19 784
45 20 60
45 23 209
45 26 298
45 29 171
45 36 142
45 40 985
45 41 190
45 42 485
45 43 239
45 49 958
46 48 886
46 0 675
46 1 612
46 7 142
46 8 488
46 11 277
46 12 873
46 18 906
46 19 646
46 20 676
46 21 689
46 24 6
46 25 509
46 26 170
46 27 894
46 28 868
46 30 701
46 32 868
46 34 740
46 35 1000
46 38 277
46 39 375
46 43 69
46 44 67
47 48 978
47 49 752
47 6 789
47 7 657
47 10 831
47 14 386
47 15 833
47 16 855
47 21 398
47 29 815
47 30 977
47 35 607
47 39 416
47 41 968
47 42 713
47 44 795
48 49 370
48 5 787
48 6 263
48 8 573
48 14 741
48 16 984
48 17 103
48 20 518
48 22 195
48 38 543
48 40 379
48 42 449
48 43 960
48 45 433
49 6 374
49 12 1
49 13 400
49 19 792
49 21 89
49 22 523
49 26 714
49 33 466
49 41 288
49 44 975
49 46 851
