100 4060 0
0 1 895
0 4 256
0 5 888
0 6 395
0 7 468
0 13 934
0 14 107
0 15 812
0 16 905
0 17 411
0 19 671
0 21 207
0 24 541
0 27 841
0 30 904
0 31 730
0 37 141
0 44 777
0 46 275
0 47 191
0 48 203
0 49 586
0 51 162
0 52 88
0 53 149
0 54 274
0 57 423
0 60 30
0 61 304
0 63 717
0 64 217
0 66 978
0 67 283
0 68 614
0 69 736
0 70 135
0 71 786
0 72 129
0 73 492
0 80 286
0 84 793
0 90 635
0 93 618
0 94 366
0 98 653
0 99 469
0 9 914
0 20 592
1 2 439
1 5 751
1 7 77
1 8 229
1 9 523
1 13 793
1 16 227
1 19 870
1 23 772
1 24 341
1 25 310
1 30 381
1 32 748
1 33 150
1 34 516
1 35 915
1 38 471
1 41 820
1 42 427
1 44 882
1 46 921
1 50 490
1 51 732
1 54 896
1 57 763
1 58 668
1 60 180
1 61 986
1 62 905
1 68 993
1 69 159
1 71 965
1 76 564
1 83 981
1 85 305
1 88 37
1 89 515
1 91 159
1 98 963
1 99 54
1 74 761
2 5 303
2 8 269
2 15 438
2 20 53
2 21 371
2 23 881
2 25 481
2 26 21
2 29 417
2 30 207
2 31 66
2 33 547
2 34 940
2 37 103
2 41 659
2 42 175
2 43 567
2 44 80
2 45 944
2 46 217
2 47 334
2 53 271
2 54 437
2 55 484
2 56 198
2 57 951
2 59 234
2 65 874
2 66 932
2 69 204
2 73 78
2 75 227
2 78 202
2 81 945
2 83 137
2 89 517
2 90 298
2 92 673
2 96 381
2 97 419
2 99 629
2 0 701
2 3 832
2 4 747
2 6 514
2 12 325
2 22 229
3 6 305
3 8 412
3 15 629
3 18 528
3 21 52
3 23 997
3 24 193
3 25 661
3 26 855
3 28 417
3 32 784
3 33 539
3 34 523
3 35 777
3 43 784
3 45 402
3 46 703
3 48 106
3 50 924
3 51 27
3 52 299
3 53 763
3 55 253
3 57 158
3 61 879
3 66 63
3 67 981
3 70 163
3 71 217
3 73 706
3 77 658
3 82 402
3 83 527
3 85 369
3 86 793
3 87 894
3 90 335
3 91 279
3 93 465
3 94 741
3 96 219
3 97 665
3 98 104
3 5 327
3 10 14
3 27 258
3 36 919
4 6 805
4 9 831
4 10 306
4 11 827
4 13 816
4 15 170
4 22 238
4 25 496
4 30 975
4 31 282
4 35 205
4 37 990
4 38 106
4 40 668
4 42 209
4 45 514
4 47 194
4 50 469
4 51 104
4 53 374
4 55 429
4 60 206
4 63 490
4 68 270
4 69 602
4 70 786
4 72 640
4 73 834
4 74 845
4 75 241
4 79 148
4 81 988
4 83 199
4 85 870
4 87 258
4 93 708
4 95 848
4 96 823
4 98 894
4 2 679
4 3 874
4 7 970
5 6 397
5 7 765
5 8 467
5 12 45
5 17 104
5 20 422
5 25 30
5 26 737
5 30 617
5 31 896
5 32 850
5 38 934
5 40 455
5 44 667
5 46 89
5 47 785
5 53 677
5 55 301
5 56 495
5 59 901
5 63 46
5 64 819
5 66 340
5 73 882
5 76 267
5 79 40
5 84 343
5 85 709
5 86 148
5 88 150
5 90 946
5 95 220
5 1 252
5 3 248
5 65 444
5 81 562
5 98 533
6 11 204
6 12 486
6 14 497
6 16 608
6 19 473
6 20 111
6 21 935
6 22 385
6 25 61
6 27 615
6 29 596
6 31 292
6 33 476
6 35 464
6 39 840
6 40 625
6 43 792
6 44 579
6 45 796
6 48 225
6 49 960
6 53 761
6 55 484
6 56 497
6 59 291
6 60 480
6 62 418
6 63 373
6 64 539
6 66 638
6 68 336
6 69 570
6 71 714
6 76 994
6 78 793
6 79 953
6 80 905
6 81 402
6 84 39
6 85 554
6 88 504
6 89 407
6 94 371
6 95 287
6 96 127
6 98 356
6 99 68
6 3 783
6 4 456
6 5 524
7 8 500
7 17 275
7 18 32
7 20 388
7 24 527
7 26 269
7 31 964
7 32 778
7 33 241
7 35 778
7 36 634
7 38 882
7 40 886
7 48 671
7 58 805
7 59 868
7 62 86
7 64 551
7 66 904
7 67 198
7 71 163
7 74 992
7 75 439
7 77 214
7 79 855
7 82 248
7 83 512
7 86 475
7 87 979
7 88 621
7 90 519
7 92 18
7 93 952
7 94 957
7 99 793
7 2 610
7 5 583
8 9 961
8 10 176
8 14 791
8 16 396
8 18 590
8 19 585
8 21 228
8 22 373
8 25 470
8 26 889
8 27 175
8 29 954
8 32 315
8 34 733
8 35 558
8 39 525
8 41 423
8 42 448
8 49 109
8 51 339
8 52 312
8 53 614
8 57 762
8 61 785
8 65 324
8 66 695
8 67 612
8 73 851
8 74 891
8 76 910
8 78 837
8 81 301
8 86 413
8 87 857
8 89 311
8 93 126
8 94 994
8 96 573
8 97 536
8 98 471
8 0 816
8 2 589
8 3 66
8 4 184
8 6 80
8 7 17
9 11 455
9 13 365
9 18 458
9 19 421
9 24 966
9 28 474
9 31 965
9 34 595
9 37 7
9 38 655
9 39 528
9 40 481
9 43 388
9 49 585
9 51 478
9 52 95
9 53 898
9 56 200
9 59 854
9 62 998
9 65 606
9 73 760
9 74 398
9 77 668
9 79 919
9 80 624
9 81 274
9 84 504
9 86 737
9 87 139
9 91 833
9 92 266
9 93 100
9 94 334
9 99 544
9 1 944
9 2 237
9 3 598
9 5 349
9 6 353
9 7 775
9 14 929
10 11 113
10 16 948
10 18 858
10 19 397
10 20 272
10 21 605
10 22 565
10 24 882
10 25 526
10 26 835
10 28 991
10 29 408
10 32 961
10 33 712
10 34 470
10 35 593
10 36 334
10 40 637
10 44 461
10 46 113
10 47 730
10 49 818
10 50 143
10 55 758
10 57 24
10 58 282
10 59 748
10 62 728
10 63 940
10 64 888
10 65 471
10 71 268
10 73 687
10 76 123
10 78 955
10 80 361
10 82 485
10 85 727
10 90 827
10 93 675
10 96 963
10 99 501
10 0 816
10 4 253
10 7 59
11 13 48
11 14 619
11 15 842
11 17 955
11 18 599
11 21 542
11 22 569
11 25 76
11 28 456
11 31 225
11 32 591
11 33 931
11 36 29
11 38 527
11 39 201
11 40 524
11 42 945
11 43 815
11 47 77
11 52 405
11 54 687
11 56 62
11 57 309
11 61 144
11 67 543
11 69 829
11 78 248
11 80 626
11 98 860
11 99 639
11 0 337
11 3 478
11 4 919
11 10 36
11 23 159
12 15 750
12 17 138
12 19 736
12 23 532
12 27 405
12 29 235
12 33 85
12 37 877
12 38 771
12 39 186
12 43 523
12 45 752
12 47 832
12 50 513
12 53 251
12 54 700
12 55 299
12 56 990
12 57 71
12 64 559
12 68 887
12 69 271
12 70 275
12 73 199
12 75 430
12 77 604
12 80 211
12 81 520
12 85 390
12 86 194
12 88 457
12 89 569
12 92 757
12 93 629
12 94 356
12 2 70
12 3 24
12 4 590
12 6 808
12 7 311
12 8 19
12 31 764
13 17 291
13 18 36
13 22 971
13 27 77
13 29 484
13 30 543
13 31 461
13 32 844
13 38 996
13 40 944
13 45 454
13 49 977
13 51 202
13 52 703
13 56 360
13 57 195
13 58 621
13 59 486
13 60 293
13 64 23
13 67 239
13 69 120
13 71 889
13 73 894
13 76 554
13 77 261
13 78 411
13 81 160
13 84 897
13 88 485
13 89 894
13 91 354
13 94 769
13 95 465
13 96 222
13 5 42
13 6 932
13 8 465
13 25 836
13 62 178
14 16 729
14 17 718
14 18 793
14 20 253
14 22 434
14 23 964
14 25 351
14 28 650
14 29 883
14 31 537
14 34 289
14 35 984
14 37 327
14 38 84
14 41 318
14 43 69
14 47 922
14 49 589
14 53 160
14 58 423
14 60 96
14 62 882
14 64 314
14 71 524
14 72 739
14 73 901
14 78 614
14 81 871
14 85 241
14 89 670
14 91 169
14 92 30
14 94 585
14 98 245
14 1 798
14 5 34
14 8 590
14 9 614
14 39 529
14 75 278
15 21 323
15 22 682
15 23 293
15 24 122
15 25 909
15 30 930
15 33 26
15 34 415
15 35 618
15 36 568
15 38 470
15 40 355
15 41 925
15 42 627
15 43 724
15 44 754
15 45 985
15 48 914
15 50 856
15 52 980
15 53 224
15 56 874
15 57 181
15 58 221
15 61 908
15 63 472
15 71 389
15 73 657
15 75 533
15 77 172
15 80 2
15 81 425
15 82 560
15 85 471
15 86 435
15 89 130
15 91 127
15 94 476
15 1 515
15 2 234
15 3 133
15 4 335
15 8 219
15 9 917
15 10 92
15 97 633
16 20 604
16 21 590
16 22 135
16 23 21
16 25 244
16 26 587
16 27 0
16 28 31
16 31 751
16 34 114
16 37 552
16 39 360
16 44 935
16 48 632
16 56 911
16 57 199
16 58 795
16 59 107
16 60 223
16 61 823
16 63 853
16 65 704
16 66 79
16 67 155
16 68 108
16 71 794
16 73 310
16 75 778
16 79 150
16 80 858
16 84 589
16 86 305
16 87 662
16 88 518
16 97 188
16 99 912
16 0 585
16 1 438
16 5 931
16 8 696
16 9 733
16 10 960
16 11 113
16 15 451
16 53 764
16 90 992
17 22 383
17 29 702
17 32 63
17 33 607
17 37 565
17 39 638
17 40 668
17 43 476
17 44 931
17 48 484
17 55 761
17 59 736
17 63 594
17 69 87
17 71 65
17 77 69
17 78 83
17 87 757
17 90 696
17 94 616
17 1 667
17 4 632
17 6 365
17 11 390
17 18 320
17 19 536
17 82 603
17 96 320
18 23 364
18 25 72
18 27 565
18 28 742
18 29 656
18 30 721
18 31 983
18 37 528
18 43 849
18 46 848
18 47 66
18 49 533
18 51 23
18 52 770
18 55 295
18 58 579
18 60 977
18 61 899
18 64 696
18 65 417
18 71 530
18 78 614
18 79 781
18 81 185
18 82 869
18 87 87
18 91 844
18 94 455
18 97 628
18 1 655
18 3 842
18 4 196
18 6 188
18 7 155
18 8 324
18 9 840
18 10 988
18 13 350
18 17 864
18 76 252
19 20 769
19 21 87
19 23 638
19 25 310
19 26 777
19 27 555
19 28 866
19 31 573
19 33 146
19 35 501
19 37 579
19 40 652
19 42 422
19 46 531
19 47 85
19 49 581
19 50 380
19 51 626
19 52 936
19 58 285
19 60 728
19 62 313
19 68 510
19 69 209
19 74 710
19 76 232
19 78 21
19 83 471
19 84 643
19 91 148
19 92 992
19 94 79
19 1 22
19 6 815
19 7 899
19 8 893
19 15 588
19 16 78
19 17 842
19 18 274
19 59 111
20 21 362
20 32 719
20 37 877
20 40 328
20 43 823
20 49 836
20 51 766
20 52 226
20 55 881
20 57 903
20 58 615
20 60 740
20 61 422
20 64 5
20 68 250
20 71 445
20 74 654
20 76 581
20 77 969
20 80 176
20 84 217
20 86 648
20 87 962
20 89 916
20 91 459
20 92 826
20 93 81
20 94 600
20 96 849
20 97 615
20 98 61
20 0 816
20 3 589
20 5 790
20 6 889
20 8 889
20 10 499
20 12 278
20 13 337
20 14 478
20 16 307
20 18 542
20 19 787
21 26 864
21 31 198
21 34 131
21 36 352
21 39 317
21 40 414
21 41 45
21 45 500
21 50 234
21 66 937
21 72 131
21 75 5
21 80 560
21 81 492
21 82 509
21 83 942
21 84 347
21 85 544
21 87 292
21 91 432
21 92 941
21 94 134
21 95 549
21 96 295
21 97 791
21 98 656
21 99 839
21 6 499
21 10 861
21 15 639
22 24 782
22 25 426
22 26 596
22 27 63
22 28 61
22 34 860
22 37 355
22 38 79
22 43 457
22 44 235
22 46 833
22 48 512
22 49 589
22 54 286
22 57 286
22 58 62
22 61 645
22 65 312
22 69 628
22 70 372
22 73 404
22 75 469
22 78 239
22 79 142
22 80 88
22 81 165
22 82 382
22 84 473
22 86 808
22 87 680
22 93 803
22 99 959
22 2 870
22 3 139
22 4 365
22 6 789
22 9 282
22 10 360
22 14 154
22 18 142
22 19 884
23 27 194
23 30 759
23 31 371
23 37 393
23 39 620
23 40 768
23 43 842
23 45 368
23 47 763
23 49 123
23 56 360
23 59 666
23 62 178
23 69 829
23 71 190
23 72 721
23 77 607
23 81 572
23 83 64
23 92 29
23 94 942
23 98 892
23 1 822
23 4 422
23 6 514
23 7 186
23 8 415
23 10 751
23 12 26
23 13 786
23 14 545
23 15 155
23 17 244
23 19 327
24 25 179
24 26 552
24 27 498
24 35 922
24 40 97
24 42 426
24 45 197
24 47 219
24 48 318
24 49 952
24 51 778
24 55 377
24 56 708
24 57 465
24 60 265
24 61 925
24 63 141
24 64 600
24 67 945
24 69 279
24 70 818
24 72 696
24 74 907
24 75 681
24 77 609
24 81 157
24 82 901
24 89 551
24 90 973
24 91 415
24 93 18
24 94 356
24 0 53
24 1 101
24 3 524
24 5 698
24 6 902
24 7 358
24 9 722
24 11 483
24 12 181
24 14 392
24 15 372
24 17 892
24 19 131
24 20 182
24 23 32
24 29 571
25 26 709
25 29 101
25 31 321
25 32 795
25 36 134
25 38 576
25 39 565
25 42 682
25 43 422
25 46 894
25 49 450
25 53 619
25 55 898
25 56 799
25 60 636
25 63 390
25 64 757
25 66 349
25 67 431
25 69 305
25 74 296
25 79 657
25 80 466
25 85 481
25 87 677
25 88 231
25 91 531
25 93 731
25 94 838
25 95 683
25 96 513
25 97 564
25 98 389
25 3 265
25 4 396
25 9 333
25 13 642
25 16 145
25 17 277
25 20 809
25 22 934
25 23 916
25 47 926
26 27 111
26 28 62
26 29 935
26 34 794
26 36 931
26 40 866
26 41 532
26 43 172
26 44 729
26 47 270
26 50 398
26 51 150
26 55 528
26 63 534
26 67 49
26 69 214
26 71 162
26 73 428
26 75 732
26 76 554
26 78 432
26 79 511
26 86 90
26 88 899
26 90 519
26 92 66
26 97 961
26 98 525
26 99 535
26 2 337
26 5 840
26 6 931
26 8 730
26 18 200
26 19 446
26 20 670
26 21 888
26 22 561
26 24 531
26 49 353
27 29 245
27 37 549
27 38 984
27 44 757
27 46 692
27 51 141
27 61 223
27 63 190
27 64 977
27 65 691
27 67 727
27 69 988
27 71 394
27 72 504
27 77 221
27 80 787
27 82 218
27 83 858
27 84 393
27 85 396
27 87 24
27 88 528
27 91 535
27 94 74
27 95 817
27 2 51
27 6 234
27 8 9
27 15 984
27 16 552
27 20 185
27 22 507
27 24 996
27 34 8
27 35 393
27 45 869
28 32 466
28 36 939
28 38 833
28 40 910
28 43 972
28 44 944
28 47 753
28 48 596
28 49 792
28 50 894
28 55 162
28 58 508
28 59 630
28 60 617
28 61 550
28 62 313
28 73 817
28 74 261
28 75 759
28 81 491
28 83 417
28 85 208
28 86 221
28 89 866
28 92 842
28 93 922
28 95 866
28 96 165
28 98 101
28 99 374
28 3 833
28 5 10
28 7 122
28 9 198
28 11 626
28 12 666
28 17 442
28 23 273
28 24 893
28 25 600
28 27 73
28 63 578
29 32 775
29 33 540
29 37 811
29 38 826
29 45 178
29 46 183
29 47 282
29 49 163
29 54 923
29 56 729
29 59 637
29 61 255
29 62 946
29 63 867
29 64 468
29 65 130
29 68 601
29 69 9
29 70 309
29 71 974
29 73 201
29 76 846
29 77 330
29 83 546
29 86 994
29 87 419
29 92 601
29 93 603
29 94 285
29 96 450
29 99 220
29 0 868
29 8 193
29 12 707
29 22 134
29 23 29
29 28 286
30 35 282
30 37 287
30 38 683
30 40 491
30 44 634
30 45 703
30 46 681
30 47 819
30 51 210
30 57 49
30 58 32
30 59 537
30 61 923
30 64 550
30 67 660
30 69 377
30 70 104
30 72 105
30 73 865
30 78 574
30 79 809
30 81 209
30 87 248
30 88 75
30 90 410
30 91 131
30 96 140
30 98 720
30 99 617
30 0 94
30 3 74
30 4 131
30 5 102
30 6 72
30 8 552
30 9 905
30 10 424
30 11 573
30 16 90
30 18 364
30 23 714
30 29 71
31 32 83
31 34 199
31 35 201
31 37 416
31 38 143
31 43 628
31 47 609
31 49 921
31 50 353
31 51 785
31 52 849
31 53 811
31 54 795
31 56 162
31 57 981
31 62 841
31 63 697
31 64 755
31 65 237
31 66 632
31 67 935
31 73 509
31 74 679
31 75 929
31 76 774
31 77 170
31 78 429
31 83 365
31 85 810
31 86 86
31 87 913
31 88 30
31 90 872
31 91 101
31 93 287
31 94 503
31 0 121
31 1 664
31 3 627
31 4 839
31 12 801
31 14 123
31 18 538
31 22 722
31 24 836
31 27 388
32 43 648
32 44 141
32 46 343
32 49 784
32 53 559
32 55 966
32 57 487
32 59 253
32 63 789
32 64 637
32 68 390
32 72 902
32 74 493
32 78 361
32 79 619
32 81 129
32 85 705
32 86 486
32 90 5
32 91 856
32 92 918
32 93 764
32 96 532
32 0 674
32 10 905
32 15 103
32 17 593
32 19 485
32 24 291
32 25 864
32 29 978
33 37 192
33 38 953
33 41 383
33 44 264
33 49 823
33 50 268
33 52 169
33 56 169
33 60 301
33 63 437
33 67 137
33 70 76
33 71 610
33 72 682
33 74 963
33 76 264
33 77 794
33 79 693
33 82 232
33 85 640
33 86 695
33 90 756
33 91 576
33 92 839
33 94 909
33 95 52
33 97 714
33 98 48
33 99 188
33 0 746
33 3 617
33 14 454
33 17 7
33 19 173
33 23 155
33 25 874
33 26 856
33 27 26
33 28 98
33 29 237
34 37 258
34 39 919
34 41 703
34 44 577
34 47 843
34 52 432
34 54 452
34 55 747
34 58 312
34 59 216
34 60 25
34 61 471
34 62 874
34 63 715
34 65 202
34 66 266
34 74 479
34 76 110
34 78 80
34 80 531
34 83 744
34 85 242
34 86 979
34 92 987
34 93 898
34 95 844
34 96 139
34 1 205
34 4 711
34 6 758
34 7 273
34 8 360
34 12 388
34 16 205
34 18 895
34 19 408
34 23 913
34 24 764
34 27 533
34 29 120
34 38 442
35 37 509
35 39 139
35 41 626
35 44 922
35 46 322
35 47 894
35 48 271
35 49 671
35 50 572
35 55 552
35 56 404
35 58 608
35 60 57
35 64 274
35 66 849
35 67 227
35 68 202
35 69 369
35 72 368
35 73 0
35 74 103
35 75 951
35 76 297
35 77 205
35 80 820
35 81 306
35 82 422
35 87 642
35 88 64
35 90 167
35 94 146
35 97 332
35 0 148
35 1 612
35 2 924
35 4 164
35 5 644
35 7 885
35 14 994
35 16 314
35 24 991
35 25 957
35 27 335
35 30 126
35 31 474
35 33 659
35 43 479
36 37 493
36 38 671
36 41 570
36 42 405
36 44 138
36 45 623
36 48 798
36 50 707
36 54 507
36 55 537
36 59 566
36 61 642
36 64 282
36 65 8
36 71 27
36 72 870
36 78 634
36 83 954
36 84 132
36 89 685
36 91 900
36 93 554
36 94 775
36 97 475
36 98 339
36 0 497
36 3 932
36 6 105
36 7 590
36 9 529
36 10 927
36 11 80
36 16 260
36 17 857
36 19 927
36 21 908
36 22 801
36 23 87
36 24 536
36 27 678
36 28 737
36 29 640
36 31 55
36 33 895
36 34 792
36 52 761
37 38 316
37 40 512
37 41 831
37 45 909
37 48 454
37 52 173
37 55 303
37 57 848
37 58 435
37 59 409
37 60 557
37 61 656
37 62 853
37 64 391
37 69 130
37 71 475
37 72 331
37 79 214
37 80 29
37 83 20
37 88 618
37 89 137
37 90 251
37 91 510
37 96 665
37 3 768
37 4 219
37 8 216
37 9 656
37 14 405
37 15 616
37 16 69
37 17 458
37 19 674
37 20 454
37 22 347
37 24 893
37 27 93
37 31 813
37 34 235
37 56 173
37 70 157
38 41 958
38 46 332
38 53 237
38 55 818
38 56 715
38 61 169
38 63 696
38 64 526
38 70 246
38 71 775
38 72 178
38 75 214
38 77 948
38 85 150
38 86 478
38 90 879
38 93 946
38 95 895
38 96 239
38 98 378
38 2 869
38 5 408
38 8 633
38 10 101
38 12 978
38 13 602
38 22 468
38 25 439
38 26 699
38 29 376
38 30 257
38 31 930
38 32 451
38 37 604
39 46 836
39 48 839
39 50 931
39 51 821
39 52 945
39 53 513
39 56 766
39 57 680
39 62 639
39 63 464
39 66 111
39 70 53
39 73 268
39 74 255
39 81 605
39 82 332
39 83 843
39 91 649
39 93 442
39 97 214
39 98 971
39 99 264
39 2 208
39 5 270
39 6 318
39 7 397
39 12 460
39 14 632
39 15 661
39 20 115
39 21 532
39 23 893
39 24 129
39 25 971
39 26 410
39 29 104
39 34 957
39 36 361
39 38 714
39 60 704
40 41 107
40 42 6
40 43 655
40 44 515
40 45 28
40 47 252
40 48 477
40 50 308
40 51 111
40 53 210
40 57 717
40 59 337
40 63 177
40 64 580
40 65 572
40 66 950
40 70 122
40 73 663
40 74 572
40 75 417
40 77 51
40 78 416
40 82 841
40 84 819
40 87 159
40 93 85
40 97 645
40 4 728
40 9 474
40 11 504
40 14 442
40 21 93
40 30 600
40 33 397
40 35 834
40 37 70
40 38 573
40 86 761
41 44 595
41 54 792
41 56 344
41 57 806
41 58 471
41 60 392
41 62 545
41 63 989
41 64 487
41 65 353
41 67 287
41 68 386
41 70 352
41 75 749
41 81 230
41 82 594
41 83 855
41 87 990
41 93 282
41 0 826
41 2 53
41 3 689
41 5 542
41 7 7
41 8 123
41 9 96
41 11 151
41 12 704
41 14 511
41 16 361
41 19 631
41 20 386
41 21 469
41 26 865
41 28 361
41 29 811
41 30 925
41 32 882
41 33 698
41 35 778
41 39 955
41 40 284
41 71 334
42 43 164
42 48 913
42 50 367
42 51 716
42 52 888
42 54 692
42 55 713
42 56 462
42 58 701
42 61 768
42 62 913
42 64 460
42 65 33
42 68 636
42 72 126
42 76 801
42 79 229
42 80 658
42 85 225
42 87 944
42 88 360
42 91 177
42 92 493
42 95 169
42 99 649
42 1 124
42 2 628
42 3 599
42 9 856
42 10 374
42 11 114
42 13 875
42 15 274
42 16 353
42 19 515
42 22 620
42 23 308
42 26 450
42 29 698
42 32 305
42 34 836
42 37 163
42 38 748
42 77 329
43 44 745
43 47 804
43 49 291
43 50 395
43 55 743
43 56 166
43 58 148
43 59 115
43 61 315
43 62 76
43 63 549
43 64 460
43 65 232
43 68 48
43 73 734
43 74 333
43 89 932
43 94 650
43 96 996
43 97 178
43 1 13
43 4 229
43 5 339
43 10 777
43 12 367
43 14 82
43 15 379
43 16 213
43 18 899
43 20 675
43 24 530
43 26 696
43 29 474
43 30 43
43 31 728
43 34 260
43 37 550
43 41 251
43 42 680
43 46 21
43 88 255
44 47 705
44 49 251
44 50 130
44 51 558
44 52 420
44 54 382
44 56 947
44 61 53
44 64 688
44 66 812
44 73 562
44 79 999
44 83 79
44 86 437
44 89 164
44 4 919
44 8 420
44 9 788
44 11 975
44 18 299
44 23 480
44 27 169
44 28 4
44 30 998
44 31 24
44 40 78
44 41 236
44 43 842
44 48 587
44 93 867
45 46 182
45 48 62
45 49 246
45 50 107
45 53 886
45 60 320
45 61 768
45 62 46
45 64 33
45 65 256
45 67 302
45 69 955
45 81 81
45 86 902
45 90 872
45 91 353
45 1 254
45 2 581
45 4 393
45 6 338
45 9 410
45 11 331
45 13 500
45 14 712
45 17 134
45 18 137
45 23 468
45 25 879
45 26 507
45 27 437
45 33 614
45 34 326
45 36 641
45 39 411
45 42 909
45 44 537
45 73 674
46 50 474
46 52 257
46 53 65
46 54 494
46 57 682
46 58 950
46 59 756
46 62 756
46 64 727
46 67 790
46 73 248
46 75 80
46 76 975
46 78 729
46 80 117
46 83 410
46 85 323
46 86 10
46 88 300
46 89 732
46 92 447
46 96 266
46 99 274
46 0 72
46 1 948
46 4 751
46 12 508
46 15 892
46 19 397
46 21 909
46 25 73
46 26 402
46 27 33
46 29 537
46 30 373
46 31 673
46 37 635
46 39 454
46 40 577
46 41 353
46 44 697
47 48 858
47 51 711
47 52 597
47 59 529
47 62 324
47 68 271
47 69 349
47 75 858
47 76 413
47 77 566
47 79 35
47 83 289
47 85 921
47 86 882
47 87 182
47 90 907
47 96 732
47 1 93
47 2 390
47 3 163
47 4 38
47 5 343
47 11 709
47 12 384
47 15 695
47 16 659
47 17 464
47 19 24
47 20 4
47 21 690
47 23 479
47 29 548
47 30 309
47 31 421
47 32 316
47 38 254
47 42 553
47 46 960
47 54 266
48 49 143
48 50 653
48 53 995
48 54 28
48 55 905
48 57 86
48 60 799
48 63 542
48 66 916
48 67 425
48 73 867
48 77 641
48 79 38
48 80 375
48 81 690
48 83 673
48 86 466
48 87 221
48 88 295
48 89 642
48 95 599
48 99 416
48 0 268
48 2 134
48 3 314
48 4 841
48 5 38
48 10 453
48 13 2
48 16 579
48 19 895
48 20 786
48 21 871
48 26 848
48 33 679
48 34 51
48 37 399
48 40 287
48 44 952
48 47 674
48 58 662
49 50 776
49 52 786
49 55 122
49 56 712
49 62 959
49 63 229
49 69 318
49 70 744
49 71 820
49 73 491
49 74 403
49 75 188
49 78 492
49 79 811
49 80 633
49 82 621
49 83 997
49 85 475
49 86 500
49 88 27
49 89 943
49 90 116
49 92 262
49 94 0
49 95 67
49 0 840
49 1 600
49 3 395
49 5 52
49 9 419
49 10 729
49 14 540
49 15 687
49 17 34
49 18 575
49 19 972
49 22 222
49 28 805
49 32 818
49 35 838
49 39 415
49 41 282
49 42 839
49 46 439
49 48 9
50 51 864
50 57 700
50 60 124
50 63 782
50 64 413
50 65 22
50 66 47
50 67 142
50 68 505
50 74 804
50 80 728
50 82 61
50 83 382
50 84 505
50 86 279
50 88 67
50 89 103
50 90 581
50 91 584
50 92 736
50 96 196
50 1 521
50 8 623
50 11 960
50 12 720
50 16 656
50 20 628
50 21 591
50 23 611
50 26 589
50 27 42
50 31 253
50 32 380
50 35 633
50 36 183
50 39 18
50 40 875
50 41 180
50 43 588
50 44 89
51 52 465
51 55 675
51 60 568
51 66 115
51 67 670
51 68 459
51 69 144
51 70 126
51 71 409
51 72 367
51 76 609
51 77 186
51 79 419
51 82 258
51 83 601
51 84 425
51 87 720
51 89 832
51 94 762
51 97 317
51 98 824
51 3 726
51 8 281
51 10 387
51 11 875
51 18 942
51 20 14
51 23 288
51 26 855
51 29 551
51 30 436
51 31 691
51 32 109
51 34 113
51 38 46
51 40 163
51 43 619
51 45 509
51 46 800
51 47 596
51 49 134
51 50 30
51 99 447
52 53 391
52 56 95
52 58 13
52 59 355
52 61 32
52 66 76
52 68 754
52 70 871
52 71 213
52 72 600
52 75 489
52 76 386
52 78 595
52 79 483
52 80 332
52 81 936
52 87 354
52 88 724
52 90 940
52 94 83
52 98 409
52 0 936
52 2 949
52 3 608
52 6 869
52 10 923
52 19 181
52 20 988
52 28 445
52 29 88
52 30 964
52 32 608
52 33 436
52 35 217
52 40 115
52 41 751
52 42 71
52 44 702
52 45 752
52 48 546
53 55 64
53 56 625
53 58 590
53 59 250
53 60 809
53 61 319
53 62 428
53 64 488
53 65 580
53 74 390
53 75 887
53 77 805
53 79 69
53 80 595
53 82 312
53 83 366
53 87 776
53 88 289
53 94 128
53 96 222
53 97 117
53 98 37
53 99 123
53 1 616
53 2 704
53 3 44
53 4 543
53 6 14
53 8 801
53 12 553
53 21 904
53 22 519
53 23 617
53 25 597
53 27 376
53 30 244
53 31 609
53 40 634
53 41 882
53 43 170
53 44 733
53 51 444
54 55 574
54 56 851
54 58 75
54 59 594
54 61 457
54 64 421
54 66 439
54 70 733
54 75 652
54 77 844
54 80 542
54 82 446
54 87 589
54 91 612
54 94 950
54 98 618
54 4 692
54 5 442
54 7 806
54 8 84
54 10 385
54 14 485
54 17 12
54 21 743
54 29 341
54 34 802
54 44 383
54 45 263
54 46 432
54 48 101
54 51 198
54 52 635
54 53 499
55 56 535
55 57 900
55 58 136
55 62 818
55 64 436
55 65 859
55 67 344
55 69 196
55 70 73
55 71 994
55 72 636
55 75 755
55 77 662
55 82 423
55 85 312
55 90 352
55 95 964
55 1 730
55 2 532
55 3 473
55 9 816
55 10 431
55 12 156
55 14 187
55 17 151
55 18 33
55 20 251
55 23 277
55 24 163
55 25 145
55 33 102
55 35 81
55 39 326
55 40 872
55 41 90
55 43 61
55 47 541
55 53 843
56 57 706
56 63 941
56 64 711
56 65 27
56 66 363
56 67 473
56 69 89
56 71 566
56 73 935
56 74 828
56 77 367
56 79 314
56 87 69
56 89 943
56 90 509
56 97 750
56 98 546
56 0 492
56 1 396
56 2 410
56 5 925
56 6 807
56 7 837
56 9 738
56 11 915
56 14 737
56 15 614
56 16 435
56 19 60
56 25 93
56 28 847
56 31 383
56 34 696
56 36 253
56 37 921
56 38 144
56 39 852
56 42 581
56 43 770
56 45 679
56 49 272
56 53 153
56 55 25
56 92 879
57 60 890
57 61 574
57 62 604
57 63 668
57 68 794
57 72 204
57 74 215
57 75 359
57 77 469
57 84 123
57 85 95
57 86 955
57 87 859
57 91 142
57 92 807
57 97 392
57 98 81
57 99 87
57 3 103
57 5 556
57 6 646
57 8 262
57 10 204
57 12 87
57 13 187
57 14 992
57 18 146
57 20 247
57 21 640
57 22 971
57 23 207
57 24 399
57 25 228
57 30 82
57 32 516
57 33 124
57 35 449
57 39 456
57 43 67
57 44 319
57 46 236
57 55 267
57 69 928
58 59 22
58 60 728
58 61 223
58 62 545
58 64 359
58 65 644
58 67 222
58 68 889
58 71 122
58 75 755
58 79 869
58 81 893
58 82 575
58 85 377
58 86 296
58 88 261
58 92 824
58 94 699
58 95 915
58 97 441
58 98 2
58 0 424
58 4 559
58 6 671
58 9 846
58 12 971
58 13 127
58 14 384
58 19 577
58 20 986
58 30 173
58 31 785
58 32 915
58 34 206
58 35 391
58 36 100
58 38 640
58 39 19
58 42 778
58 43 359
58 44 678
58 45 762
58 48 431
58 51 292
58 52 558
58 53 496
58 55 856
58 57 454
58 89 375
59 60 454
59 62 992
59 63 626
59 64 370
59 66 797
59 70 161
59 72 648
59 80 695
59 81 325
59 86 875
59 87 599
59 89 661
59 90 193
59 93 557
59 94 88
59 95 102
59 96 674
59 0 238
59 1 201
59 2 926
59 9 42
59 10 884
59 12 587
59 19 23
59 20 850
59 23 716
59 24 958
59 25 159
59 26 954
59 27 762
59 31 479
59 34 768
59 36 125
59 38 281
59 39 677
59 44 270
59 45 538
59 48 498
59 54 426
59 55 858
59 58 244
60 66 279
60 67 622
60 74 147
60 76 496
60 77 248
60 78 806
60 79 950
60 80 215
60 81 55
60 85 902
60 87 834
60 88 486
60 90 835
60 92 944
60 94 638
60 95 608
60 98 619
60 2 15
60 4 11
60 7 706
60 13 800
60 14 586
60 16 735
60 18 689
60 19 79
60 22 636
60 23 257
60 27 988
60 29 603
60 31 158
60 32 172
60 37 287
60 38 673
60 40 990
60 49 74
60 53 343
61 63 681
61 64 763
61 65 615
61 66 86
61 68 292
61 73 552
61 74 978
61 79 157
61 81 484
61 85 632
61 86 749
61 87 369
61 93 749
61 95 390
61 97 911
61 99 334
61 8 357
61 11 896
61 12 198
61 15 506
61 21 760
61 22 726
61 26 792
61 27 202
61 29 87
61 31 972
61 32 671
61 33 463
61 34 436
61 38 724
61 39 266
61 46 335
61 48 775
61 49 73
61 51 353
61 54 858
61 55 623
61 56 426
61 57 308
61 58 643
61 59 676
61 60 636
62 64 125
62 67 186
62 68 229
62 71 140
62 73 978
62 76 126
62 77 558
62 78 550
62 80 484
62 85 33
62 86 245
62 97 973
62 99 40
62 1 153
62 2 769
62 4 643
62 6 843
62 7 62
62 9 85
62 10 125
62 12 154
62 14 907
62 15 603
62 18 504
62 19 175
62 20 58
62 22 975
62 25 933
62 28 193
62 32 700
62 34 686
62 35 844
62 36 962
62 37 87
62 40 413
62 41 327
62 46 395
62 47 428
62 48 764
62 50 340
62 53 661
62 54 272
62 55 7
62 59 686
62 60 0
62 61 568
62 91 611
63 64 133
63 67 862
63 74 38
63 75 901
63 77 80
63 78 803
63 82 130
63 85 357
63 86 132
63 93 670
63 95 689
63 99 666
63 6 69
63 10 326
63 15 122
63 18 502
63 20 975
63 21 57
63 23 853
63 24 578
63 27 246
63 28 22
63 37 403
63 38 721
63 42 428
63 45 863
63 46 249
63 47 660
63 48 200
63 53 993
63 56 930
63 60 482
63 61 612
63 62 571
64 66 793
64 71 7
64 78 19
64 80 123
64 81 803
64 83 933
64 85 815
64 87 815
64 88 246
64 89 344
64 91 551
64 93 417
64 97 679
64 98 791
64 99 252
64 1 879
64 2 111
64 5 677
64 6 524
64 11 45
64 12 684
64 13 69
64 15 75
64 16 686
64 19 665
64 25 403
64 26 112
64 33 617
64 36 639
64 38 609
64 39 11
64 40 497
64 42 460
64 43 773
64 45 488
64 46 533
64 51 704
64 54 232
64 55 610
64 60 83
64 61 971
64 62 721
65 69 272
65 71 694
65 72 687
65 73 397
65 82 655
65 83 40
65 84 53
65 85 544
65 87 692
65 89 775
65 90 437
65 91 265
65 97 226
65 98 144
65 0 924
65 3 768
65 6 92
65 7 109
65 8 569
65 23 491
65 24 396
65 27 819
65 28 911
65 35 595
65 36 591
65 37 599
65 38 783
65 39 982
65 43 794
65 44 111
65 45 696
65 47 842
65 48 542
65 49 278
65 50 670
65 52 481
65 53 837
65 55 204
65 57 78
65 58 279
65 59 86
65 61 67
66 76 105
66 80 258
66 85 284
66 87 299
66 88 772
66 89 749
66 91 478
66 94 545
66 95 887
66 97 465
66 98 953
66 99 588
66 1 878
66 2 767
66 3 139
66 6 846
66 10 460
66 11 24
66 12 268
66 14 742
66 15 572
66 16 444
66 22 116
66 25 675
66 26 829
66 29 639
66 30 561
66 33 380
66 37 436
66 40 962
66 41 909
66 42 46
66 44 318
66 45 817
66 50 640
66 52 759
66 55 207
66 63 538
66 64 690
66 65 927
67 68 446
67 69 422
67 77 479
67 78 490
67 79 483
67 81 568
67 82 798
67 84 949
67 86 838
67 89 353
67 92 54
67 93 612
67 96 665
67 0 705
67 4 291
67 7 971
67 9 484
67 16 892
67 17 429
67 22 841
67 25 749
67 29 730
67 30 967
67 32 486
67 39 532
67 40 263
67 42 537
67 49 59
67 52 435
67 56 579
67 61 828
67 63 545
67 64 901
68 69 891
68 72 892
68 75 441
68 76 36
68 77 352
68 80 833
68 84 34
68 85 988
68 89 421
68 90 131
68 92 778
68 93 526
68 96 107
68 97 716
68 99 24
68 1 633
68 4 671
68 8 973
68 10 282
68 11 39
68 15 387
68 19 553
68 20 706
68 21 870
68 27 257
68 28 758
68 29 374
68 32 958
68 33 82
68 34 904
68 35 159
68 36 280
68 39 301
68 40 10
68 43 265
68 44 985
68 46 940
68 47 716
68 48 279
68 49 459
68 50 59
68 52 114
68 57 884
68 58 631
68 59 318
68 64 216
68 67 181
69 70 417
69 74 514
69 76 62
69 80 331
69 82 809
69 84 316
69 87 311
69 88 714
69 90 399
69 94 498
69 96 184
69 99 750
69 1 126
69 4 725
69 5 486
69 8 125
69 10 809
69 11 173
69 24 140
69 25 440
69 28 727
69 30 985
69 32 334
69 38 537
69 39 887
69 42 931
69 47 870
69 49 754
69 52 193
69 53 829
69 54 612
69 56 514
69 59 356
69 61 177
69 62 485
69 66 470
70 73 404
70 77 660
70 79 371
70 81 705
70 82 751
70 83 512
70 84 490
70 85 422
70 86 970
70 88 920
70 90 230
70 91 973
70 92 704
70 93 151
70 94 822
70 98 751
70 2 403
70 3 541
70 5 21
70 8 516
70 10 989
70 14 79
70 15 280
70 17 581
70 21 951
70 25 682
70 26 511
70 28 691
70 29 485
70 36 744
70 39 234
70 41 437
70 44 301
70 49 319
70 50 392
70 51 9
70 55 965
70 56 411
70 61 453
70 64 783
71 74 497
71 77 924
71 78 794
71 82 59
71 83 689
71 87 67
71 90 39
71 91 363
71 92 526
71 93 48
71 95 511
71 96 169
71 99 668
71 0 690
71 2 380
71 3 594
71 4 37
71 5 407
71 13 632
71 17 577
71 18 29
71 19 296
71 20 788
71 21 964
71 24 499
71 25 770
71 27 889
71 28 529
71 29 277
71 32 49
71 35 509
71 40 681
71 43 762
71 48 876
71 49 981
71 51 741
71 52 630
71 59 657
71 61 631
71 63 232
71 66 846
71 70 792
72 73 119
72 79 967
72 83 24
72 88 12
72 92 836
72 94 361
72 95 570
72 1 825
72 3 614
72 4 566
72 6 713
72 7 712
72 8 854
72 9 738
72 10 412
72 12 637
72 15 362
72 16 459
72 17 19
72 20 458
72 22 863
72 23 442
72 27 487
72 28 788
72 35 726
72 36 440
72 38 739
72 41 845
72 42 150
72 43 573
72 44 973
72 45 598
72 48 639
72 49 90
72 50 314
72 52 61
72 59 505
72 61 695
72 65 45
72 71 586
73 75 250
73 76 983
73 78 708
73 82 47
73 85 67
73 89 981
73 93 145
73 95 59
73 96 885
73 97 937
73 0 730
73 1 958
73 4 920
73 5 745
73 6 884
73 7 2
73 10 600
73 11 112
73 12 295
73 13 477
73 14 472
73 20 389
73 21 378
73 32 513
73 35 301
73 37 65
73 38 837
73 39 202
73 40 878
73 44 55
73 45 963
73 46 194
73 49 802
73 51 727
73 52 372
73 54 554
73 55 77
73 57 1
73 62 270
73 63 654
73 64 387
73 66 815
73 69 627
73 70 780
73 71 285
73 72 336
73 79 725
73 83 480
74 76 370
74 80 844
74 82 453
74 83 455
74 87 84
74 91 271
74 92 929
74 93 970
74 94 60
74 97 681
74 99 247
74 6 729
74 8 349
74 14 898
74 19 761
74 20 375
74 26 807
74 30 426
74 32 53
74 35 835
74 37 136
74 38 586
74 40 627
74 41 835
74 42 238
74 43 391
74 46 94
74 47 201
74 49 309
74 51 661
74 52 484
74 53 50
74 61 784
74 71 383
74 73 632
75 76 900
75 77 736
75 78 176
75 79 895
75 80 705
75 84 389
75 87 355
75 91 709
75 92 230
75 97 716
75 0 409
75 4 367
75 8 704
75 10 673
75 19 767
75 21 755
75 23 432
75 25 610
75 26 127
75 28 746
75 30 982
75 32 503
75 33 828
75 34 918
75 35 365
75 40 201
75 45 667
75 47 350
75 52 879
75 53 941
75 56 304
75 57 996
75 58 698
75 59 220
75 66 269
75 67 745
75 68 770
75 69 192
75 71 206
75 72 504
75 74 579
76 80 18
76 86 606
76 87 613
76 88 529
76 90 167
76 91 322
76 93 186
76 95 16
76 97 691
76 99 765
76 0 647
76 4 259
76 7 725
76 8 696
76 16 592
76 18 929
76 20 195
76 23 604
76 27 173
76 29 74
76 31 40
76 34 203
76 36 26
76 37 726
76 47 152
76 48 842
76 50 178
76 54 838
76 57 553
76 59 215
76 64 415
76 65 684
76 69 401
76 72 672
76 73 503
77 84 272
77 86 692
77 88 805
77 91 227
77 94 468
77 95 181
77 96 474
77 97 117
77 99 892
77 0 317
77 2 826
77 3 703
77 4 146
77 5 144
77 6 915
77 8 1000
77 10 765
77 12 196
77 13 529
77 15 323
77 19 446
77 21 753
77 22 610
77 31 240
77 35 610
77 37 400
77 38 471
77 39 651
77 44 803
77 48 544
77 50 292
77 51 129
77 56 312
77 57 295
77 58 905
77 65 710
77 67 888
77 71 679
77 75 823
77 76 569
78 80 131
78 82 246
78 88 263
78 92 378
78 93 681
78 95 404
78 96 881
78 97 472
78 1 933
78 2 376
78 7 548
78 8 65
78 10 576
78 16 310
78 17 40
78 19 415
78 22 622
78 23 272
78 24 187
78 28 574
78 30 850
78 34 65
78 35 184
78 36 203
78 41 339
78 45 591
78 48 114
78 49 357
78 51 738
78 52 83
78 57 455
78 59 195
78 60 121
78 61 908
78 63 570
78 66 257
78 70 709
79 80 771
79 82 94
79 87 604
79 90 956
79 92 946
79 93 452
79 95 903
79 96 842
79 97 801
79 99 988
79 2 506
79 3 136
79 4 675
79 7 214
79 8 225
79 9 10
79 10 672
79 12 262
79 16 955
79 17 178
79 19 941
79 20 211
79 24 514
79 27 806
79 29 767
79 30 707
79 31 679
79 36 731
79 38 7
79 43 373
79 48 530
79 51 447
79 53 270
79 54 542
79 57 691
79 59 847
79 60 662
79 61 399
79 62 446
79 66 962
79 68 167
79 71 526
79 72 724
79 77 317
79 78 707
80 81 93
80 82 143
80 83 922
80 88 632
80 89 526
80 95 710
80 96 68
80 98 435
80 99 29
80 1 291
80 6 244
80 8 548
80 13 484
80 23 664
80 31 203
80 32 289
80 37 556
80 40 858
80 42 738
80 43 412
80 45 275
80 48 901
80 51 53
80 55 419
80 58 779
80 59 796
80 60 853
80 65 884
80 67 973
80 69 251
80 70 520
80 71 40
80 72 978
80 73 862
80 78 463
80 79 74
81 83 831
81 84 805
81 85 171
81 87 832
81 90 832
81 92 322
81 93 927
81 97 835
81 99 484
81 4 311
81 6 607
81 8 301
81 9 64
81 13 872
81 15 943
81 17 413
81 18 313
81 19 240
81 20 159
81 21 938
81 27 799
81 30 813
81 34 377
81 35 977
81 37 358
81 40 138
81 42 519
81 45 305
81 47 179
81 49 937
81 50 613
81 51 834
81 52 294
81 53 62
81 54 287
81 57 600
81 59 556
81 71 624
81 74 96
81 76 329
81 78 16
81 79 91
82 85 100
82 92 26
82 93 569
82 95 101
82 96 676
82 97 649
82 1 820
82 3 436
82 6 582
82 8 541
82 11 731
82 12 630
82 13 881
82 23 165
82 24 800
82 30 416
82 32 345
82 33 518
82 34 967
82 35 36
82 39 46
82 44 801
82 47 458
82 48 776
82 52 233
82 53 541
82 58 688
82 59 789
82 61 387
82 62 324
82 67 556
82 71 880
82 74 199
82 75 410
82 76 14
82 79 572
82 80 161
83 86 345
83 88 483
83 89 479
83 90 393
83 91 590
83 92 333
83 95 489
83 97 989
83 99 420
83 1 116
83 2 859
83 4 46
83 5 380
83 6 677
83 7 213
83 10 56
83 13 780
83 15 201
83 17 812
83 25 89
83 26 306
83 35 599
83 39 786
83 43 97
83 44 630
83 45 960
83 48 105
83 49 649
83 50 879
83 53 708
83 58 276
83 59 598
83 61 22
83 63 385
83 67 385
83 69 388
83 70 86
83 71 411
83 74 378
83 76 639
83 77 465
83 78 901
83 82 979
84 85 326
84 89 623
84 91 704
84 94 454
84 97 758
84 98 250
84 99 648
84 0 310
84 1 101
84 3 598
84 4 102
84 8 910
84 9 868
84 11 183
84 12 705
84 13 842
84 14 991
84 15 725
84 17 627
84 18 774
84 21 571
84 23 509
84 24 232
84 27 429
84 29 240
84 32 34
84 33 548
84 37 90
84 39 165
84 40 514
84 45 734
84 46 692
84 47 239
84 49 458
84 55 306
84 60 820
84 61 593
84 63 327
84 64 627
84 65 915
84 66 896
84 67 773
84 72 525
84 75 313
84 76 534
84 78 844
84 83 956
85 91 4
85 92 788
85 94 295
85 96 791
85 99 131
85 1 918
85 5 603
85 6 734
85 8 192
85 12 293
85 15 519
85 19 205
85 22 903
85 23 374
85 25 344
85 28 29
85 30 564
85 31 890
85 32 485
85 40 857
85 43 141
85 45 489
85 47 657
85 50 949
85 51 625
85 53 740
85 54 47
85 56 534
85 61 491
85 63 372
85 64 293
85 65 328
85 67 807
85 70 763
85 71 329
85 72 810
85 73 552
85 75 435
85 78 98
85 83 934
85 84 103
86 87 826
86 91 734
86 97 340
86 98 281
86 99 912
86 2 196
86 3 60
86 4 188
86 9 137
86 12 485
86 13 551
86 14 989
86 17 1000
86 18 444
86 19 787
86 21 734
86 24 218
86 28 169
86 33 539
86 34 153
86 35 594
86 41 361
86 42 346
86 45 247
86 47 651
86 48 224
86 51 68
86 52 550
86 53 979
86 58 445
86 59 202
86 60 832
86 61 835
86 63 238
86 69 136
86 72 124
86 73 947
86 75 805
86 76 999
86 77 113
86 80 669
86 81 841
86 82 76
86 85 538
87 91 60
87 95 443
87 98 810
87 1 614
87 13 74
87 18 930
87 24 506
87 25 620
87 26 453
87 27 467
87 29 807
87 33 390
87 37 133
87 38 318
87 39 760
87 40 550
87 41 84
87 42 723
87 43 807
87 45 448
87 46 655
87 52 247
87 55 386
87 57 896
87 58 558
87 59 722
87 64 191
87 69 385
87 72 78
87 73 381
87 74 294
87 76 486
87 77 619
87 80 114
87 82 777
87 85 843
88 89 157
88 90 710
88 95 391
88 2 329
88 3 463
88 4 812
88 5 63
88 6 218
88 7 568
88 8 766
88 9 549
88 12 498
88 13 266
88 14 656
88 16 792
88 19 518
88 23 425
88 25 925
88 36 828
88 38 796
88 42 934
88 43 345
88 48 301
88 49 691
88 53 326
88 56 112
88 57 283
88 58 264
88 61 303
88 62 25
88 63 251
88 66 289
88 67 580
88 68 68
88 72 58
88 75 885
88 76 934
88 78 500
88 82 601
88 84 191
88 87 824
89 93 315
89 94 457
89 96 116
89 99 541
89 5 450
89 8 584
89 12 171
89 13 588
89 14 88
89 16 5
89 17 990
89 19 498
89 21 104
89 22 632
89 23 427
89 26 88
89 28 279
89 32 661
89 34 983
89 35 261
89 36 41
89 39 106
89 42 708
89 46 581
89 48 524
89 49 889
89 50 890
89 51 977
89 54 852
89 55 189
89 56 237
89 58 355
89 60 743
89 63 394
89 64 205
89 66 783
89 67 295
89 70 32
89 71 701
89 74 133
89 78 944
89 81 397
89 84 501
89 87 417
89 88 883
90 91 176
90 92 305
90 93 246
90 94 331
90 97 373
90 99 597
90 0 594
90 1 363
90 5 815
90 7 956
90 10 622
90 12 890
90 14 291
90 21 904
90 23 446
90 24 395
90 25 659
90 29 287
90 32 342
90 33 997
90 34 911
90 36 120
90 37 803
90 39 942
90 40 694
90 41 821
90 46 403
90 49 230
90 51 199
90 52 152
90 54 689
90 62 274
90 65 929
90 67 931
90 68 171
90 69 875
90 73 192
90 74 898
90 75 227
90 80 147
90 86 680
91 97 504
91 1 962
91 4 867
91 6 213
91 7 456
91 8 657
91 11 92
91 13 421
91 15 221
91 17 846
91 18 421
91 19 610
91 20 515
91 21 627
91 23 687
91 24 868
91 25 446
91 26 838
91 30 209
91 32 511
91 34 798
91 35 249
91 42 518
91 44 227
91 46 401
91 47 763
91 51 658
91 52 131
91 54 473
91 57 499
91 58 954
91 64 367
91 67 583
91 69 31
91 71 26
91 73 492
91 79 800
91 80 630
91 83 265
91 84 961
91 87 520
91 89 622
92 98 729
92 0 600
92 4 706
92 5 322
92 6 928
92 9 198
92 12 925
92 15 902
92 18 264
92 20 6
92 21 234
92 22 933
92 26 683
92 31 66
92 32 115
92 34 568
92 36 455
92 37 424
92 38 735
92 40 108
92 42 595
92 45 707
92 47 824
92 49 673
92 50 43
92 54 51
92 55 638
92 56 171
92 58 232
92 63 699
92 65 810
92 73 605
92 76 519
92 79 360
92 80 701
92 83 764
92 85 61
92 86 117
92 88 74
92 90 311
93 94 364
93 2 326
93 6 87
93 8 251
93 11 927
93 12 347
93 13 910
93 15 773
93 16 945
93 17 614
93 19 78
93 20 320
93 22 951
93 25 188
93 28 712
93 32 316
93 34 256
93 41 53
93 43 560
93 49 747
93 53 83
93 54 114
93 55 297
93 57 141
93 58 440
93 61 246
93 62 112
93 64 409
93 66 833
93 67 443
93 68 786
93 71 881
93 78 807
93 80 639
93 82 481
93 83 543
93 85 918
93 87 51
93 88 674
93 91 373
93 92 58
94 95 683
94 99 83
94 1 381
94 5 479
94 6 718
94 12 139
94 14 628
94 15 797
94 16 666
94 17 550
94 20 451
94 23 501
94 25 732
94 29 105
94 31 455
94 36 336
94 40 894
94 41 662
94 42 938
94 43 331
94 45 626
94 46 310
94 48 114
94 49 402
94 51 815
94 52 443
94 54 441
94 55 336
94 58 942
94 61 827
94 62 340
94 67 582
94 70 482
94 71 827
94 75 437
94 76 636
94 80 492
94 82 388
94 83 481
94 86 413
94 90 477
95 97 18
95 98 497
95 99 655
95 1 35
95 4 860
95 6 310
95 7 77
95 8 726
95 9 986
95 13 506
95 14 393
95 21 18
95 26 641
95 30 30
95 31 683
95 36 209
95 39 183
95 42 926
95 44 44
95 45 478
95 48 951
95 50 927
95 52 173
95 53 174
95 56 295
95 58 659
95 60 922
95 69 532
95 74 95
95 78 584
95 80 772
95 81 599
95 84 881
95 85 711
95 88 31
95 89 802
95 92 238
96 0 793
96 1 188
96 4 540
96 6 110
96 11 267
96 14 772
96 18 856
96 22 441
96 25 44
96 26 36
96 27 857
96 28 924
96 39 428
96 40 805
96 41 124
96 44 581
96 51 856
96 55 508
96 56 831
96 57 45
96 58 365
96 63 389
96 64 859
96 66 627
96 67 573
96 73 106
96 74 808
96 78 758
96 84 980
96 88 82
96 89 145
96 90 849
96 94 411
97 98 661
97 99 759
97 3 569
97 4 166
97 5 327
97 9 49
97 10 678
97 17 887
97 19 968
97 20 401
97 23 699
97 25 783
97 27 761
97 30 570
97 31 779
97 34 196
97 39 330
97 40 280
97 48 803
97 50 141
97 52 528
97 53 610
97 54 327
97 55 287
97 56 671
97 58 930
97 59 805
97 61 68
97 62 391
97 66 643
97 67 191
97 68 775
97 70 867
97 73 719
97 76 734
97 78 11
97 83 199
97 84 501
97 88 241
97 92 493
98 1 777
98 4 898
98 7 299
98 12 15
98 14 724
98 19 352
98 21 620
98 22 735
98 23 1000
98 25 952
98 26 779
98 29 242
98 34 775
98 38 996
98 42 781
98 44 922
98 45 453
98 46 910
98 52 536
98 54 73
98 55 440
98 57 554
98 58 754
98 59 433
98 60 922
98 61 486
98 64 917
98 65 38
98 67 617
98 69 834
98 70 759
98 76 728
98 79 442
98 80 919
98 82 123
98 87 429
98 89 605
98 90 202
99 0 665
99 1 30
99 4 997
99 6 476
99 7 941
99 8 31
99 9 446
99 10 943
99 14 375
99 15 838
99 19 467
99 20 224
99 21 281
99 30 754
99 39 305
99 41 15
99 43 604
99 45 13
99 47 822
99 48 491
99 49 61
99 52 650
99 62 273
99 65 929
99 69 389
99 70 338
99 71 611
99 73 171
99 76 414
99 80 29
99 82 282
99 84 420
99 85 598
99 86 721
99 90 416
99 91 1
99 93 627
99 98 612
