150 9050 0
0 2 736
0 4 162
0 5 441
0 8 15
0 9 227
0 16 815
0 17 89
0 18 269
0 20 374
0 21 974
0 23 140
0 26 632
0 27 807
0 32 514
0 34 843
0 36 978
0 37 699
0 38 737
0 41 417
0 42 377
0 45 576
0 46 855
0 48 725
0 49 505
0 50 442
0 52 118
0 53 176
0 54 186
0 56 691
0 57 637
0 60 254
0 61 740
0 62 642
0 63 288
0 64 510
0 67 967
0 74 861
0 75 614
0 76 101
0 80 879
0 81 338
0 83 263
0 87 778
0 88 640
0 90 22
0 92 675
0 93 602
0 96 967
0 100 530
0 101 476
0 103 457
0 105 33
0 107 550
0 108 458
0 109 578
0 115 83
0 116 278
0 123 994
0 126 595
0 131 657
0 136 528
0 141 748
0 148 735
0 1 496
0 14 161
0 110 656
1 3 812
1 5 304
1 6 339
1 7 550
1 10 163
1 13 746
1 14 841
1 15 201
1 21 615
1 24 888
1 26 589
1 28 627
1 30 332
1 31 296
1 34 897
1 36 11
1 38 302
1 39 171
1 43 516
1 44 350
1 45 275
1 47 415
1 48 537
1 50 606
1 52 883
1 56 539
1 57 965
1 65 451
1 69 774
1 72 330
1 75 26
1 79 155
1 80 574
1 82 25
1 84 172
1 85 773
1 89 501
1 91 260
1 93 421
1 94 737
1 95 526
1 96 523
1 97 736
1 98 585
1 99 659
1 107 939
1 110 464
1 111 184
1 114 744
1 115 781
1 117 861
1 120 906
1 121 192
1 122 467
1 123 938
1 124 509
1 126 635
1 127 1000
1 129 105
1 131 748
1 132 837
1 135 266
1 136 190
1 139 773
1 143 209
1 144 404
1 146 684
1 147 32
1 0 830
1 16 354
1 51 338
2 6 61
2 7 17
2 9 43
2 11 260
2 12 358
2 16 390
2 18 808
2 21 161
2 23 866
2 24 256
2 26 576
2 30 394
2 31 591
2 33 139
2 35 555
2 37 269
2 41 504
2 45 589
2 46 543
2 48 705
2 49 254
2 54 769
2 55 51
2 56 869
2 59 881
2 61 420
2 62 438
2 63 175
2 65 186
2 70 889
2 73 13
2 74 498
2 75 748
2 76 204
2 82 671
2 89 233
2 90 658
2 92 461
2 97 337
2 101 745
2 105 676
2 106 20
2 108 975
2 111 757
2 112 173
2 113 362
2 115 380
2 121 99
2 122 298
2 126 131
2 128 52
2 130 373
2 131 876
2 134 529
2 136 705
2 137 851
2 138 821
2 142 296
2 147 241
2 148 856
2 149 917
2 1 896
2 3 597
2 4 895
2 5 321
2 27 155
2 47 158
3 4 814
3 6 435
3 8 842
3 11 696
3 16 572
3 18 80
3 19 905
3 20 327
3 22 507
3 23 292
3 27 272
3 32 539
3 37 525
3 40 5
3 42 85
3 43 211
3 45 381
3 47 24
3 48 556
3 50 567
3 51 628
3 53 137
3 55 783
3 57 246
3 60 593
3 66 988
3 69 633
3 71 830
3 72 362
3 73 847
3 74 571
3 76 400
3 82 153
3 86 85
3 93 867
3 95 497
3 96 135
3 98 349
3 99 279
3 101 213
3 102 115
3 103 452
3 108 726
3 111 824
3 114 550
3 118 922
3 120 114
3 121 156
3 123 65
3 129 53
3 132 510
3 135 981
3 136 464
3 137 958
3 139 578
3 143 409
3 144 79
3 146 935
3 7 822
3 44 13
3 100 500
3 148 950
4 7 569
4 8 627
4 10 33
4 13 206
4 14 834
4 15 153
4 21 390
4 22 496
4 24 997
4 25 510
4 26 521
4 33 276
4 35 350
4 36 718
4 37 952
4 39 59
4 43 162
4 44 634
4 46 726
4 49 594
4 52 928
4 53 15
4 54 854
4 55 274
4 56 235
4 59 343
4 60 576
4 61 669
4 62 229
4 65 987
4 67 313
4 69 8
4 70 394
4 71 280
4 73 440
4 74 88
4 80 75
4 82 207
4 93 259
4 98 363
4 103 68
4 104 480
4 105 236
4 106 441
4 107 64
4 108 749
4 110 54
4 113 207
4 116 81
4 117 334
4 120 955
4 123 228
4 127 81
4 130 572
4 131 48
4 134 774
4 135 213
4 136 664
4 138 565
4 139 781
4 142 206
4 147 381
4 148 187
4 3 545
4 11 597
5 7 174
5 8 192
5 9 459
5 10 264
5 14 519
5 17 169
5 18 765
5 19 90
5 21 417
5 26 394
5 28 800
5 30 11
5 32 270
5 33 185
5 35 15
5 38 579
5 43 703
5 50 268
5 51 92
5 53 570
5 55 497
5 56 288
5 57 263
5 58 760
5 59 124
5 61 603
5 64 495
5 65 788
5 66 392
5 67 690
5 68 62
5 70 235
5 73 849
5 76 536
5 77 844
5 78 990
5 80 502
5 81 788
5 83 481
5 86 366
5 87 149
5 90 448
5 92 895
5 93 24
5 99 411
5 100 578
5 101 930
5 108 794
5 111 590
5 116 581
5 117 430
5 118 199
5 119 891
5 121 80
5 123 886
5 124 51
5 126 362
5 127 169
5 129 695
5 130 658
5 133 768
5 135 493
5 142 352
5 143 218
5 145 575
5 146 908
5 147 755
5 148 137
5 2 101
5 3 622
5 4 941
5 24 489
5 36 66
6 14 628
6 21 908
6 27 433
6 37 763
6 39 993
6 41 787
6 42 788
6 45 61
6 48 681
6 52 434
6 53 862
6 55 81
6 56 956
6 57 175
6 58 939
6 59 667
6 60 202
6 63 98
6 65 577
6 68 787
6 69 136
6 72 602
6 75 923
6 78 413
6 79 3
6 83 218
6 84 425
6 90 281
6 91 825
6 92 819
6 94 703
6 95 45
6 98 354
6 101 307
6 104 657
6 105 328
6 106 422
6 108 268
6 109 945
6 113 299
6 114 265
6 117 700
6 118 626
6 127 342
6 128 471
6 129 184
6 133 185
6 135 489
6 141 743
6 142 878
6 143 515
6 144 879
6 149 69
6 1 734
6 5 418
6 93 566
7 9 755
7 17 322
7 26 678
7 27 395
7 32 876
7 34 135
7 37 967
7 38 41
7 39 336
7 41 839
7 42 863
7 44 220
7 46 222
7 51 750
7 55 309
7 58 720
7 61 806
7 62 181
7 65 697
7 67 672
7 69 769
7 71 252
7 72 970
7 75 129
7 77 318
7 78 219
7 82 269
7 86 892
7 88 721
7 94 284
7 96 764
7 97 283
7 99 836
7 101 433
7 104 363
7 105 651
7 111 326
7 112 992
7 113 771
7 114 813
7 118 90
7 120 153
7 122 41
7 123 923
7 132 202
7 133 540
7 134 951
7 135 702
7 141 184
7 142 281
7 145 553
7 146 817
7 147 782
7 0 149
7 1 528
7 2 888
7 5 284
7 6 431
7 31 868
7 35 22
7 40 639
7 76 738
8 10 85
8 11 682
8 16 298
8 19 450
8 21 198
8 23 697
8 30 442
8 35 383
8 36 925
8 37 834
8 38 980
8 39 805
8 41 7
8 43 526
8 45 509
8 61 217
8 62 114
8 64 359
8 65 482
8 69 150
8 72 673
8 74 568
8 75 321
8 76 979
8 79 476
8 80 430
8 81 942
8 82 519
8 84 59
8 86 949
8 87 771
8 88 718
8 90 410
8 100 561
8 103 647
8 107 457
8 113 983
8 114 990
8 115 837
8 121 538
8 126 355
8 135 399
8 136 982
8 137 204
8 141 656
8 142 45
8 143 53
8 149 726
8 0 141
8 5 177
8 6 161
8 7 224
8 20 869
8 127 264
9 11 727
9 12 31
9 15 823
9 26 544
9 27 92
9 29 345
9 33 729
9 36 735
9 40 630
9 48 441
9 50 186
9 52 333
9 54 809
9 56 61
9 59 182
9 63 309
9 65 719
9 69 193
9 75 235
9 80 246
9 84 575
9 87 264
9 88 49
9 89 634
9 93 816
9 94 52
9 95 464
9 96 391
9 101 719
9 106 254
9 107 189
9 111 839
9 112 848
9 114 568
9 115 904
9 116 997
9 118 587
9 126 912
9 127 17
9 130 700
9 135 773
9 138 867
9 143 636
9 147 504
9 3 314
9 5 979
10 13 524
10 14 481
10 16 871
10 22 633
10 25 403
10 28 277
10 29 612
10 33 742
10 35 948
10 38 867
10 40 120
10 42 980
10 43 714
10 44 511
10 45 206
10 46 287
10 48 390
10 59 412
10 60 221
10 61 360
10 63 989
10 64 519
10 65 364
10 68 543
10 75 930
10 78 85
10 79 520
10 80 601
10 86 82
10 87 361
10 93 930
10 94 825
10 100 48
10 101 975
10 102 490
10 112 397
10 117 540
10 118 477
10 120 409
10 122 386
10 123 100
10 124 687
10 125 326
10 126 910
10 128 905
10 130 837
10 132 612
10 135 444
10 136 853
10 137 851
10 140 597
10 142 146
10 1 43
10 3 151
10 4 283
10 6 42
10 8 648
10 9 796
10 147 13
11 14 926
11 15 900
11 16 435
11 17 276
11 18 907
11 21 200
11 25 986
11 29 832
11 30 891
11 33 826
11 35 636
11 36 654
11 37 432
11 39 682
11 40 986
11 41 908
11 43 780
11 44 804
11 45 157
11 49 987
11 53 818
11 56 925
11 57 153
11 62 370
11 66 889
11 67 672
11 69 518
11 74 600
11 77 972
11 80 529
11 83 365
11 85 60
11 88 429
11 89 61
11 91 689
11 94 162
11 95 652
11 96 310
11 98 177
11 99 884
11 101 437
11 103 587
11 104 923
11 105 165
11 109 490
11 112 118
11 113 57
11 114 950
11 115 71
11 116 908
11 117 339
11 119 220
11 124 67
11 126 329
11 127 412
11 130 63
11 131 598
11 133 513
11 135 113
11 136 772
11 140 533
11 144 382
11 146 723
11 147 209
11 148 176
11 0 45
11 1 274
11 3 828
11 4 972
11 7 580
11 8 23
11 9 564
11 10 729
11 12 202
11 13 499
11 139 464
11 145 787
12 14 250
12 15 170
12 17 924
12 27 187
12 28 705
12 30 54
12 31 130
12 32 778
12 33 749
12 34 242
12 38 144
12 40 626
12 41 563
12 43 885
12 46 353
12 47 417
12 48 51
12 50 752
12 51 432
12 57 74
12 60 281
12 61 941
12 66 360
12 72 284
12 76 255
12 80 92
12 84 35
12 85 900
12 86 697
12 87 203
12 89 891
12 90 786
12 92 861
12 93 230
12 99 621
12 100 878
12 101 258
12 102 850
12 103 577
12 105 590
12 107 106
12 111 631
12 115 651
12 116 1
12 120 782
12 124 336
12 128 289
12 130 435
12 131 893
12 132 237
12 134 50
12 135 719
12 139 860
12 140 936
12 142 151
12 143 777
12 144 284
12 145 414
12 148 704
12 149 798
12 3 53
12 4 766
12 6 529
12 11 974
12 19 727
13 14 125
13 16 648
13 17 887
13 20 828
13 22 700
13 23 503
13 26 97
13 29 77
13 30 399
13 31 375
13 34 526
13 35 928
13 37 219
13 39 593
13 49 555
13 54 441
13 55 582
13 63 298
13 64 205
13 65 232
13 67 690
13 70 819
13 72 764
13 78 214
13 80 696
13 82 827
13 83 225
13 85 468
13 86 318
13 87 161
13 90 299
13 91 962
13 95 822
13 97 727
13 99 639
13 101 499
13 103 26
13 105 755
13 108 512
13 111 295
13 113 0
13 116 665
13 117 711
13 118 143
13 120 979
13 121 23
13 124 1000
13 125 382
13 132 523
13 133 586
13 138 327
13 139 280
13 140 873
13 141 420
13 143 986
13 144 103
13 3 170
13 10 698
13 50 620
13 73 218
13 136 753
14 19 778
14 20 663
14 23 901
14 25 656
14 26 313
14 28 757
14 30 305
14 31 145
14 34 870
14 37 113
14 38 759
14 39 835
14 41 385
14 42 453
14 46 698
14 47 780
14 48 800
14 49 469
14 58 191
14 59 961
14 60 250
14 62 128
14 70 620
14 74 892
14 75 314
14 76 602
14 79 292
14 81 646
14 84 161
14 85 843
14 88 650
14 89 723
14 90 224
14 91 320
14 94 685
14 95 314
14 97 975
14 98 653
14 99 508
14 100 530
14 103 317
14 106 613
14 107 493
14 109 823
14 110 350
14 112 774
14 114 522
14 118 453
14 121 314
14 124 652
14 125 967
14 129 804
14 131 287
14 132 603
14 134 1
14 142 809
14 144 59
14 146 650
14 1 110
14 4 251
14 5 858
14 6 57
14 7 549
14 8 93
14 9 510
14 10 160
14 11 532
14 13 930
14 77 540
14 101 83
15 19 333
15 20 759
15 21 701
15 22 811
15 23 766
15 24 871
15 26 728
15 28 924
15 33 386
15 35 697
15 36 956
15 37 637
15 41 367
15 42 537
15 45 411
15 47 384
15 49 218
15 50 215
15 54 78
15 56 884
15 60 285
15 67 185
15 68 367
15 73 773
15 75 665
15 78 701
15 79 552
15 80 956
15 83 265
15 84 384
15 85 432
15 89 491
15 90 466
15 92 676
15 94 344
15 95 256
15 97 750
15 98 103
15 104 199
15 107 758
15 110 514
15 111 280
15 112 637
15 114 18
15 115 651
15 117 286
15 119 498
15 122 277
15 123 253
15 125 961
15 131 234
15 135 291
15 141 690
15 142 328
15 145 108
15 146 976
15 147 744
15 149 341
15 9 497
15 10 252
15 55 371
16 17 201
16 23 818
16 25 624
16 28 876
16 29 603
16 38 22
16 39 193
16 40 879
16 41 184
16 42 911
16 44 59
16 45 822
16 47 629
16 49 804
16 50 233
16 51 358
16 55 333
16 58 999
16 64 828
16 69 210
16 74 307
16 75 36
16 79 766
16 80 362
16 82 404
16 86 308
16 89 35
16 90 64
16 93 590
16 94 6
16 95 965
16 96 570
16 98 820
16 99 890
16 102 980
16 103 270
16 108 846
16 109 440
16 116 723
16 123 519
16 124 708
16 125 177
16 126 410
16 127 666
16 128 510
16 129 945
16 130 826
16 135 644
16 138 659
16 142 702
16 143 53
16 144 154
16 148 204
16 1 97
16 9 318
16 11 890
16 12 9
16 13 122
16 14 257
16 66 409
17 19 662
17 22 915
17 27 718
17 29 19
17 42 742
17 44 655
17 50 73
17 51 827
17 52 576
17 53 363
17 54 732
17 55 132
17 61 977
17 63 220
17 66 815
17 71 428
17 72 901
17 77 326
17 78 109
17 79 595
17 80 346
17 82 308
17 83 363
17 87 921
17 88 487
17 93 577
17 94 433
17 95 696
17 96 559
17 97 439
17 98 881
17 99 619
17 100 406
17 102 74
17 104 565
17 105 789
17 110 608
17 112 880
17 113 547
17 115 470
17 116 345
17 117 552
17 121 822
17 122 160
17 126 885
17 127 77
17 129 497
17 131 356
17 137 898
17 140 334
17 141 984
17 142 818
17 145 999
17 149 156
17 2 408
17 3 815
17 5 414
17 6 361
17 9 202
17 10 765
17 13 423
17 16 749
17 43 874
17 65 221
17 70 26
18 21 941
18 23 498
18 24 281
18 25 318
18 32 218
18 33 622
18 35 137
18 36 893
18 38 81
18 41 709
18 46 434
18 51 139
18 54 565
18 55 992
18 56 937
18 60 178
18 61 970
18 62 544
18 64 514
18 65 955
18 67 304
18 73 78
18 75 534
18 81 357
18 82 648
18 87 772
18 89 850
18 91 642
18 93 586
18 94 185
18 95 9
18 96 831
18 97 286
18 98 561
18 99 624
18 102 360
18 106 492
18 109 586
18 111 770
18 115 814
18 116 665
18 118 147
18 119 931
18 126 862
18 129 778
18 134 859
18 135 759
18 139 654
18 140 723
18 145 73
18 0 614
18 1 468
18 5 343
18 6 864
18 7 345
18 12 498
18 13 858
18 105 16
19 20 120
19 26 56
19 28 511
19 29 172
19 33 471
19 42 734
19 43 500
19 44 896
19 48 227
19 52 912
19 53 438
19 55 203
19 58 579
19 59 398
19 62 957
19 63 950
19 65 651
19 67 765
19 68 956
19 70 123
19 71 713
19 77 176
19 78 604
19 83 242
19 93 820
19 94 646
19 95 912
19 100 662
19 103 327
19 107 549
19 117 82
19 118 300
19 120 488
19 126 962
19 130 437
19 134 705
19 137 37
19 138 245
19 142 180
19 147 771
19 1 144
19 2 17
19 3 273
19 6 530
19 7 864
19 8 480
19 11 906
19 16 170
19 17 575
19 18 16
19 21 185
19 81 59
20 22 553
20 24 171
20 25 934
20 28 40
20 30 98
20 32 590
20 33 258
20 37 120
20 45 334
20 47 502
20 54 980
20 57 0
20 64 528
20 67 793
20 75 545
20 79 477
20 82 85
20 83 249
20 85 391
20 87 264
20 93 832
20 95 528
20 97 386
20 102 944
20 106 213
20 108 393
20 118 531
20 122 790
20 125 546
20 126 210
20 127 8
20 128 732
20 130 130
20 131 815
20 132 535
20 133 0
20 135 199
20 139 367
20 141 892
20 146 199
20 148 790
20 3 732
20 4 872
20 6 688
20 9 372
20 12 527
20 13 991
20 14 219
20 16 965
20 17 871
20 18 882
20 19 797
20 63 865
21 22 83
21 24 231
21 27 291
21 28 605
21 34 111
21 39 634
21 41 648
21 44 128
21 45 804
21 46 192
21 47 376
21 48 528
21 49 565
21 50 303
21 51 708
21 58 583
21 60 799
21 61 22
21 62 998
21 64 154
21 67 652
21 68 537
21 69 914
21 71 684
21 72 439
21 73 973
21 78 115
21 83 82
21 84 351
21 85 378
21 91 108
21 94 852
21 95 193
21 103 431
21 106 367
21 107 493
21 109 536
21 110 944
21 111 427
21 112 651
21 115 744
21 124 971
21 125 599
21 126 464
21 127 119
21 135 607
21 136 401
21 140 475
21 145 442
21 148 559
21 149 244
21 2 759
21 4 141
21 6 364
21 8 89
21 9 414
21 12 565
21 15 605
21 23 10
22 23 943
22 25 479
22 26 984
22 27 449
22 28 189
22 29 458
22 35 158
22 47 986
22 48 533
22 49 623
22 51 781
22 58 832
22 60 395
22 63 987
22 67 665
22 69 835
22 71 846
22 72 877
22 73 782
22 74 525
22 79 616
22 80 834
22 81 315
22 82 769
22 88 372
22 89 702
22 90 578
22 92 763
22 96 858
22 99 543
22 100 423
22 102 957
22 103 121
22 104 857
22 105 413
22 106 456
22 108 460
22 110 321
22 111 949
22 116 202
22 117 74
22 119 111
22 120 872
22 121 3
22 122 455
22 127 883
22 128 381
22 131 886
22 136 127
22 147 778
22 149 141
22 2 652
22 3 75
22 4 872
22 5 367
22 11 828
22 12 11
22 15 595
22 16 894
22 17 78
22 19 531
22 45 486
22 134 6
23 26 542
23 31 858
23 33 216
23 35 409
23 41 285
23 43 833
23 44 212
23 47 788
23 53 618
23 54 426
23 59 654
23 65 138
23 67 146
23 72 798
23 73 739
23 79 624
23 80 548
23 85 247
23 87 786
23 95 190
23 97 1000
23 98 212
23 106 711
23 110 272
23 112 728
23 113 345
23 114 259
23 122 698
23 123 816
23 129 556
23 134 505
23 136 408
23 141 960
23 142 423
23 148 743
23 0 599
23 1 390
23 2 206
23 3 49
23 5 125
23 6 290
23 11 467
23 12 195
23 14 345
23 15 893
23 18 616
23 22 410
24 26 151
24 31 627
24 32 76
24 33 828
24 36 976
24 37 254
24 39 997
24 40 790
24 42 875
24 44 997
24 48 256
24 51 407
24 53 80
24 60 597
24 62 17
24 66 941
24 67 401
24 68 259
24 69 394
24 70 315
24 75 582
24 76 586
24 79 15
24 80 783
24 83 732
24 84 547
24 85 155
24 87 517
24 91 160
24 92 629
24 93 280
24 96 792
24 97 560
24 99 198
24 100 247
24 101 764
24 102 491
24 105 444
24 106 301
24 109 511
24 111 458
24 112 565
24 113 999
24 120 109
24 124 610
24 125 11
24 131 41
24 132 572
24 136 402
24 139 557
24 140 506
24 143 781
24 146 486
24 0 73
24 5 688
24 10 903
24 11 614
24 12 49
24 15 293
24 16 12
24 17 474
24 21 804
24 23 152
24 64 357
24 135 912
25 27 747
25 30 442
25 35 990
25 38 111
25 39 137
25 43 180
25 46 693
25 50 18
25 52 963
25 54 989
25 56 153
25 61 984
25 62 159
25 64 742
25 65 102
25 69 819
25 71 994
25 73 803
25 74 556
25 77 377
25 78 4
25 79 743
25 81 36
25 82 791
25 83 218
25 86 446
25 88 818
25 91 247
25 94 212
25 97 42
25 100 55
25 104 80
25 111 573
25 112 38
25 115 61
25 121 642
25 122 0
25 128 778
25 136 385
25 138 116
25 141 654
25 142 461
25 144 881
25 145 474
25 146 288
25 147 398
25 148 952
25 149 177
25 0 636
25 2 157
25 3 214
25 4 665
25 6 943
25 7 707
25 11 707
25 12 347
25 13 345
25 15 656
25 16 516
25 17 627
26 28 814
26 29 77
26 34 290
26 38 652
26 42 113
26 43 388
26 44 930
26 45 251
26 46 308
26 50 235
26 51 805
26 61 814
26 62 854
26 63 352
26 73 873
26 78 805
26 79 421
26 81 857
26 82 895
26 83 164
26 84 576
26 85 43
26 86 310
26 87 461
26 88 777
26 91 322
26 93 164
26 94 232
26 95 678
26 98 401
26 99 997
26 103 423
26 108 126
26 110 203
26 111 832
26 113 548
26 114 794
26 115 139
26 117 341
26 118 518
26 120 844
26 123 952
26 124 566
26 125 39
26 126 254
26 127 299
26 128 842
26 134 230
26 135 297
26 136 289
26 138 961
26 139 833
26 149 61
26 0 819
26 1 859
26 7 561
26 9 732
26 12 664
26 13 996
26 14 921
26 15 225
26 22 256
26 24 59
26 56 552
27 28 260
27 29 354
27 30 613
27 32 708
27 36 392
27 37 793
27 43 473
27 44 371
27 45 987
27 50 608
27 55 354
27 58 681
27 59 405
27 65 235
27 67 672
27 72 351
27 73 377
27 76 723
27 78 409
27 80 123
27 82 943
27 89 790
27 90 769
27 93 302
27 94 237
27 96 363
27 99 453
27 103 881
27 104 512
27 105 484
27 106 312
27 112 738
27 118 772
27 119 933
27 122 489
27 124 199
27 126 587
27 134 56
27 135 947
27 139 516
27 140 605
27 141 923
27 143 695
27 144 13
27 145 976
27 1 196
27 5 963
27 6 850
27 16 763
27 21 436
27 23 902
27 24 966
27 52 406
27 57 71
28 29 810
28 31 108
28 37 352
28 43 909
28 44 903
28 46 491
28 47 698
28 48 783
28 52 202
28 53 825
28 54 41
28 57 299
28 63 836
28 64 42
28 65 810
28 68 239
28 69 717
28 72 747
28 74 486
28 76 121
28 77 324
28 78 849
28 81 852
28 82 960
28 89 282
28 91 224
28 93 304
28 94 145
28 95 432
28 98 534
28 102 126
28 106 488
28 108 857
28 109 415
28 110 353
28 113 223
28 114 319
28 117 931
28 122 380
28 123 177
28 124 190
28 126 117
28 129 20
28 131 354
28 132 167
28 133 596
28 135 819
28 137 337
28 138 569
28 141 511
28 143 497
28 144 938
28 146 283
28 0 990
28 1 894
28 2 443
28 4 279
28 5 747
28 7 754
28 11 375
28 13 584
28 17 942
28 18 377
28 20 279
28 23 230
28 24 917
28 25 631
28 27 160
28 38 584
28 112 5
29 31 881
29 32 132
29 33 78
29 39 359
29 40 894
29 41 638
29 43 153
29 44 572
29 45 362
29 47 249
29 49 767
29 50 968
29 51 619
29 52 268
29 55 758
29 56 391
29 60 70
29 62 885
29 65 96
29 71 853
29 72 545
29 73 565
29 82 956
29 84 788
29 85 23
29 87 312
29 89 744
29 92 247
29 95 700
29 97 993
29 98 105
29 106 362
29 107 817
29 109 661
29 114 564
29 118 349
29 119 65
29 120 242
29 122 81
29 124 414
29 125 694
29 126 83
29 127 29
29 128 19
29 129 148
29 131 687
29 137 911
29 138 989
29 140 133
29 141 215
29 143 7
29 145 324
29 147 394
29 2 176
29 3 298
29 7 219
29 9 516
29 10 857
29 15 538
29 16 540
29 19 591
29 22 602
29 23 402
29 25 693
29 26 54
29 28 253
29 34 892
30 33 954
30 36 770
30 40 92
30 44 258
30 45 971
30 47 632
30 48 522
30 50 999
30 51 878
30 55 164
30 57 758
30 60 773
30 62 257
30 63 772
30 65 950
30 68 77
30 69 82
30 72 370
30 77 206
30 80 83
30 81 967
30 82 540
30 84 657
30 86 981
30 87 410
30 89 735
30 90 604
30 93 93
30 99 491
30 102 34
30 103 168
30 104 849
30 105 740
30 107 631
30 108 291
30 111 580
30 112 571
30 113 156
30 114 349
30 115 666
30 118 990
30 119 58
30 120 621
30 121 612
30 123 459
30 124 838
30 126 459
30 127 520
30 128 77
30 129 873
30 131 564
30 139 1
30 140 563
30 141 553
30 142 262
30 144 108
30 148 678
30 1 144
30 5 374
30 6 123
30 9 57
30 11 721
30 12 583
30 14 639
30 18 902
30 20 859
30 22 280
30 25 503
30 26 395
30 27 999
30 29 194
31 34 412
31 37 825
31 38 304
31 41 47
31 42 524
31 46 175
31 49 431
31 58 372
31 60 124
31 62 895
31 68 725
31 70 763
31 75 118
31 79 87
31 80 595
31 82 86
31 94 506
31 95 929
31 100 611
31 102 735
31 103 709
31 105 435
31 108 852
31 113 905
31 117 824
31 119 854
31 122 381
31 127 657
31 130 45
31 131 320
31 133 938
31 134 230
31 135 383
31 136 245
31 137 906
31 139 393
31 141 685
31 144 539
31 8 152
31 10 605
31 14 406
31 15 919
31 17 929
31 18 898
31 20 26
31 23 683
31 24 184
31 26 733
31 27 276
31 29 329
31 116 884
32 33 579
32 34 183
32 35 659
32 40 758
32 41 649
32 49 648
32 50 14
32 51 696
32 53 669
32 55 934
32 56 624
32 58 507
32 60 905
32 62 351
32 63 73
32 64 268
32 68 164
32 73 148
32 78 84
32 79 919
32 82 772
32 83 531
32 87 491
32 89 212
32 94 51
32 99 484
32 100 463
32 101 615
32 103 145
32 104 587
32 105 353
32 112 808
32 120 431
32 122 776
32 124 632
32 125 487
32 126 288
32 128 522
32 130 584
32 133 776
32 136 991
32 140 749
32 143 886
32 145 509
32 148 877
32 3 713
32 5 862
32 6 886
32 13 232
32 15 603
32 18 586
32 19 655
32 20 798
32 21 613
32 23 104
32 24 127
32 27 460
33 40 648
33 41 364
33 43 523
33 44 935
33 49 289
33 51 546
33 54 955
33 55 27
33 56 166
33 58 216
33 59 878
33 61 221
33 64 168
33 72 577
33 74 346
33 76 173
33 78 20
33 83 348
33 84 384
33 85 497
33 86 2
33 87 651
33 88 783
33 95 547
33 96 292
33 97 44
33 105 876
33 108 47
33 109 907
33 113 671
33 115 799
33 116 249
33 118 596
33 119 204
33 122 551
33 126 53
33 127 998
33 132 942
33 133 506
33 135 249
33 137 234
33 141 68
33 143 724
33 144 817
33 145 322
33 149 653
33 2 955
33 3 418
33 4 119
33 9 360
33 10 353
33 11 390
33 12 671
33 13 493
33 14 35
33 17 92
33 19 550
33 20 435
33 24 747
33 25 523
33 30 273
34 35 11
34 43 722
34 47 340
34 51 549
34 55 931
34 56 672
34 57 882
34 60 634
34 65 638
34 70 377
34 75 479
34 76 683
34 77 459
34 79 435
34 80 471
34 82 381
34 84 323
34 85 316
34 86 516
34 87 890
34 88 768
34 89 650
34 91 38
34 96 645
34 97 901
34 101 940
34 103 785
34 108 758
34 114 355
34 117 283
34 119 3
34 121 315
34 122 252
34 125 435
34 127 722
34 128 992
34 129 999
34 131 258
34 132 869
34 136 658
34 137 255
34 140 208
34 143 665
34 148 571
34 149 279
34 1 520
34 2 855
34 3 524
34 4 557
34 5 502
34 8 669
34 16 856
34 17 982
34 21 77
34 23 224
34 25 897
34 26 142
34 30 667
34 31 29
35 37 885
35 41 149
35 42 949
35 45 776
35 46 913
35 47 850
35 53 553
35 55 347
35 58 182
35 60 714
35 65 773
35 67 925
35 71 765
35 75 478
35 76 81
35 82 689
35 89 343
35 93 241
35 95 454
35 98 715
35 106 955
35 108 985
35 109 168
35 111 772
35 112 960
35 113 298
35 114 556
35 115 558
35 116 613
35 119 156
35 122 825
35 128 140
35 135 27
35 136 423
35 137 669
35 139 437
35 141 313
35 142 313
35 143 453
35 145 482
35 146 938
35 148 852
35 2 582
35 3 333
35 4 31
35 5 844
35 7 98
35 9 582
35 11 221
35 12 659
35 14 802
35 16 847
35 17 876
35 19 426
35 23 557
35 29 513
35 34 154
36 37 98
36 39 202
36 42 641
36 49 197
36 52 865
36 53 907
36 57 350
36 59 608
36 62 284
36 66 87
36 68 670
36 71 175
36 75 634
36 77 134
36 78 780
36 79 855
36 82 963
36 84 110
36 86 364
36 93 957
36 97 86
36 101 685
36 102 510
36 104 593
36 105 486
36 106 825
36 108 510
36 109 299
36 112 466
36 114 623
36 117 715
36 119 360
36 120 932
36 122 547
36 127 415
36 128 917
36 132 365
36 137 295
36 138 113
36 139 807
36 140 335
36 141 60
36 143 643
36 146 127
36 147 839
36 148 755
36 3 863
36 4 351
36 6 253
36 7 381
36 10 510
36 14 552
36 16 760
36 17 294
36 19 54
36 20 557
36 21 980
36 23 979
36 24 93
36 27 941
36 29 122
36 30 491
36 33 513
36 35 940
37 39 945
37 40 83
37 41 447
37 44 909
37 45 648
37 46 98
37 49 924
37 54 252
37 59 11
37 62 91
37 64 99
37 65 311
37 72 387
37 76 51
37 81 444
37 85 294
37 88 599
37 96 231
37 97 715
37 98 62
37 100 714
37 105 184
37 107 648
37 110 767
37 112 478
37 115 576
37 117 491
37 123 144
37 125 626
37 127 471
37 129 240
37 130 292
37 132 222
37 133 185
37 134 441
37 137 757
37 141 239
37 142 16
37 148 930
37 4 16
37 5 16
37 6 819
37 7 631
37 10 599
37 13 91
37 14 658
37 17 687
37 19 942
37 21 582
37 22 945
37 24 871
37 26 640
37 33 291
38 41 469
38 43 545
38 44 655
38 45 371
38 55 196
38 57 644
38 61 34
38 62 747
38 64 811
38 66 519
38 69 217
38 71 795
38 73 939
38 75 402
38 78 15
38 80 248
38 83 290
38 84 132
38 86 456
38 88 54
38 90 929
38 98 993
38 99 248
38 100 794
38 101 2
38 103 624
38 106 21
38 108 725
38 109 282
38 112 978
38 115 280
38 117 517
38 118 735
38 119 26
38 120 375
38 122 778
38 123 160
38 133 822
38 136 13
38 141 841
38 143 992
38 144 87
38 145 805
38 147 793
38 148 938
38 5 406
38 7 432
38 8 537
38 11 218
38 12 104
38 15 575
38 17 63
38 19 661
38 21 390
38 26 184
38 30 961
38 32 481
38 34 991
38 35 453
38 37 119
38 48 924
38 129 537
39 41 401
39 43 219
39 47 284
39 50 364
39 51 943
39 54 300
39 61 118
39 62 442
39 71 345
39 75 606
39 79 981
39 82 880
39 83 300
39 84 3
39 85 696
39 91 867
39 92 324
39 93 95
39 95 545
39 96 989
39 102 665
39 105 667
39 111 265
39 115 585
39 116 993
39 117 10
39 118 114
39 120 832
39 123 436
39 125 364
39 126 704
39 133 906
39 135 253
39 136 108
39 138 84
39 139 376
39 140 272
39 141 559
39 145 509
39 147 484
39 3 983
39 6 137
39 7 265
39 11 996
39 16 477
39 18 493
39 20 246
39 22 47
39 23 623
39 24 899
39 25 375
39 27 558
39 35 828
39 37 206
39 38 851
39 67 376
40 41 745
40 42 656
40 45 878
40 46 887
40 50 455
40 51 802
40 53 650
40 54 792
40 56 516
40 57 37
40 59 374
40 65 995
40 72 781
40 75 870
40 80 576
40 82 595
40 85 972
40 86 808
40 87 104
40 88 809
40 89 6
40 90 606
40 92 981
40 94 527
40 95 668
40 96 887
40 101 940
40 102 393
40 103 783
40 104 691
40 107 621
40 110 786
40 116 18
40 123 66
40 124 830
40 127 771
40 128 214
40 129 864
40 130 843
40 133 357
40 135 232
40 136 355
40 137 93
40 138 89
40 139 956
40 143 846
40 145 287
40 147 181
40 148 662
40 149 98
40 2 720
40 4 333
40 5 777
40 6 657
40 7 434
40 8 123
40 13 439
40 15 447
40 18 564
40 21 799
40 23 965
40 24 710
40 25 915
40 27 39
40 30 806
40 35 555
40 36 165
40 74 122
41 42 170
41 44 122
41 45 77
41 48 659
41 49 674
41 50 366
41 51 830
41 53 440
41 54 356
41 56 902
41 59 193
41 61 311
41 62 551
41 64 17
41 66 688
41 67 89
41 69 864
41 71 199
41 74 543
41 75 801
41 77 868
41 85 612
41 88 504
41 92 427
41 93 382
41 96 121
41 101 751
41 102 781
41 106 612
41 108 430
41 112 941
41 115 578
41 118 577
41 119 312
41 122 29
41 123 677
41 124 853
41 128 779
41 129 684
41 132 996
41 144 807
41 147 919
41 148 623
41 1 99
41 2 269
41 4 951
41 5 644
41 6 6
41 8 409
41 11 498
41 14 782
41 15 908
41 17 101
41 23 230
41 25 451
41 26 98
41 27 932
41 31 732
41 32 580
41 38 361
42 43 145
42 46 480
42 47 928
42 50 934
42 56 41
42 57 821
42 58 883
42 61 158
42 62 291
42 63 788
42 66 971
42 68 697
42 69 865
42 70 540
42 72 544
42 73 499
42 78 612
42 81 812
42 82 569
42 86 133
42 87 320
42 88 783
42 89 78
42 90 566
42 94 981
42 96 178
42 100 621
42 101 430
42 102 984
42 105 127
42 106 177
42 108 231
42 110 361
42 113 884
42 114 65
42 115 418
42 117 363
42 118 890
42 122 905
42 124 58
42 127 386
42 129 332
42 130 879
42 131 947
42 132 35
42 133 90
42 139 94
42 141 4
42 143 330
42 145 153
42 146 118
42 147 290
42 149 977
42 0 700
42 3 575
42 9 162
42 11 195
42 21 668
42 22 354
42 23 379
42 24 23
42 28 283
42 32 451
42 34 207
42 36 158
42 75 179
43 50 613
43 55 403
43 58 482
43 63 178
43 65 122
43 68 755
43 81 597
43 88 630
43 89 727
43 92 963
43 93 465
43 97 961
43 98 680
43 103 115
43 108 968
43 109 520
43 111 433
43 114 791
43 115 975
43 118 545
43 119 534
43 120 606
43 121 519
43 125 67
43 128 903
43 130 345
43 134 321
43 135 120
43 143 753
43 149 915
43 0 270
43 1 748
43 9 102
43 10 754
43 11 679
43 12 957
43 13 540
43 14 266
43 15 406
43 17 79
43 22 714
43 23 505
43 27 351
43 30 519
43 32 361
43 33 512
43 38 865
43 40 28
43 42 471
43 106 494
44 50 479
44 51 741
44 53 770
44 55 26
44 60 554
44 61 701
44 62 620
44 63 984
44 66 695
44 68 930
44 72 96
44 77 961
44 79 551
44 81 370
44 83 976
44 84 802
44 85 416
44 86 756
44 89 379
44 93 99
44 95 876
44 102 700
44 104 82
44 106 242
44 111 94
44 113 954
44 114 442
44 122 844
44 124 392
44 129 354
44 130 495
44 131 130
44 132 845
44 133 981
44 134 759
44 135 919
44 137 49
44 138 237
44 139 826
44 143 309
44 145 674
44 0 581
44 2 265
44 4 114
44 6 589
44 7 310
44 8 631
44 11 583
44 17 905
44 18 751
44 22 540
44 30 973
44 31 888
44 33 29
44 36 470
44 37 201
44 38 994
44 39 396
44 40 279
44 41 672
44 42 532
44 94 892
45 48 719
45 49 861
45 50 837
45 51 256
45 59 478
45 60 126
45 63 186
45 70 610
45 71 424
45 73 684
45 75 936
45 78 351
45 80 101
45 82 572
45 91 74
45 94 298
45 96 446
45 97 628
45 98 663
45 100 737
45 102 356
45 103 298
45 105 705
45 107 310
45 108 121
45 109 497
45 114 315
45 115 19
45 116 188
45 124 979
45 127 269
45 128 283
45 129 74
45 130 749
45 132 264
45 133 934
45 134 858
45 135 278
45 139 495
45 140 424
45 142 103
45 143 500
45 144 762
45 146 466
45 1 356
45 2 547
45 3 200
45 4 165
45 7 888
45 9 166
45 11 547
45 12 304
45 16 608
45 18 7
45 19 317
45 20 546
45 21 371
45 22 784
45 24 95
45 25 848
45 26 840
45 28 150
45 30 989
45 33 339
45 36 64
45 37 634
45 42 599
45 44 609
45 46 148
45 61 180
46 47 891
46 50 49
46 53 720
46 54 222
46 55 584
46 56 750
46 58 37
46 59 39
46 61 148
46 62 694
46 64 65
46 65 974
46 66 525
46 68 240
46 72 305
46 75 37
46 77 69
46 80 743
46 81 514
46 82 731
46 84 202
46 86 178
46 87 666
46 89 77
46 93 165
46 94 571
46 97 568
46 101 361
46 102 284
46 104 147
46 108 110
46 109 704
46 110 875
46 115 369
46 116 604
46 119 183
46 121 328
46 123 463
46 126 502
46 127 656
46 128 567
46 131 617
46 132 224
46 141 16
46 142 418
46 143 297
46 146 231
46 147 554
46 149 758
46 0 826
46 6 59
46 7 108
46 8 841
46 11 162
46 13 935
46 17 231
46 21 230
46 24 259
46 34 656
46 37 788
46 39 505
46 41 367
46 44 692
46 45 804
46 49 421
47 53 905
47 58 917
47 60 615
47 61 128
47 62 144
47 63 668
47 64 204
47 65 137
47 66 3
47 69 691
47 71 248
47 73 813
47 76 564
47 79 519
47 84 856
47 86 321
47 87 556
47 90 316
47 93 408
47 95 110
47 97 245
47 111 782
47 112 931
47 113 702
47 114 653
47 123 452
47 127 141
47 137 995
47 139 854
47 141 665
47 144 462
47 147 81
47 148 101
47 0 424
47 1 461
47 2 375
47 7 274
47 9 699
47 10 213
47 14 433
47 15 271
47 18 624
47 21 142
47 23 936
47 24 452
47 30 913
47 32 286
47 33 818
47 34 600
47 35 898
47 36 583
47 37 530
47 39 519
47 41 665
47 42 930
48 49 267
48 52 628
48 55 508
48 56 190
48 58 460
48 59 318
48 62 320
48 63 33
48 65 380
48 67 454
48 68 187
48 70 903
48 71 215
48 74 373
48 80 1
48 81 94
48 85 536
48 87 885
48 88 936
48 89 615
48 90 584
48 92 92
48 96 399
48 97 578
48 101 990
48 105 161
48 106 141
48 109 798
48 111 971
48 112 851
48 117 321
48 120 193
48 121 929
48 122 141
48 126 102
48 127 641
48 135 662
48 136 219
48 141 629
48 144 167
48 146 674
48 148 333
48 149 315
48 0 945
48 1 543
48 3 61
48 7 715
48 8 498
48 11 698
48 13 711
48 14 989
48 16 794
48 19 454
48 21 605
48 24 355
48 25 846
48 29 674
48 31 622
48 32 599
48 33 611
48 34 591
48 38 18
48 39 795
48 40 195
48 41 618
48 42 578
48 43 261
48 46 273
48 47 527
49 54 848
49 55 68
49 56 474
49 57 434
49 58 366
49 60 289
49 66 695
49 70 206
49 73 278
49 74 154
49 75 250
49 79 26
49 81 934
49 82 1000
49 83 631
49 85 892
49 88 243
49 89 909
49 91 279
49 94 673
49 95 766
49 96 75
49 98 751
49 100 874
49 101 346
49 104 204
49 108 587
49 111 713
49 112 233
49 116 252
49 117 940
49 118 587
49 122 561
49 123 183
49 126 542
49 128 256
49 129 402
49 130 404
49 135 301
49 137 917
49 138 274
49 140 160
49 144 981
49 146 746
49 148 538
49 0 775
49 1 819
49 3 827
49 4 585
49 8 831
49 10 779
49 11 55
49 15 761
49 16 441
49 18 538
49 19 151
49 21 951
49 23 103
49 24 445
49 25 676
49 27 904
49 28 254
49 29 661
49 31 499
49 32 713
49 36 820
49 37 33
49 43 787
49 44 715
49 141 951
50 51 453
50 53 102
50 68 595
50 75 759
50 78 530
50 82 975
50 83 751
50 84 108
50 87 166
50 91 740
50 100 181
50 102 266
50 103 278
50 104 795
50 109 735
50 110 94
50 111 599
50 113 117
50 115 974
50 116 293
50 117 702
50 118 869
50 120 783
50 125 603
50 126 176
50 132 273
50 133 280
50 134 309
50 135 458
50 137 820
50 141 501
50 144 141
50 145 270
50 149 989
50 1 638
50 9 76
50 10 503
50 11 228
50 12 525
50 15 821
50 19 79
50 23 695
50 28 488
50 34 833
50 43 80
50 46 913
50 47 504
50 60 331
51 54 726
51 55 587
51 56 520
51 57 853
51 59 702
51 63 569
51 64 636
51 67 264
51 70 65
51 75 285
51 76 442
51 77 714
51 80 221
51 81 995
51 85 129
51 87 180
51 90 340
51 92 93
51 93 620
51 96 707
51 97 361
51 102 950
51 103 510
51 104 676
51 107 888
51 111 302
51 114 768
51 115 138
51 118 435
51 119 430
51 121 101
51 122 786
51 123 623
51 124 762
51 128 92
51 129 441
51 133 286
51 139 580
51 140 85
51 145 539
51 147 716
51 148 617
51 149 742
51 0 11
51 1 695
51 5 170
51 6 405
51 7 714
51 12 109
51 13 883
51 14 690
51 15 398
51 16 595
51 19 250
51 22 159
51 23 208
51 24 1
51 26 761
51 27 432
51 28 245
51 29 36
51 30 884
51 31 94
51 32 440
51 35 307
51 37 210
51 40 261
51 43 854
51 46 232
51 50 112
51 125 641
52 62 509
52 64 92
52 67 554
52 72 539
52 77 200
52 79 999
52 80 876
52 84 966
52 85 957
52 88 104
52 101 584
52 107 552
52 110 966
52 111 977
52 114 179
52 115 208
52 116 293
52 123 681
52 124 436
52 125 814
52 129 619
52 131 118
52 133 656
52 134 905
52 136 629
52 140 998
52 145 514
52 148 187
52 149 683
52 2 303
52 4 582
52 5 92
52 6 493
52 7 679
52 8 468
52 13 933
52 14 109
52 16 39
52 17 267
52 18 230
52 19 742
52 21 976
52 22 906
52 28 51
52 30 786
52 32 406
52 39 912
52 40 257
52 41 648
52 42 156
52 43 474
52 45 108
52 47 767
52 49 113
52 51 783
52 59 793
53 54 644
53 56 488
53 61 891
53 67 405
53 68 242
53 74 74
53 77 844
53 81 374
53 82 149
53 83 947
53 87 453
53 88 553
53 89 805
53 93 445
53 100 303
53 102 796
53 105 83
53 106 282
53 107 862
53 110 368
53 111 448
53 112 585
53 117 400
53 118 431
53 119 86
53 120 424
53 126 497
53 128 885
53 132 365
53 139 578
53 146 900
53 148 113
53 3 583
53 4 306
53 6 792
53 7 966
53 8 595
53 10 289
53 11 915
53 14 992
53 17 570
53 18 460
53 19 712
53 21 206
53 22 602
53 24 49
53 25 492
53 27 489
53 28 238
53 32 663
53 33 56
53 34 385
53 39 140
53 44 623
53 45 531
53 48 665
53 52 739
53 137 959
54 63 307
54 64 35
54 69 588
54 70 524
54 73 485
54 75 560
54 79 566
54 81 353
54 83 274
54 85 992
54 86 266
54 87 909
54 88 535
54 90 519
54 91 661
54 92 637
54 93 600
54 94 0
54 95 830
54 97 275
54 101 221
54 105 114
54 106 774
54 114 638
54 121 33
54 123 24
54 124 780
54 127 273
54 129 290
54 130 201
54 132 319
54 134 760
54 141 733
54 142 315
54 143 38
54 145 687
54 147 433
54 0 23
54 2 915
54 5 245
54 6 713
54 8 580
54 9 797
54 14 775
54 15 624
54 17 196
54 20 447
54 22 442
54 23 648
54 26 53
54 28 361
54 29 380
54 32 818
54 34 71
54 35 124
54 39 557
54 40 33
54 43 325
54 44 146
54 45 284
54 46 809
54 48 773
54 50 977
55 56 959
55 58 312
55 60 311
55 66 993
55 68 614
55 69 478
55 70 700
55 71 394
55 72 131
55 73 392
55 75 890
55 76 810
55 77 390
55 81 782
55 84 960
55 85 462
55 87 750
55 88 252
55 89 56
55 91 482
55 93 339
55 94 865
55 95 689
55 98 153
55 99 250
55 101 761
55 102 320
55 103 666
55 106 138
55 113 397
55 115 549
55 116 119
55 120 555
55 123 451
55 129 440
55 130 722
55 132 706
55 136 782
55 138 266
55 139 1
55 143 985
55 145 517
55 149 857
55 3 408
55 5 264
55 9 68
55 10 179
55 11 171
55 14 390
55 18 937
55 21 702
55 25 466
55 27 938
55 28 86
55 33 265
55 34 321
55 40 589
55 45 148
55 47 754
55 48 46
55 50 589
55 52 343
55 53 896
55 117 443
56 57 59
56 58 388
56 59 292
56 63 735
56 64 797
56 70 125
56 73 474
56 75 971
56 76 327
56 78 491
56 79 389
56 80 646
56 81 393
56 83 146
56 84 25
56 86 728
56 87 921
56 92 585
56 94 594
56 98 801
56 99 245
56 107 521
56 112 356
56 113 633
56 115 472
56 121 927
56 123 746
56 124 83
56 133 669
56 134 77
56 135 359
56 136 500
56 138 340
56 139 872
56 142 307
56 146 259
56 148 45
56 149 752
56 0 300
56 2 471
56 4 435
56 9 303
56 15 118
56 17 293
56 20 423
56 21 83
56 24 182
56 26 414
56 31 786
56 35 403
56 39 554
56 40 391
56 42 537
56 49 378
56 52 11
56 53 93
57 59 671
57 63 774
57 64 218
57 67 60
57 69 525
57 71 818
57 72 934
57 74 28
57 85 53
57 91 992
57 93 14
57 96 858
57 101 356
57 103 648
57 105 157
57 106 219
57 111 447
57 113 284
57 115 559
57 117 958
57 122 402
57 126 942
57 130 469
57 131 321
57 141 430
57 143 977
57 149 711
57 6 790
57 7 1000
57 8 462
57 12 959
57 20 484
57 21 200
57 23 743
57 24 400
57 26 563
57 33 534
57 34 34
57 45 990
57 47 109
57 49 919
57 51 645
57 54 687
57 56 79
58 60 907
58 61 71
58 64 555
58 68 249
58 74 264
58 75 555
58 80 629
58 83 368
58 84 807
58 87 443
58 90 926
58 92 27
58 94 962
58 97 249
58 99 134
58 101 823
58 105 17
58 106 188
58 107 453
58 108 528
58 111 537
58 112 729
58 118 772
58 123 692
58 126 630
58 127 722
58 129 693
58 133 171
58 135 781
58 136 308
58 137 80
58 138 789
58 142 379
58 144 547
58 148 867
58 0 437
58 2 457
58 9 67
58 10 474
58 13 318
58 16 672
58 19 134
58 20 3
58 23 320
58 25 168
58 26 759
58 28 177
58 31 865
58 32 860
58 34 645
58 38 84
58 39 207
58 42 390
58 45 173
58 46 673
58 49 920
58 50 208
58 53 808
58 56 104
58 57 648
58 79 172
59 60 328
59 62 431
59 65 380
59 67 765
59 68 739
59 69 825
59 70 747
59 72 530
59 73 800
59 75 737
59 79 103
59 80 561
59 90 793
59 93 263
59 94 761
59 96 809
59 97 148
59 100 549
59 101 818
59 102 807
59 103 539
59 107 700
59 109 674
59 110 364
59 115 457
59 117 255
59 118 276
59 119 256
59 120 301
59 122 763
59 126 657
59 127 813
59 131 744
59 134 873
59 136 572
59 140 384
59 143 962
59 145 542
59 146 30
59 147 192
59 148 700
59 3 603
59 4 367
59 6 145
59 9 950
59 11 157
59 15 817
59 17 210
59 19 148
59 20 379
59 24 760
59 25 312
59 26 421
59 31 336
59 33 119
59 39 158
59 40 299
59 41 43
59 43 351
59 48 115
59 55 984
59 56 913
59 58 567
60 62 813
60 65 172
60 70 279
60 73 785
60 75 837
60 76 280
60 84 105
60 86 363
60 91 887
60 95 129
60 100 370
60 102 200
60 106 655
60 107 382
60 111 539
60 113 1000
60 118 28
60 119 417
60 122 329
60 125 788
60 127 855
60 128 510
60 136 261
60 141 421
60 143 311
60 144 208
60 145 325
60 146 382
60 148 600
60 0 293
60 6 636
60 7 692
60 8 890
60 9 517
60 10 431
60 12 13
60 18 98
60 22 972
60 24 393
60 28 565
60 29 491
60 30 153
60 32 748
60 33 98
60 39 433
60 42 544
60 44 669
60 47 264
60 50 301
60 54 28
60 56 558
60 59 811
60 90 512
61 62 428
61 65 543
61 68 221
61 69 797
61 70 856
61 77 943
61 79 455
61 85 332
61 86 932
61 87 159
61 91 30
61 92 865
61 94 456
61 95 525
61 96 764
61 100 688
61 101 670
61 103 683
61 104 100
61 107 798
61 108 282
61 111 876
61 112 103
61 113 570
61 115 10
61 117 137
61 118 529
61 122 437
61 125 419
61 126 546
61 130 20
61 131 599
61 132 486
61 136 474
61 138 536
61 142 40
61 143 107
61 144 128
61 145 896
61 147 885
61 149 760
61 0 67
61 2 757
61 3 648
61 4 243
61 5 151
61 7 141
61 9 50
61 13 663
61 14 804
61 15 759
61 16 161
61 18 678
61 20 571
61 21 994
61 23 620
61 30 851
61 35 902
61 40 155
61 41 846
61 42 550
61 43 374
61 44 231
61 45 919
61 48 527
61 52 418
61 53 696
61 54 251
61 55 598
62 64 694
62 65 435
62 67 608
62 68 548
62 69 3
62 70 913
62 72 803
62 73 780
62 74 907
62 79 670
62 80 811
62 81 1000
62 82 35
62 86 439
62 87 20
62 88 215
62 89 785
62 91 771
62 92 792
62 94 881
62 97 221
62 98 971
62 99 140
62 100 991
62 102 601
62 107 346
62 109 528
62 114 202
62 116 70
62 118 490
62 122 346
62 123 685
62 124 222
62 129 444
62 132 999
62 133 889
62 135 833
62 136 11
62 141 96
62 144 878
62 147 903
62 149 690
62 0 434
62 2 28
62 3 172
62 6 123
62 7 386
62 8 270
62 14 686
62 20 176
62 23 792
62 24 729
62 26 627
62 28 579
62 29 935
62 31 517
62 32 90
62 33 367
62 34 74
62 36 438
62 39 724
62 50 649
62 51 124
62 52 852
62 55 574
62 56 26
62 59 486
63 64 81
63 68 234
63 70 933
63 72 923
63 73 239
63 75 988
63 79 636
63 81 437
63 82 932
63 84 142
63 85 598
63 87 219
63 90 917
63 91 718
63 94 65
63 96 622
63 103 891
63 105 483
63 106 639
63 111 327
63 113 382
63 114 345
63 119 963
63 120 980
63 123 281
63 124 862
63 125 455
63 128 778
63 137 124
63 138 527
63 141 48
63 142 941
63 145 756
63 146 456
63 147 725
63 0 875
63 2 741
63 4 464
63 7 550
63 8 14
63 15 624
63 17 948
63 18 676
63 19 435
63 20 167
63 26 525
63 28 230
63 29 702
63 34 748
63 35 314
63 36 185
63 39 352
63 40 58
63 41 239
63 44 256
63 51 648
63 56 525
63 57 167
63 59 644
63 60 935
63 61 449
64 65 292
64 66 96
64 67 220
64 70 779
64 71 592
64 73 729
64 76 774
64 77 341
64 78 398
64 79 738
64 80 394
64 81 416
64 84 311
64 85 415
64 90 402
64 93 491
64 95 974
64 98 290
64 106 752
64 108 809
64 110 493
64 111 450
64 114 491
64 117 363
64 122 582
64 125 849
64 128 218
64 129 767
64 133 260
64 134 590
64 135 439
64 138 613
64 139 392
64 141 890
64 142 743
64 146 882
64 148 587
64 0 684
64 3 698
64 4 744
64 5 412
64 11 467
64 12 214
64 14 507
64 19 915
64 22 933
64 23 447
64 26 474
64 27 902
64 29 306
64 31 424
64 34 564
64 37 600
64 40 520
64 42 665
64 43 786
64 47 2
64 48 922
64 50 996
64 52 455
64 53 993
64 55 11
64 57 907
64 58 350
64 60 478
64 62 444
65 67 756
65 68 900
65 69 257
65 74 627
65 77 805
65 79 284
65 82 731
65 85 142
65 89 831
65 92 507
65 97 645
65 99 563
65 100 658
65 101 605
65 107 767
65 109 393
65 111 101
65 113 267
65 116 920
65 119 167
65 122 259
65 125 613
65 127 548
65 131 490
65 133 714
65 137 313
65 142 679
65 143 326
65 147 170
65 0 146
65 2 744
65 5 47
65 7 79
65 11 681
65 12 486
65 13 641
65 14 200
65 17 760
65 20 304
65 22 456
65 24 113
65 27 874
65 32 396
65 38 359
65 40 870
65 41 124
65 45 312
65 51 137
65 52 948
65 55 402
65 56 56
65 57 982
65 60 205
65 62 891
65 63 280
66 67 193
66 68 309
66 69 851
66 70 617
66 71 108
66 73 989
66 77 410
66 78 125
66 81 119
66 82 614
66 83 835
66 84 400
66 86 371
66 87 50
66 88 590
66 90 79
66 94 110
66 95 62
66 97 706
66 99 397
66 102 761
66 103 970
66 105 337
66 106 628
66 109 870
66 111 281
66 113 561
66 115 631
66 116 154
66 119 852
66 120 301
66 121 25
66 126 668
66 128 915
66 129 491
66 135 845
66 137 238
66 141 371
66 142 695
66 143 274
66 144 228
66 145 489
66 146 609
66 149 388
66 0 969
66 1 362
66 2 978
66 3 730
66 7 886
66 8 915
66 9 692
66 11 557
66 12 901
66 14 187
66 21 471
66 28 312
66 29 855
66 32 394
66 36 196
66 39 191
66 46 136
66 47 349
66 48 787
66 49 368
66 51 57
66 56 828
66 57 790
66 60 381
67 73 109
67 74 932
67 76 781
67 86 924
67 87 52
67 88 637
67 90 61
67 91 725
67 92 652
67 96 468
67 98 779
67 100 776
67 105 276
67 107 351
67 108 751
67 110 392
67 113 132
67 120 907
67 122 285
67 124 102
67 126 646
67 127 223
67 133 912
67 143 919
67 144 314
67 146 738
67 148 763
67 0 340
67 3 453
67 4 490
67 5 831
67 7 914
67 10 811
67 12 543
67 17 546
67 21 684
67 25 585
67 26 432
67 27 388
67 32 847
67 34 593
67 36 130
67 37 833
67 41 497
67 44 285
67 45 561
67 47 453
67 50 708
67 53 412
67 55 522
67 56 747
67 63 950
67 65 319
68 74 145
68 76 443
68 78 872
68 79 611
68 80 86
68 82 216
68 83 335
68 85 878
68 89 772
68 90 360
68 94 289
68 98 459
68 102 417
68 108 315
68 109 155
68 111 429
68 112 532
68 116 732
68 117 828
68 119 293
68 121 578
68 122 314
68 123 306
68 125 367
68 128 888
68 129 818
68 135 426
68 137 898
68 143 940
68 145 634
68 148 454
68 149 133
68 0 997
68 2 31
68 5 322
68 7 187
68 9 644
68 10 473
68 13 121
68 17 917
68 21 530
68 22 636
68 23 706
68 24 972
68 26 619
68 27 951
68 29 467
68 33 786
68 36 393
68 42 984
68 45 446
68 49 437
68 54 943
68 55 868
68 61 966
68 62 78
68 64 310
68 65 531
68 66 419
69 70 50
69 72 791
69 74 889
69 75 332
69 79 761
69 80 465
69 85 425
69 87 925
69 91 948
69 93 333
69 94 218
69 95 633
69 97 450
69 99 11
69 102 677
69 107 873
69 113 934
69 116 992
69 121 497
69 122 806
69 124 460
69 130 742
69 131 555
69 132 308
69 133 631
69 135 47
69 141 373
69 142 16
69 144 929
69 147 468
69 1 52
69 2 397
69 5 558
69 10 452
69 11 179
69 13 407
69 18 955
69 19 469
69 20 452
69 21 612
69 34 463
69 40 562
69 41 460
69 42 983
69 47 685
69 49 308
69 51 542
69 55 955
69 59 568
69 61 447
69 63 855
69 65 942
69 108 171
70 71 605
70 73 760
70 74 895
70 76 483
70 77 464
70 78 300
70 79 51
70 81 596
70 82 578
70 87 465
70 91 52
70 93 333
70 94 794
70 97 608
70 107 864
70 108 229
70 111 718
70 112 486
70 114 521
70 118 307
70 121 713
70 125 577
70 132 747
70 134 635
70 135 672
70 139 870
70 145 247
70 146 519
70 148 168
70 149 206
70 4 391
70 5 396
70 6 279
70 7 293
70 8 366
70 9 31
70 10 443
70 14 254
70 16 802
70 18 734
70 19 438
70 20 120
70 25 129
70 26 165
70 27 463
70 29 860
70 31 400
70 33 470
70 40 188
70 42 505
70 43 635
70 44 740
70 45 672
70 46 886
70 53 875
70 54 265
70 56 814
70 57 56
70 60 331
70 66 191
70 67 957
70 68 674
70 95 500
71 77 377
71 79 691
71 80 448
71 83 632
71 84 520
71 85 313
71 92 99
71 97 514
71 100 384
71 102 637
71 103 144
71 105 155
71 106 49
71 107 180
71 109 36
71 116 251
71 118 595
71 119 875
71 120 336
71 121 585
71 122 144
71 124 316
71 130 776
71 133 819
71 134 950
71 136 66
71 138 414
71 139 636
71 143 407
71 147 459
71 148 138
71 149 160
71 5 558
71 13 757
71 15 299
71 16 350
71 24 979
71 31 315
71 34 343
71 35 152
71 40 411
71 44 630
71 46 544
71 48 271
71 52 30
71 53 12
71 56 173
71 60 810
71 63 301
71 64 973
71 65 422
71 70 795
71 78 955
71 89 201
72 74 857
72 75 622
72 76 108
72 77 971
72 80 39
72 86 167
72 90 120
72 95 181
72 103 902
72 105 874
72 108 645
72 109 674
72 112 999
72 113 987
72 115 287
72 116 585
72 121 521
72 126 847
72 127 233
72 129 886
72 133 173
72 134 391
72 135 795
72 136 717
72 137 994
72 138 404
72 139 446
72 142 662
72 148 237
72 149 651
72 1 388
72 3 755
72 4 390
72 5 806
72 9 614
72 12 315
72 14 378
72 16 166
72 18 995
72 20 205
72 24 9
72 26 748
72 27 207
72 30 241
72 36 802
72 37 140
72 39 839
72 40 401
72 42 885
72 45 341
72 47 357
72 51 816
72 52 922
72 53 41
72 54 865
72 57 666
72 59 248
72 61 77
72 63 771
72 64 968
72 65 717
72 66 748
72 68 585
72 69 799
72 120 764
73 74 537
73 79 365
73 80 267
73 81 251
73 84 434
73 86 812
73 87 506
73 95 43
73 99 850
73 101 295
73 102 388
73 104 990
73 106 695
73 107 755
73 109 475
73 110 302
73 113 66
73 115 475
73 117 780
73 119 143
73 120 334
73 125 513
73 126 313
73 128 236
73 129 808
73 130 59
73 131 11
73 132 806
73 136 433
73 137 423
73 139 562
73 140 967
73 141 476
73 143 629
73 145 779
73 146 435
73 147 201
73 149 483
73 0 480
73 1 145
73 2 507
73 3 980
73 6 451
73 7 725
73 9 850
73 11 799
73 13 497
73 14 425
73 17 511
73 18 35
73 20 851
73 21 921
73 24 62
73 26 58
73 32 491
73 34 256
73 35 746
73 36 980
73 39 841
73 42 675
73 43 843
73 44 923
73 46 196
73 49 879
73 50 802
73 55 300
73 57 988
73 61 915
73 63 580
73 64 500
73 67 885
73 71 214
73 72 837
74 75 865
74 76 652
74 79 61
74 80 963
74 84 186
74 85 194
74 86 245
74 92 828
74 97 871
74 100 794
74 101 994
74 104 100
74 106 541
74 111 162
74 113 78
74 114 801
74 116 202
74 119 932
74 121 121
74 125 181
74 130 697
74 131 861
74 132 800
74 135 963
74 141 974
74 142 232
74 143 679
74 144 18
74 145 162
74 146 316
74 149 384
74 3 691
74 9 130
74 11 17
74 12 233
74 14 108
74 16 597
74 18 545
74 20 845
74 24 662
74 25 615
74 28 351
74 31 936
74 32 187
74 33 942
74 34 875
74 35 659
74 38 432
74 42 764
74 45 371
74 49 785
74 54 856
74 55 145
74 58 629
74 62 45
74 63 444
74 67 823
74 69 880
74 71 135
75 77 20
75 79 972
75 80 111
75 81 64
75 85 441
75 88 674
75 89 49
75 92 963
75 93 894
75 96 421
75 97 837
75 100 314
75 109 708
75 111 810
75 116 646
75 117 17
75 118 100
75 120 966
75 121 689
75 123 812
75 124 384
75 125 561
75 139 139
75 140 961
75 142 463
75 146 943
75 148 663
75 149 765
75 0 874
75 1 931
75 3 173
75 5 755
75 6 323
75 13 417
75 15 170
75 16 8
75 17 678
75 18 78
75 21 912
75 25 521
75 26 376
75 29 687
75 30 5
75 31 619
75 32 401
75 41 727
75 42 380
75 43 699
75 46 137
75 47 209
75 51 970
75 52 721
75 54 862
75 56 116
75 60 848
75 64 702
75 66 707
75 67 867
75 71 192
75 72 436
75 74 625
75 130 894
76 82 233
76 85 882
76 86 803
76 88 768
76 90 19
76 92 919
76 95 980
76 102 850
76 104 120
76 105 292
76 106 926
76 107 862
76 108 12
76 109 733
76 115 941
76 116 533
76 117 591
76 123 389
76 129 885
76 130 198
76 131 434
76 137 313
76 138 341
76 139 128
76 141 816
76 142 804
76 143 200
76 144 51
76 145 192
76 146 727
76 148 153
76 149 164
76 0 236
76 2 162
76 5 86
76 7 692
76 11 321
76 12 52
76 14 912
76 18 656
76 19 901
76 21 543
76 28 791
76 30 483
76 33 364
76 34 757
76 37 905
76 39 550
76 40 913
76 41 569
76 42 631
76 43 567
76 45 987
76 46 428
76 47 989
76 51 130
76 52 93
76 54 188
76 55 443
76 60 372
76 62 905
76 71 576
76 73 654
77 81 463
77 83 553
77 86 641
77 88 650
77 90 958
77 93 998
77 94 618
77 97 815
77 101 249
77 102 552
77 103 578
77 105 879
77 106 822
77 110 665
77 113 74
77 114 336
77 116 650
77 118 538
77 120 213
77 124 441
77 125 782
77 129 574
77 130 905
77 131 104
77 133 585
77 135 262
77 140 120
77 142 114
77 149 37
77 1 539
77 2 220
77 3 809
77 5 707
77 7 709
77 8 124
77 9 339
77 10 160
77 12 677
77 14 165
77 17 79
77 22 581
77 24 748
77 26 933
77 29 839
77 33 683
77 34 507
77 36 993
77 41 22
77 45 825
77 46 508
77 48 323
77 50 613
77 53 863
77 55 407
77 61 127
77 63 873
77 66 127
77 67 135
77 68 14
77 71 613
77 74 591
77 76 935
77 96 2
78 79 593
78 83 459
78 85 129
78 93 620
78 94 986
78 100 599
78 107 804
78 108 248
78 109 475
78 110 731
78 111 769
78 112 239
78 115 864
78 118 812
78 120 593
78 121 151
78 122 310
78 126 540
78 128 564
78 129 329
78 130 79
78 132 237
78 133 611
78 135 459
78 138 995
78 139 353
78 140 166
78 143 333
78 144 250
78 2 541
78 4 573
78 6 238
78 7 780
78 11 315
78 18 98
78 21 201
78 22 783
78 23 132
78 26 20
78 27 971
78 28 199
78 29 431
78 30 40
78 32 389
78 33 340
78 34 87
78 38 950
78 39 329
78 41 149
78 43 995
78 45 694
78 46 506
78 47 752
78 51 392
78 52 469
78 53 634
78 54 814
78 55 719
78 56 263
78 58 913
78 59 828
78 60 648
78 61 975
78 62 190
78 66 943
78 67 294
78 68 689
78 70 106
78 72 303
78 77 935
78 87 165
79 82 690
79 86 824
79 87 131
79 88 950
79 90 663
79 95 146
79 96 427
79 99 543
79 100 135
79 101 53
79 103 245
79 106 998
79 107 279
79 109 116
79 110 563
79 114 308
79 116 758
79 118 358
79 119 722
79 120 351
79 122 832
79 123 592
79 126 245
79 127 516
79 128 31
79 130 425
79 131 990
79 132 70
79 133 420
79 143 329
79 145 306
79 146 143
79 149 438
79 8 147
79 10 309
79 16 114
79 19 645
79 21 376
79 22 355
79 28 871
79 29 716
79 30 843
79 32 729
79 35 451
79 37 387
79 38 669
79 39 312
79 41 38
79 46 229
79 48 104
79 49 764
79 52 74
79 54 894
79 55 997
79 56 529
79 61 9
79 62 88
79 64 529
79 71 365
79 72 557
79 73 235
79 76 366
79 78 872
80 83 355
80 86 692
80 89 51
80 95 831
80 96 168
80 98 42
80 99 236
80 100 143
80 104 275
80 105 53
80 107 329
80 108 470
80 110 755
80 111 496
80 112 357
80 116 928
80 123 569
80 124 132
80 127 573
80 130 112
80 133 134
80 134 543
80 137 299
80 138 578
80 139 241
80 142 599
80 146 604
80 147 904
80 149 416
80 3 720
80 12 364
80 13 593
80 14 487
80 17 115
80 18 787
80 24 138
80 25 11
80 34 921
80 36 403
80 37 867
80 38 900
80 41 599
80 44 918
80 45 530
80 47 302
80 49 654
80 51 428
80 52 600
80 57 138
80 58 954
80 59 919
80 60 98
80 61 502
80 62 728
80 66 630
80 67 365
80 69 979
80 70 585
80 73 230
80 77 411
81 82 665
81 83 712
81 85 781
81 87 783
81 91 9
81 94 369
81 95 278
81 98 512
81 99 555
81 110 838
81 111 142
81 114 689
81 115 350
81 116 900
81 119 567
81 122 62
81 123 351
81 124 328
81 127 51
81 133 90
81 138 600
81 140 314
81 141 750
81 142 16
81 143 845
81 144 232
81 10 385
81 11 553
81 14 894
81 15 408
81 16 74
81 21 468
81 22 487
81 27 815
81 29 590
81 30 268
81 33 327
81 35 958
81 37 775
81 38 487
81 39 663
81 42 782
81 43 205
81 45 230
81 49 598
81 50 478
81 56 416
81 57 735
81 61 881
81 62 0
81 64 184
81 66 880
81 71 604
81 73 792
81 79 622
81 80 129
82 84 993
82 85 613
82 88 202
82 92 498
82 99 613
82 101 520
82 102 630
82 103 790
82 105 879
82 108 659
82 110 955
82 111 657
82 112 773
82 113 933
82 115 473
82 121 456
82 123 344
82 125 717
82 127 575
82 128 766
82 129 828
82 131 860
82 134 460
82 135 867
82 137 54
82 146 452
82 0 119
82 7 19
82 11 709
82 13 563
82 15 47
82 16 355
82 17 479
82 20 785
82 22 902
82 27 878
82 29 338
82 31 439
82 33 74
82 36 695
82 39 834
82 41 717
82 45 397
82 47 658
82 48 431
82 49 915
82 51 692
82 55 12
82 63 909
82 65 439
82 71 752
82 72 702
82 76 20
82 78 351
82 118 998
83 89 697
83 94 400
83 96 332
83 99 374
83 100 343
83 104 499
83 105 73
83 106 415
83 111 939
83 112 95
83 114 533
83 116 542
83 118 345
83 120 268
83 122 119
83 124 117
83 125 724
83 126 11
83 127 164
83 131 282
83 134 582
83 137 223
83 140 154
83 141 113
83 144 19
83 145 136
83 0 159
83 1 881
83 4 261
83 5 861
83 6 239
83 7 488
83 8 592
83 13 266
83 15 498
83 17 62
83 22 261
83 24 581
83 28 965
83 30 611
83 41 868
83 43 368
83 44 198
83 46 380
83 47 187
83 49 89
83 51 567
83 54 59
83 55 982
83 58 900
83 62 509
83 63 736
83 72 262
83 74 776
83 77 264
83 80 987
83 82 89
84 87 643
84 94 168
84 98 344
84 100 932
84 102 141
84 109 226
84 111 788
84 113 582
84 115 71
84 117 256
84 118 988
84 119 134
84 120 878
84 121 466
84 123 209
84 124 134
84 125 98
84 126 682
84 129 164
84 133 798
84 134 796
84 135 420
84 136 15
84 138 454
84 144 555
84 146 811
84 3 314
84 4 546
84 5 244
84 8 179
84 12 667
84 19 973
84 22 277
84 23 678
84 25 786
84 27 693
84 31 58
84 34 412
84 41 868
84 47 209
84 56 407
84 60 671
84 62 89
84 66 809
84 67 887
84 73 914
84 75 749
84 80 465
85 87 101
85 92 934
85 93 717
85 95 150
85 96 455
85 98 749
85 100 467
85 102 613
85 103 78
85 105 1
85 112 120
85 116 484
85 117 607
85 118 919
85 119 412
85 120 959
85 121 24
85 126 202
85 128 677
85 131 863
85 132 179
85 134 465
85 136 544
85 138 215
85 141 349
85 142 461
85 148 415
85 0 725
85 6 0
85 7 36
85 8 228
85 12 290
85 20 720
85 25 689
85 26 170
85 27 724
85 28 939
85 29 624
85 33 500
85 34 918
85 36 149
85 37 965
85 39 751
85 42 334
85 43 339
85 47 543
85 48 972
85 49 302
85 50 674
85 52 780
85 56 726
85 60 6
85 62 989
85 63 402
85 64 538
85 65 339
85 67 122
85 68 753
85 69 86
85 73 713
85 74 557
85 77 822
85 81 562
85 83 745
85 104 310
86 87 216
86 88 6
86 89 661
86 90 534
86 92 952
86 96 713
86 98 685
86 103 551
86 106 869
86 108 373
86 109 900
86 110 359
86 112 59
86 113 402
86 119 752
86 120 792
86 122 311
86 124 72
86 130 933
86 132 254
86 134 380
86 135 578
86 136 885
86 137 645
86 140 471
86 141 753
86 142 162
86 146 553
86 147 415
86 148 814
86 149 681
86 0 185
86 1 384
86 3 693
86 7 753
86 10 312
86 13 761
86 14 224
86 16 656
86 17 116
86 20 776
86 21 178
86 25 276
86 29 524
86 30 861
86 31 384
86 37 374
86 40 769
86 42 147
86 43 486
86 44 630
86 45 594
86 46 139
86 50 730
86 51 688
86 55 450
86 58 849
86 59 678
86 60 552
86 63 781
86 64 117
86 65 408
86 68 358
86 73 977
86 75 848
86 76 72
86 78 250
86 84 646
87 88 445
87 90 80
87 92 881
87 93 252
87 94 684
87 101 932
87 102 116
87 103 44
87 108 344
87 113 592
87 114 691
87 115 132
87 116 248
87 117 343
87 120 717
87 123 583
87 124 711
87 126 232
87 127 119
87 128 560
87 130 227
87 134 807
87 138 83
87 141 663
87 146 845
87 149 351
87 1 696
87 2 548
87 3 186
87 7 322
87 9 567
87 10 431
87 11 976
87 15 628
87 16 619
87 22 839
87 24 258
87 27 978
87 28 100
87 31 146
87 38 732
87 39 798
87 44 225
87 45 884
87 49 458
87 51 718
87 57 706
87 68 104
87 69 198
87 73 239
87 77 457
87 79 913
87 80 802
87 81 442
87 84 832
87 85 793
87 86 348
88 89 950
88 91 207
88 92 947
88 95 905
88 97 796
88 99 869
88 103 770
88 105 944
88 106 699
88 110 162
88 115 844
88 117 479
88 123 796
88 124 468
88 125 672
88 130 383
88 131 606
88 137 117
88 142 835
88 144 147
88 149 656
88 0 564
88 3 234
88 5 360
88 6 555
88 7 670
88 8 188
88 9 120
88 11 112
88 15 63
88 21 665
88 22 712
88 26 383
88 27 515
88 30 779
88 31 898
88 33 365
88 35 908
88 38 747
88 39 513
88 42 983
88 43 767
88 47 183
88 49 595
88 52 607
88 53 757
88 57 20
88 59 101
88 61 258
88 62 798
88 65 122
88 68 942
88 71 89
88 74 125
88 75 774
88 76 971
88 77 864
88 78 418
88 80 962
88 82 449
88 83 212
88 84 785
88 87 78
88 126 55
88 133 346
89 92 5
89 95 933
89 96 436
89 99 835
89 100 709
89 101 418
89 103 80
89 105 778
89 108 820
89 109 29
89 110 506
89 113 515
89 120 589
89 123 713
89 124 470
89 126 174
89 127 600
89 129 664
89 130 603
89 132 195
89 134 871
89 135 734
89 141 804
89 142 353
89 145 180
89 147 849
89 148 871
89 1 668
89 4 455
89 6 182
89 8 386
89 10 100
89 11 861
89 13 93
89 14 500
89 15 846
89 18 526
89 21 689
89 22 472
89 23 982
89 24 141
89 25 739
89 28 608
89 29 405
89 34 343
89 36 337
89 37 171
89 38 230
89 41 999
89 43 138
89 52 480
89 53 884
89 56 407
89 57 766
89 59 575
89 60 949
89 63 785
89 65 266
89 66 993
89 68 135
89 70 758
89 72 779
89 74 205
89 75 719
89 76 749
89 81 809
89 82 396
89 84 404
89 88 394
89 149 836
90 99 39
90 103 780
90 104 922
90 109 261
90 110 46
90 111 567
90 114 264
90 118 28
90 119 314
90 121 526
90 122 893
90 123 318
90 125 848
90 126 884
90 128 798
90 129 969
90 130 797
90 133 402
90 136 549
90 138 497
90 146 866
90 0 301
90 2 193
90 5 169
90 8 515
90 10 921
90 11 901
90 13 708
90 14 565
90 15 584
90 16 865
90 22 550
90 24 992
90 27 623
90 28 917
90 34 575
90 35 213
90 36 96
90 41 961
90 42 593
90 46 109
90 51 891
90 55 133
90 57 667
90 58 793
90 59 799
90 61 116
90 64 49
90 67 185
90 77 281
90 80 817
90 81 518
90 86 927
90 87 584
90 89 126
91 92 767
91 93 814
91 98 283
91 99 13
91 100 67
91 103 240
91 104 517
91 105 145
91 106 525
91 112 714
91 113 584
91 116 795
91 119 363
91 121 796
91 124 480
91 125 824
91 128 166
91 129 790
91 131 984
91 133 755
91 135 670
91 136 47
91 140 296
91 141 280
91 142 65
91 143 749
91 146 959
91 0 678
91 1 832
91 4 480
91 5 412
91 6 455
91 9 259
91 10 69
91 14 218
91 19 531
91 20 196
91 21 15
91 25 71
91 28 113
91 30 512
91 31 784
91 32 411
91 38 600
91 41 782
91 43 866
91 44 204
91 49 974
91 53 8
91 56 485
91 58 103
91 63 382
91 64 516
91 67 414
91 68 628
91 69 8
91 73 641
91 74 207
91 75 409
91 77 303
91 81 16
91 83 985
91 84 300
91 85 162
91 86 496
91 90 923
92 95 104
92 96 949
92 98 949
92 99 706
92 100 862
92 103 146
92 104 766
92 107 790
92 108 367
92 109 828
92 110 906
92 111 591
92 112 935
92 116 328
92 117 905
92 120 927
92 123 919
92 124 369
92 127 697
92 129 294
92 130 77
92 133 286
92 135 91
92 137 192
92 139 91
92 140 681
92 141 200
92 142 415
92 144 754
92 145 649
92 148 245
92 1 342
92 2 844
92 5 172
92 8 227
92 10 846
92 12 473
92 13 334
92 16 996
92 18 70
92 22 207
92 23 771
92 27 628
92 28 369
92 29 312
92 31 465
92 34 597
92 37 458
92 38 626
92 42 752
92 43 878
92 48 165
92 50 13
92 55 44
92 56 593
92 58 25
92 59 333
92 61 425
92 63 189
92 64 793
92 66 362
92 68 94
92 69 659
92 71 569
92 75 648
92 77 41
92 81 729
92 84 898
92 88 606
92 89 158
92 91 81
93 99 162
93 109 93
93 110 596
93 113 98
93 115 602
93 116 543
93 117 457
93 121 786
93 123 918
93 125 123
93 127 128
93 129 200
93 130 170
93 134 554
93 135 275
93 136 749
93 141 373
93 143 801
93 144 586
93 146 424
93 4 997
93 5 938
93 8 37
93 10 413
93 12 636
93 14 90
93 21 875
93 23 424
93 28 272
93 30 252
93 31 149
93 34 854
93 36 618
93 37 76
93 39 838
93 40 991
93 42 159
93 45 412
93 47 73
93 48 244
93 54 80
93 55 792
93 57 193
93 58 970
93 59 381
93 61 177
93 63 302
93 67 935
93 68 580
93 70 449
93 72 402
93 74 545
93 78 198
93 81 257
93 85 201
93 86 129
93 92 161
93 98 134
94 99 442
94 102 314
94 103 186
94 108 390
94 110 209
94 116 187
94 117 299
94 118 150
94 120 717
94 121 706
94 122 141
94 127 257
94 132 267
94 133 178
94 136 271
94 139 472
94 142 961
94 143 783
94 144 463
94 5 495
94 6 641
94 8 844
94 9 260
94 11 812
94 12 298
94 15 636
94 23 790
94 26 300
94 28 159
94 30 382
94 33 884
94 37 941
94 48 975
94 49 257
94 51 160
94 52 81
94 57 61
94 61 53
94 62 272
94 64 335
94 66 906
94 67 120
94 68 515
94 71 309
94 74 744
94 77 32
94 80 948
94 87 139
94 88 79
94 89 944
94 92 409
94 93 201
94 109 338
95 98 843
95 99 962
95 102 327
95 108 350
95 110 68
95 113 146
95 114 558
95 115 143
95 121 283
95 123 919
95 126 761
95 128 645
95 129 23
95 131 968
95 132 278
95 133 865
95 135 859
95 139 249
95 146 770
95 148 836
95 0 410
95 2 11
95 3 326
95 6 942
95 9 676
95 14 798
95 15 487
95 18 132
95 20 897
95 21 686
95 25 945
95 31 112
95 32 426
95 35 246
95 37 778
95 38 564
95 39 691
95 40 392
95 44 147
95 45 811
95 47 150
95 50 720
95 51 396
95 52 769
95 54 141
95 55 151
95 60 897
95 64 101
95 66 37
95 68 885
95 69 330
95 73 876
95 75 968
95 81 524
95 82 245
95 84 886
95 89 619
95 91 280
95 92 869
95 93 81
95 94 603
96 97 643
96 99 979
96 101 185
96 102 468
96 104 516
96 106 370
96 108 206
96 109 768
96 113 20
96 115 722
96 121 520
96 123 355
96 130 187
96 131 395
96 133 303
96 134 778
96 135 330
96 140 431
96 142 432
96 143 233
96 144 179
96 145 332
96 146 698
96 0 219
96 7 515
96 9 667
96 17 148
96 18 718
96 20 467
96 24 785
96 26 738
96 28 240
96 32 201
96 34 548
96 36 858
96 37 691
96 40 874
96 45 104
96 48 138
96 50 542
96 52 604
96 58 895
96 59 256
96 60 325
96 61 490
96 62 541
96 66 714
96 70 224
96 73 377
96 74 604
96 75 766
96 78 603
96 87 877
96 90 133
96 91 619
96 92 546
96 93 282
96 95 959
97 98 965
97 100 663
97 102 771
97 104 401
97 105 305
97 106 396
97 107 360
97 108 637
97 118 320
97 119 993
97 123 295
97 124 663
97 126 542
97 128 2
97 130 699
97 136 6
97 140 227
97 145 889
97 147 960
97 148 886
97 149 114
97 0 240
97 4 287
97 8 453
97 10 872
97 13 419
97 14 386
97 20 219
97 21 190
97 22 853
97 26 791
97 28 137
97 29 609
97 30 825
97 31 974
97 32 115
97 33 993
97 34 158
97 37 473
97 39 104
97 42 150
97 46 567
97 49 233
97 56 331
97 60 98
97 63 821
97 66 80
97 70 227
97 71 753
97 74 766
97 76 819
97 77 86
97 78 586
97 80 694
97 81 191
97 82 456
97 83 741
97 88 529
97 91 798
97 96 13
98 100 824
98 101 448
98 102 832
98 103 668
98 106 330
98 111 895
98 115 315
98 117 593
98 122 249
98 125 482
98 126 472
98 130 205
98 131 50
98 142 267
98 143 484
98 147 459
98 148 793
98 9 207
98 10 603
98 14 742
98 16 111
98 22 685
98 25 951
98 30 435
98 33 248
98 36 334
98 37 393
98 38 663
98 39 901
98 42 557
98 43 646
98 44 133
98 46 969
98 47 187
98 48 8
98 49 222
98 51 584
98 52 958
98 53 436
98 54 40
98 58 86
98 59 289
98 61 572
98 62 711
98 65 347
98 66 964
98 67 885
98 68 412
98 69 458
98 73 515
98 74 554
98 80 403
98 81 786
98 85 570
98 86 564
98 91 463
98 92 290
98 93 857
98 95 811
98 96 808
99 101 149
99 103 740
99 105 441
99 109 231
99 110 288
99 112 522
99 114 15
99 118 869
99 120 97
99 122 631
99 124 834
99 127 359
99 129 56
99 131 705
99 133 561
99 134 390
99 137 875
99 140 580
99 142 337
99 143 833
99 145 814
99 146 137
99 147 209
99 0 703
99 1 887
99 4 60
99 5 40
99 6 515
99 7 670
99 9 144
99 12 973
99 13 7
99 14 854
99 15 739
99 17 430
99 19 396
99 24 928
99 28 659
99 29 421
99 30 2
99 31 454
99 33 917
99 34 73
99 38 25
99 42 644
99 44 730
99 46 775
99 47 589
99 49 144
99 51 942
99 54 357
99 59 333
99 62 211
99 63 916
99 65 585
99 66 278
99 77 146
99 78 711
99 79 22
99 80 494
99 83 902
99 86 926
99 87 378
99 89 60
99 94 252
100 101 295
100 102 844
100 105 643
100 108 698
100 109 259
100 112 67
100 114 720
100 117 384
100 121 794
100 124 953
100 126 609
100 130 312
100 131 772
100 135 317
100 136 145
100 138 871
100 139 112
100 141 139
100 142 41
100 146 941
100 149 829
100 2 991
100 6 655
100 10 777
100 12 45
100 13 853
100 17 411
100 18 461
100 19 948
100 20 134
100 24 308
100 25 935
100 28 323
100 31 649
100 32 373
100 35 557
100 36 451
100 37 507
100 38 280
100 39 322
100 46 494
100 49 219
100 50 689
100 53 179
100 57 718
100 66 298
100 70 686
100 73 33
100 74 177
100 75 163
100 78 106
100 80 95
100 84 691
100 88 75
100 89 811
100 93 177
100 94 613
100 95 824
100 96 988
100 97 117
100 99 367
101 102 809
101 104 355
101 108 473
101 116 811
101 117 564
101 121 615
101 123 279
101 124 343
101 126 550
101 129 113
101 132 973
101 133 770
101 135 903
101 140 582
101 149 981
101 1 404
101 2 978
101 3 563
101 5 4
101 6 17
101 10 290
101 12 684
101 15 50
101 20 383
101 22 594
101 23 472
101 27 970
101 28 370
101 29 93
101 30 206
101 31 92
101 33 782
101 37 797
101 38 350
101 39 275
101 40 157
101 43 336
101 45 549
101 47 445
101 51 221
101 53 91
101 54 372
101 56 155
101 58 101
101 60 154
101 64 662
101 65 397
101 68 101
101 69 626
101 70 114
101 72 882
101 73 198
101 74 344
101 78 729
101 80 404
101 81 461
101 82 384
101 84 344
101 88 668
101 89 755
101 90 84
101 92 427
101 93 817
101 94 840
101 96 837
101 98 579
101 99 110
101 100 954
102 107 539
102 108 875
102 110 772
102 111 777
102 112 31
102 119 645
102 120 272
102 121 815
102 125 345
102 131 531
102 133 380
102 137 567
102 138 589
102 140 1
102 141 80
102 142 259
102 143 839
102 144 86
102 145 472
102 149 578
102 5 177
102 9 170
102 10 615
102 12 102
102 13 979
102 17 568
102 18 507
102 23 473
102 24 688
102 25 801
102 26 527
102 27 87
102 28 656
102 31 884
102 37 870
102 43 776
102 46 0
102 48 30
102 52 524
102 53 234
102 55 868
102 56 93
102 57 843
102 58 288
102 61 666
102 63 731
102 64 83
102 66 517
102 67 245
102 69 646
102 71 374
102 72 298
102 73 755
102 78 428
102 79 118
102 81 948
102 83 242
102 84 475
102 85 529
102 86 563
102 87 946
102 93 431
102 94 246
102 96 468
102 97 950
102 101 379
102 103 498
103 108 974
103 109 325
103 110 655
103 111 90
103 114 791
103 119 151
103 120 301
103 126 637
103 127 544
103 128 346
103 134 171
103 135 550
103 137 229
103 138 731
103 139 673
103 141 120
103 145 624
103 146 821
103 149 486
103 0 434
103 3 741
103 4 68
103 11 206
103 17 861
103 18 461
103 20 263
103 21 72
103 23 146
103 27 568
103 29 688
103 30 675
103 31 85
103 37 685
103 38 904
103 40 585
103 41 569
103 43 26
103 48 218
103 51 186
103 58 223
103 61 577
103 65 591
103 66 871
103 70 88
103 71 508
103 74 535
103 75 627
103 78 351
103 79 349
103 81 652
103 82 482
103 84 613
103 87 88
103 89 286
103 92 893
103 94 362
103 95 473
103 97 830
104 111 573
104 113 774
104 114 948
104 115 488
104 116 438
104 117 81
104 118 781
104 119 460
104 121 390
104 126 46
104 129 61
104 131 758
104 133 686
104 135 742
104 138 800
104 143 442
104 144 75
104 148 744
104 149 613
104 0 349
104 1 559
104 6 468
104 7 22
104 8 254
104 11 341
104 15 952
104 16 628
104 17 309
104 20 75
104 21 866
104 23 356
104 24 270
104 25 363
104 30 576
104 32 377
104 33 204
104 34 199
104 37 358
104 40 51
104 42 550
104 44 128
104 47 731
104 50 94
104 53 130
104 54 473
104 55 302
104 56 15
104 57 917
104 58 891
104 60 468
104 61 253
104 63 674
104 66 169
104 68 249
104 69 376
104 73 202
104 79 720
104 82 676
104 85 125
104 88 298
104 89 349
104 90 544
104 96 306
104 99 381
104 100 683
104 102 540
105 107 354
105 108 476
105 109 180
105 115 765
105 116 754
105 117 644
105 118 996
105 123 473
105 124 408
105 125 635
105 129 836
105 132 122
105 136 544
105 139 720
105 140 734
105 141 295
105 142 639
105 146 141
105 7 678
105 10 237
105 13 250
105 19 858
105 20 499
105 25 511
105 26 175
105 27 164
105 29 669
105 34 570
105 40 992
105 42 447
105 43 62
105 45 553
105 47 631
105 49 432
105 50 501
105 51 799
105 53 624
105 55 70
105 57 835
105 63 596
105 67 116
105 70 803
105 71 776
105 75 573
105 77 899
105 82 43
105 84 222
105 85 850
105 88 246
105 90 940
105 91 205
105 93 739
105 94 416
105 95 183
105 98 590
105 99 653
105 102 328
105 103 405
105 104 989
106 107 15
106 109 778
106 114 695
106 122 88
106 127 171
106 129 33
106 130 413
106 134 812
106 136 720
106 149 667
106 1 362
106 7 391
106 8 924
106 10 958
106 12 676
106 14 119
106 17 596
106 20 250
106 27 580
106 28 469
106 31 172
106 33 44
106 38 233
106 41 305
106 43 170
106 44 752
106 48 260
106 50 584
106 53 932
106 55 23
106 57 356
106 60 1
106 61 387
106 62 59
106 66 889
106 69 145
106 71 194
106 72 804
106 78 655
106 79 373
106 80 890
106 82 724
106 86 0
106 88 672
106 91 233
106 92 575
106 94 627
106 96 999
106 99 654
106 102 229
106 105 26
106 124 523
107 108 783
107 111 862
107 113 470
107 119 159
107 120 455
107 122 821
107 124 899
107 125 316
107 132 591
107 135 414
107 138 33
107 139 27
107 140 514
107 141 871
107 143 311
107 144 502
107 146 687
107 3 786
107 5 92
107 6 792
107 15 866
107 18 501
107 20 791
107 24 112
107 30 180
107 31 898
107 33 992
107 34 427
107 39 482
107 42 322
107 44 558
107 45 487
107 48 912
107 56 12
107 57 264
107 58 51
107 64 562
107 65 619
107 67 300
107 68 889
107 69 409
107 70 427
107 71 686
107 76 79
107 77 236
107 81 556
107 82 366
107 83 416
107 86 546
107 87 8
107 88 818
107 93 400
107 95 996
107 98 444
107 99 814
107 100 959
107 102 859
107 104 257
107 105 182
107 106 584
108 109 788
108 110 94
108 113 562
108 117 881
108 118 972
108 119 17
108 122 563
108 125 160
108 127 267
108 128 544
108 131 631
108 133 168
108 134 719
108 145 729
108 147 218
108 149 139
108 3 26
108 5 891
108 6 83
108 8 133
108 9 830
108 12 872
108 13 352
108 16 480
108 20 98
108 21 652
108 23 548
108 25 424
108 29 715
108 31 499
108 33 248
108 36 397
108 39 44
108 42 387
108 45 223
108 48 895
108 49 168
108 51 366
108 53 500
108 55 554
108 57 566
108 61 659
108 62 734
108 66 735
108 68 957
108 70 81
108 72 404
108 73 982
108 75 747
108 77 193
108 78 458
108 79 730
108 85 205
108 86 982
108 87 994
108 92 686
108 93 731
108 96 862
108 97 913
108 99 876
108 101 70
109 118 378
109 120 56
109 121 854
109 125 58
109 132 266
109 136 983
109 139 531
109 141 383
109 143 441
109 144 605
109 145 935
109 148 89
109 0 818
109 1 70
109 5 53
109 6 232
109 7 472
109 8 58
109 11 74
109 15 932
109 16 172
109 17 219
109 19 440
109 23 689
109 26 323
109 28 199
109 29 463
109 35 815
109 36 542
109 40 414
109 41 813
109 42 690
109 44 122
109 49 658
109 54 781
109 58 200
109 60 423
109 62 9
109 64 489
109 66 740
109 71 413
109 73 689
109 74 414
109 76 679
109 78 996
109 79 132
109 81 265
109 83 606
109 85 537
109 86 715
109 88 2
109 89 576
109 98 581
109 99 751
109 100 552
109 102 246
109 104 521
109 106 758
110 115 391
110 118 811
110 119 9
110 120 910
110 124 334
110 126 320
110 127 762
110 128 63
110 129 301
110 131 765
110 132 661
110 135 340
110 136 563
110 139 69
110 148 399
110 0 616
110 12 934
110 16 574
110 17 985
110 18 434
110 19 140
110 22 168
110 26 622
110 27 986
110 29 336
110 32 979
110 33 12
110 35 324
110 36 982
110 37 807
110 43 505
110 44 608
110 46 63
110 47 449
110 56 703
110 57 681
110 60 183
110 61 42
110 65 921
110 66 657
110 72 348
110 73 301
110 74 849
110 76 68
110 78 682
110 80 19
110 82 305
110 84 348
110 85 231
110 88 262
110 92 669
110 96 274
110 98 353
110 99 555
110 103 778
110 106 48
110 107 333
110 108 265
110 109 578
111 124 90
111 129 836
111 133 263
111 139 480
111 140 697
111 142 523
111 144 771
111 145 407
111 146 874
111 149 68
111 3 425
111 4 796
111 5 362
111 6 368
111 11 326
111 12 12
111 13 161
111 16 921
111 19 168
111 22 499
111 24 708
111 25 609
111 31 717
111 32 854
111 35 532
111 39 348
111 40 89
111 43 327
111 45 92
111 47 594
111 48 649
111 51 246
111 53 894
111 57 558
111 58 902
111 69 954
111 70 385
111 75 5
111 76 417
111 78 584
111 83 961
111 87 345
111 88 142
111 97 581
111 100 301
111 101 751
111 104 636
111 105 196
111 106 530
111 107 258
111 108 191
111 109 375
111 110 841
112 117 692
112 118 641
112 120 784
112 123 53
112 124 28
112 127 560
112 135 503
112 139 270
112 142 427
112 147 166
112 149 928
112 0 436
112 1 248
112 3 464
112 4 641
112 5 12
112 6 233
112 7 800
112 9 827
112 11 894
112 22 814
112 27 52
112 28 385
112 30 883
112 33 271
112 35 475
112 38 737
112 39 75
112 41 129
112 47 563
112 48 754
112 50 509
112 52 561
112 56 16
112 60 972
112 63 40
112 64 881
112 66 481
112 68 570
112 73 411
112 75 318
112 76 141
112 77 639
112 81 896
112 82 238
112 83 332
112 84 976
112 85 12
112 88 904
112 89 496
112 90 213
112 91 13
112 93 545
112 98 541
112 105 887
112 106 11
112 108 190
112 110 808
112 132 570
113 114 762
113 115 801
113 120 567
113 123 20
113 127 261
113 132 560
113 134 729
113 135 329
113 138 96
113 140 82
113 142 121
113 0 420
113 2 618
113 9 927
113 12 770
113 14 441
113 22 961
113 24 386
113 25 498
113 30 150
113 32 580
113 33 109
113 35 366
113 36 937
113 37 824
113 41 353
113 42 334
113 43 336
113 44 754
113 46 628
113 47 76
113 48 610
113 50 525
113 53 288
113 57 871
113 61 79
113 62 968
113 65 899
113 66 376
113 67 918
113 68 208
113 70 272
113 73 146
113 74 862
113 75 965
113 76 247
113 78 197
113 81 237
113 83 396
113 84 150
113 85 216
113 86 778
113 88 315
113 89 364
113 90 695
113 91 420
113 92 599
113 93 260
113 94 692
113 97 226
113 100 296
113 102 897
113 109 710
113 112 606
114 118 872
114 121 693
114 127 525
114 131 661
114 133 202
114 134 528
114 139 975
114 141 438
114 146 157
114 0 498
114 1 333
114 2 675
114 3 397
114 4 638
114 6 100
114 7 487
114 8 736
114 9 743
114 11 952
114 14 288
114 25 530
114 28 118
114 30 334
114 32 758
114 34 701
114 39 584
114 42 751
114 49 767
114 53 187
114 58 595
114 67 895
114 69 305
114 74 685
114 75 42
114 78 338
114 83 317
114 86 975
114 87 224
114 90 831
114 92 963
114 94 751
114 96 327
114 100 394
114 102 931
114 103 449
114 104 651
114 105 958
114 107 360
114 113 445
115 116 410
115 117 47
115 124 569
115 126 824
115 128 578
115 132 835
115 135 981
115 143 804
115 145 769
115 147 633
115 148 758
115 0 103
115 3 73
115 5 307
115 8 239
115 9 764
115 11 762
115 17 225
115 18 490
115 20 998
115 21 415
115 25 35
115 26 151
115 27 646
115 29 879
115 34 994
115 38 947
115 40 678
115 44 380
115 45 742
115 46 241
115 48 197
115 52 879
115 54 46
115 57 719
115 59 571
115 64 710
115 66 401
115 70 114
115 71 604
115 73 698
115 78 414
115 79 934
115 81 683
115 84 390
115 85 340
115 86 13
115 93 29
115 94 902
115 96 279
115 98 185
115 100 961
115 101 627
115 102 436
115 103 261
115 109 244
115 110 508
115 112 186
115 113 915
116 119 735
116 124 402
116 125 347
116 126 773
116 129 303
116 135 452
116 143 114
116 145 170
116 147 189
116 148 87
116 2 816
116 3 892
116 7 603
116 10 566
116 11 709
116 14 703
116 19 134
116 21 468
116 22 874
116 23 524
116 29 118
116 30 808
116 33 396
116 34 686
116 37 943
116 38 831
116 43 14
116 47 550
116 48 405
116 51 540
116 55 196
116 57 723
116 60 343
116 62 690
116 63 926
116 67 500
116 69 356
116 77 772
116 78 676
116 87 938
116 88 147
116 92 962
116 94 498
116 95 450
116 96 390
116 99 1000
116 104 43
116 105 466
116 106 693
116 107 948
116 109 44
116 111 356
116 114 605
117 123 839
117 124 184
117 126 988
117 131 22
117 135 750
117 138 852
117 140 303
117 143 115
117 145 622
117 2 23
117 9 179
117 12 215
117 17 329
117 20 823
117 22 216
117 23 640
117 24 862
117 25 391
117 28 986
117 29 946
117 30 585
117 34 930
117 35 512
117 36 798
117 40 586
117 46 57
117 49 371
117 55 446
117 57 180
117 69 448
117 70 219
117 71 120
117 72 598
117 74 127
117 75 990
117 76 116
117 77 207
117 78 557
117 79 191
117 81 132
117 85 918
117 86 839
117 90 145
117 91 103
117 93 913
117 94 156
117 95 198
117 103 491
117 104 44
117 106 910
117 108 650
117 109 928
117 110 438
117 114 831
117 115 877
118 119 957
118 123 625
118 124 898
118 127 259
118 129 416
118 132 223
118 133 157
118 138 917
118 143 565
118 147 944
118 149 174
118 3 562
118 4 380
118 5 470
118 7 631
118 8 282
118 11 329
118 13 929
118 15 844
118 16 530
118 17 137
118 18 784
118 23 135
118 24 193
118 26 982
118 28 285
118 31 689
118 33 840
118 36 907
118 37 917
118 38 982
118 46 95
118 49 410
118 50 528
118 52 276
118 53 21
118 58 324
118 64 686
118 65 533
118 66 321
118 74 652
118 75 948
118 76 251
118 78 456
118 80 561
118 83 506
118 84 149
118 88 204
118 98 394
118 99 386
118 102 212
118 105 316
118 106 70
118 108 317
118 109 785
118 110 525
118 112 4
118 113 461
119 121 224
119 125 616
119 132 599
119 134 248
119 142 950
119 146 675
119 148 630
119 0 638
119 3 84
119 4 361
119 8 119
119 12 307
119 13 671
119 15 462
119 17 645
119 18 717
119 19 1
119 20 854
119 25 838
119 27 303
119 32 559
119 36 1000
119 37 38
119 42 612
119 43 237
119 44 315
119 46 207
119 51 488
119 56 523
119 57 510
119 61 770
119 65 795
119 68 869
119 71 695
119 73 861
119 74 890
119 78 895
119 79 826
119 81 222
119 84 330
119 86 402
119 87 758
119 90 176
119 91 528
119 92 436
119 95 636
119 97 667
119 102 334
119 103 233
119 107 122
119 111 703
119 113 851
119 116 220
120 121 947
120 123 496
120 126 765
120 127 250
120 129 566
120 134 33
120 136 723
120 140 285
120 142 706
120 148 731
120 149 103
120 1 430
120 3 493
120 5 434
120 10 401
120 14 145
120 16 106
120 18 594
120 20 345
120 22 146
120 24 718
120 26 786
120 28 165
120 38 150
120 43 725
120 45 96
120 50 441
120 55 295
120 58 123
120 61 885
120 63 704
120 69 250
120 73 26
120 74 135
120 75 953
120 79 384
120 81 596
120 82 877
120 91 710
120 92 186
120 94 208
120 97 870
120 98 110
120 99 297
120 101 613
120 102 356
120 103 826
120 106 185
120 107 190
120 110 64
120 111 532
120 114 424
120 115 76
120 118 827
121 122 317
121 123 565
121 124 494
121 125 295
121 126 706
121 134 448
121 137 749
121 138 927
121 142 232
121 143 717
121 3 396
121 4 179
121 5 955
121 7 520
121 14 317
121 16 948
121 17 369
121 18 349
121 20 253
121 21 774
121 22 756
121 24 503
121 25 266
121 26 13
121 31 330
121 32 965
121 33 256
121 35 134
121 37 175
121 46 487
121 48 624
121 49 737
121 50 940
121 51 1
121 52 214
121 58 150
121 62 589
121 63 806
121 66 104
121 67 231
121 69 409
121 71 599
121 74 291
121 75 520
121 77 619
121 79 30
121 86 390
121 88 996
121 89 549
121 90 400
121 91 557
121 92 902
121 93 686
121 99 537
121 100 88
121 104 92
121 105 262
121 108 36
121 110 45
121 111 685
121 116 444
121 119 233
122 125 716
122 128 868
122 139 646
122 140 151
122 144 777
122 3 600
122 7 742
122 8 138
122 10 108
122 11 452
122 15 822
122 19 558
122 20 54
122 22 318
122 23 737
122 25 538
122 28 0
122 30 572
122 31 733
122 33 992
122 34 975
122 37 518
122 44 356
122 45 886
122 50 470
122 52 968
122 55 440
122 58 783
122 62 972
122 65 376
122 71 313
122 75 334
122 79 762
122 81 559
122 82 153
122 83 37
122 84 650
122 85 366
122 93 909
122 96 852
122 99 725
122 103 167
122 104 419
122 105 917
122 106 822
122 111 568
122 114 713
122 116 448
122 118 906
122 120 95
123 126 595
123 128 375
123 131 111
123 134 825
123 135 154
123 140 610
123 141 704
123 143 931
123 144 919
123 146 119
123 147 231
123 2 206
123 4 289
123 5 545
123 7 765
123 8 322
123 10 905
123 12 881
123 16 787
123 21 671
123 22 864
123 24 678
123 27 262
123 28 815
123 29 59
123 30 411
123 37 207
123 41 331
123 42 77
123 43 448
123 44 230
123 47 2
123 48 380
123 50 39
123 53 55
123 54 99
123 57 336
123 58 946
123 60 673
123 62 508
123 66 211
123 69 321
123 70 942
123 71 804
123 73 522
123 74 68
123 76 978
123 79 340
123 81 368
123 83 494
123 85 192
123 86 797
123 89 625
123 95 824
123 97 50
123 99 974
123 101 529
123 110 66
123 111 418
123 119 873
123 120 624
123 121 820
124 125 874
124 127 939
124 128 749
124 132 889
124 134 371
124 136 322
124 145 32
124 0 180
124 1 668
124 2 705
124 6 89
124 11 621
124 13 590
124 14 810
124 18 43
124 22 169
124 25 133
124 29 137
124 30 270
124 31 482
124 32 129
124 34 291
124 37 699
124 38 159
124 39 260
124 41 334
124 45 327
124 46 817
124 52 521
124 53 31
124 54 119
124 55 605
124 56 864
124 57 199
124 59 172
124 62 999
124 69 837
124 82 298
124 83 67
124 88 205
124 93 858
124 95 78
124 99 848
124 100 341
124 104 229
124 105 156
124 111 142
124 112 484
124 115 207
124 116 457
124 121 790
124 123 412
125 126 721
125 128 815
125 131 935
125 133 747
125 134 305
125 139 139
125 145 416
125 1 44
125 6 333
125 10 380
125 11 627
125 14 222
125 16 242
125 18 463
125 20 410
125 23 554
125 29 61
125 31 922
125 32 125
125 33 898
125 34 241
125 37 661
125 40 466
125 41 486
125 42 920
125 45 273
125 51 24
125 52 377
125 56 676
125 62 817
125 68 484
125 69 90
125 73 540
125 76 299
125 77 131
125 78 920
125 79 801
125 80 602
125 81 500
125 83 906
125 84 231
125 86 578
125 89 390
125 90 13
125 91 567
125 92 302
125 103 93
125 110 896
125 112 810
125 113 46
125 116 150
125 118 961
125 119 557
125 122 302
125 123 333
125 124 86
126 127 289
126 130 31
126 131 573
126 132 495
126 134 312
126 135 458
126 136 632
126 137 563
126 141 160
126 143 699
126 145 264
126 148 970
126 2 566
126 3 523
126 5 277
126 6 589
126 8 977
126 17 325
126 18 161
126 19 142
126 24 806
126 27 564
126 28 59
126 29 25
126 30 30
126 33 54
126 34 564
126 35 731
126 38 731
126 40 178
126 42 16
126 45 546
126 52 886
126 55 270
126 60 327
126 61 717
126 63 824
126 65 758
126 70 986
126 71 674
126 72 442
126 80 145
126 86 655
126 89 280
126 92 123
126 94 816
126 98 312
126 99 494
126 106 386
126 109 381
126 110 62
126 112 124
126 115 732
126 118 645
126 122 310
126 125 930
127 130 364
127 131 577
127 133 75
127 135 110
127 142 53
127 145 505
127 148 31
127 0 947
127 1 372
127 2 768
127 3 743
127 5 230
127 8 808
127 10 14
127 11 949
127 12 506
127 14 65
127 15 438
127 20 805
127 21 494
127 23 945
127 24 465
127 26 854
127 28 487
127 31 980
127 32 446
127 33 524
127 36 419
127 41 306
127 44 463
127 46 382
127 49 395
127 51 581
127 55 192
127 56 445
127 57 905
127 59 766
127 60 443
127 61 311
127 63 135
127 64 914
127 65 31
127 69 938
127 71 766
127 72 527
127 76 933
127 83 703
127 89 985
127 90 110
127 96 240
127 98 708
127 100 661
127 103 380
127 105 877
127 110 834
127 114 335
127 120 192
127 122 103
127 125 284
128 133 382
128 136 969
128 139 601
128 141 501
128 142 697
128 145 559
128 147 26
128 148 876
128 4 183
128 9 692
128 10 456
128 15 415
128 20 503
128 28 97
128 29 290
128 30 835
128 32 984
128 36 686
128 37 744
128 41 852
128 43 35
128 49 242
128 51 512
128 52 932
128 54 454
128 56 243
128 57 944
128 64 56
128 67 375
128 69 568
128 70 68
128 74 485
128 75 839
128 85 17
128 87 619
128 88 618
128 89 301
128 91 903
128 92 710
128 93 866
128 95 387
128 96 467
128 98 609
128 99 31
128 113 178
128 115 837
128 118 783
128 119 155
128 121 104
128 122 152
128 124 7
128 125 536
129 134 675
129 136 85
129 139 248
129 141 242
129 142 323
129 143 580
129 145 992
129 147 399
129 5 518
129 6 981
129 9 898
129 11 317
129 13 628
129 16 121
129 20 424
129 22 771
129 24 997
129 25 210
129 28 277
129 29 179
129 30 594
129 31 56
129 34 15
129 36 613
129 38 632
129 40 85
129 41 437
129 43 659
129 45 696
129 46 282
129 48 554
129 51 663
129 54 394
129 56 520
129 57 358
129 61 243
129 63 848
129 66 436
129 67 96
129 71 547
129 73 471
129 74 564
129 76 851
129 77 837
129 83 83
129 84 781
129 86 884
129 87 444
129 94 881
129 96 902
129 103 357
129 111 82
129 113 814
129 116 182
129 119 880
129 121 701
129 122 57
129 124 739
129 125 504
129 126 82
129 127 833
129 128 242
130 133 756
130 136 384
130 137 929
130 138 579
130 141 544
130 143 537
130 145 224
130 146 672
130 147 878
130 149 96
130 2 197
130 4 64
130 5 675
130 6 582
130 7 808
130 11 733
130 14 468
130 15 441
130 17 807
130 21 618
130 22 828
130 24 883
130 25 166
130 26 496
130 28 408
130 30 716
130 32 726
130 37 689
130 53 910
130 56 949
130 57 331
130 58 406
130 61 904
130 63 323
130 64 829
130 65 583
130 69 639
130 71 778
130 74 766
130 75 580
130 77 264
130 86 159
130 87 90
130 89 678
130 92 302
130 93 30
130 94 992
130 95 680
130 97 854
130 100 202
130 101 758
130 102 10
130 108 816
130 109 163
130 110 186
130 111 370
130 114 946
130 117 94
130 129 582
131 132 156
131 140 326
131 141 838
131 144 430
131 145 14
131 6 250
131 7 872
131 14 827
131 15 382
131 18 194
131 19 206
131 20 396
131 21 564
131 22 852
131 23 52
131 31 105
131 32 34
131 33 324
131 36 572
131 37 890
131 41 237
131 42 586
131 45 905
131 47 864
131 49 142
131 51 300
131 56 760
131 58 408
131 61 632
131 65 665
131 66 357
131 67 821
131 68 344
131 69 828
131 70 4
131 71 304
131 72 211
131 77 469
131 79 63
131 81 952
131 84 324
131 85 145
131 87 56
131 89 751
131 91 156
131 92 23
131 99 893
131 100 722
131 103 522
131 106 321
131 112 919
131 113 645
131 117 766
131 118 162
131 122 757
131 128 241
132 135 788
132 138 761
132 140 179
132 142 526
132 144 377
132 145 523
132 146 970
132 147 889
132 148 106
132 0 599
132 1 563
132 4 695
132 11 297
132 16 884
132 17 136
132 18 447
132 19 426
132 22 888
132 24 385
132 25 730
132 28 826
132 31 175
132 32 746
132 35 189
132 38 284
132 42 926
132 43 22
132 44 381
132 45 459
132 49 735
132 52 683
132 53 37
132 54 597
132 66 55
132 71 447
132 72 601
132 74 801
132 75 41
132 81 238
132 84 550
132 85 442
132 87 136
132 89 131
132 90 199
132 92 904
132 93 966
132 95 10
132 96 845
132 102 581
132 104 534
132 107 739
132 108 768
132 109 373
132 110 156
132 116 644
132 117 256
132 118 661
132 120 273
132 124 361
132 125 913
132 129 945
132 130 191
133 134 222
133 136 982
133 137 226
133 138 874
133 139 979
133 144 564
133 146 924
133 149 614
133 0 760
133 2 98
133 4 290
133 16 673
133 17 660
133 19 683
133 21 795
133 22 286
133 23 609
133 26 235
133 29 818
133 32 514
133 33 447
133 39 633
133 45 914
133 46 573
133 47 185
133 51 569
133 53 0
133 54 676
133 56 291
133 57 195
133 59 276
133 60 274
133 65 166
133 70 4
133 71 79
133 74 496
133 75 344
133 76 424
133 78 450
133 84 92
133 86 9
133 89 998
133 90 410
133 92 66
133 93 137
133 95 66
133 98 689
133 102 577
133 104 532
133 107 274
133 109 732
133 110 719
133 111 44
133 112 868
133 113 98
133 118 473
133 119 507
133 123 527
133 125 520
133 126 612
133 127 492
133 128 61
133 129 160
133 131 405
134 140 877
134 143 112
134 146 858
134 147 464
134 148 789
134 149 900
134 1 23
134 2 932
134 5 658
134 6 40
134 12 735
134 14 762
134 18 3
134 22 957
134 24 165
134 28 916
134 29 704
134 30 684
134 33 986
134 35 214
134 37 123
134 39 208
134 42 568
134 50 805
134 53 274
134 54 464
134 58 108
134 62 102
134 65 727
134 66 219
134 67 587
134 68 886
134 71 707
134 72 735
134 73 713
134 75 822
134 76 847
134 77 193
134 78 493
134 79 760
134 80 323
134 84 511
134 85 479
134 86 45
134 87 533
134 88 564
134 90 705
134 92 29
134 97 205
134 98 225
134 102 686
134 107 754
134 110 943
134 111 39
134 112 208
134 119 525
134 120 215
134 123 54
134 125 874
134 130 272
134 131 174
135 137 526
135 140 166
135 142 190
135 143 25
135 145 692
135 146 583
135 147 74
135 2 643
135 5 85
135 9 265
135 11 154
135 12 94
135 14 522
135 26 677
135 30 808
135 31 250
135 34 942
135 36 824
135 37 534
135 38 184
135 39 602
135 46 235
135 48 947
135 52 965
135 57 137
135 58 651
135 59 788
135 60 881
135 61 631
135 63 922
135 65 66
135 67 732
135 68 912
135 69 65
135 71 935
135 74 916
135 78 386
135 83 93
135 86 413
135 91 514
135 94 646
135 96 287
135 100 11
135 101 817
135 102 125
135 104 526
135 105 79
135 106 946
135 108 236
135 114 783
135 115 283
135 119 405
135 120 387
135 123 257
135 124 296
135 125 248
135 126 856
135 128 298
135 132 285
135 133 286
136 137 348
136 140 782
136 143 808
136 144 586
136 147 881
136 148 661
136 3 754
136 4 970
136 6 14
136 7 816
136 19 698
136 21 883
136 25 58
136 26 107
136 28 595
136 29 987
136 30 34
136 31 472
136 33 52
136 34 458
136 39 564
136 40 630
136 45 721
136 47 85
136 48 830
136 49 886
136 52 453
136 55 698
136 58 501
136 59 689
136 60 529
136 61 861
136 65 216
136 66 572
136 68 784
136 69 729
136 70 992
136 74 218
136 75 600
136 78 598
136 82 14
136 84 704
136 88 668
136 89 642
136 94 670
136 95 5
136 96 635
136 97 282
136 98 477
136 100 121
136 101 569
136 104 142
136 105 995
136 106 67
136 110 751
136 112 209
136 113 43
136 117 274
136 118 946
136 121 312
136 126 785
136 127 12
136 129 377
136 131 36
137 139 307
137 141 995
137 142 504
137 143 608
137 144 911
137 146 980
137 3 586
137 6 220
137 9 483
137 13 235
137 19 199
137 23 381
137 24 139
137 25 358
137 28 418
137 29 864
137 30 677
137 37 554
137 39 639
137 40 853
137 45 444
137 46 778
137 47 412
137 50 185
137 51 904
137 54 502
137 55 260
137 56 57
137 57 475
137 60 954
137 61 982
137 62 237
137 64 23
137 71 912
137 74 576
137 75 481
137 76 77
137 78 682
137 79 99
137 84 162
137 86 555
137 88 487
137 89 300
137 91 542
137 92 993
137 96 322
137 99 15
137 100 321
137 103 960
137 106 170
137 107 504
137 108 299
137 109 544
137 112 102
137 115 278
137 117 979
137 121 360
137 124 269
137 126 252
137 127 122
137 130 865
137 133 896
138 139 146
138 141 529
138 144 571
138 149 245
138 0 431
138 3 438
138 6 719
138 7 383
138 8 351
138 10 706
138 12 757
138 16 62
138 18 19
138 19 202
138 23 729
138 25 701
138 31 867
138 35 47
138 36 320
138 38 365
138 39 785
138 41 642
138 42 259
138 44 498
138 46 656
138 50 166
138 51 126
138 54 575
138 55 756
138 56 4
138 63 985
138 66 936
138 70 402
138 72 656
138 77 135
138 78 929
138 82 848
138 83 486
138 84 796
138 86 808
138 87 706
138 89 765
138 94 425
138 96 760
138 99 971
138 101 664
138 102 950
138 105 772
138 106 814
138 109 320
138 112 676
138 116 426
138 117 505
138 119 511
138 124 138
138 125 545
138 127 496
138 128 689
138 130 343
138 132 444
138 133 981
138 134 778
138 136 222
139 141 941
139 144 614
139 147 593
139 1 437
139 3 406
139 5 290
139 6 63
139 7 558
139 10 237
139 11 962
139 15 730
139 18 212
139 19 666
139 21 605
139 24 674
139 25 100
139 28 757
139 33 665
139 34 90
139 36 539
139 39 121
139 40 282
139 44 579
139 46 31
139 54 11
139 55 942
139 59 281
139 64 482
139 65 772
139 66 207
139 70 889
139 72 208
139 75 701
139 76 199
139 77 797
139 79 456
139 80 813
139 85 944
139 87 571
139 88 943
139 89 348
139 95 267
139 98 765
139 99 162
139 103 90
139 106 30
139 112 347
139 115 643
139 116 351
139 119 903
139 120 291
139 121 522
139 122 321
139 124 600
139 125 982
139 127 675
139 130 409
139 131 744
139 136 282
139 138 203
140 141 754
140 144 229
140 1 535
140 4 230
140 5 17
140 12 255
140 13 352
140 15 552
140 19 831
140 20 490
140 22 292
140 24 678
140 31 806
140 32 229
140 33 503
140 36 129
140 37 68
140 38 755
140 42 805
140 43 352
140 46 201
140 53 118
140 58 195
140 60 375
140 62 702
140 64 524
140 67 368
140 68 153
140 69 138
140 73 123
140 74 304
140 75 260
140 79 296
140 80 458
140 89 463
140 92 677
140 102 105
140 103 577
140 104 45
140 105 519
140 106 811
140 107 727
140 109 149
140 110 231
140 111 236
140 122 971
140 123 738
140 124 510
140 126 510
140 129 732
140 130 531
140 133 21
140 134 274
140 135 445
140 137 5
141 142 827
141 143 437
141 144 66
141 145 858
141 2 703
141 5 584
141 6 398
141 10 874
141 11 502
141 19 181
141 21 862
141 24 248
141 26 753
141 27 275
141 30 543
141 31 298
141 33 539
141 37 824
141 41 131
141 45 737
141 50 252
141 62 199
141 63 615
141 64 44
141 66 40
141 68 38
141 70 894
141 76 765
141 81 950
141 84 309
141 85 871
141 96 632
141 97 89
141 98 241
141 100 869
141 105 863
141 106 129
141 108 774
141 109 439
141 111 751
141 113 902
141 114 285
141 116 21
141 117 67
141 120 278
141 124 958
141 125 295
141 136 398
142 144 252
142 147 378
142 1 837
142 4 533
142 8 123
142 9 872
142 15 571
142 19 177
142 20 393
142 21 427
142 25 945
142 27 319
142 28 930
142 29 354
142 38 486
142 40 227
142 42 636
142 44 592
142 48 334
142 53 612
142 55 366
142 56 432
142 57 694
142 58 875
142 60 205
142 63 885
142 64 80
142 66 597
142 67 781
142 70 500
142 72 417
142 74 514
142 75 990
142 77 944
142 80 897
142 81 86
142 84 897
142 87 558
142 93 366
142 95 769
142 96 617
142 97 49
142 98 988
142 99 230
142 101 872
142 102 95
142 105 540
142 107 98
142 108 346
142 109 992
142 110 23
142 111 416
142 119 275
142 120 517
142 122 116
142 123 808
142 124 850
142 125 917
142 126 182
142 132 320
142 133 483
142 135 700
142 137 791
142 138 643
142 139 494
143 144 20
143 145 324
143 146 47
143 148 829
143 149 447
143 0 642
143 1 85
143 7 286
143 8 124
143 9 814
143 10 691
143 14 326
143 16 57
143 19 455
143 20 807
143 29 805
143 32 867
143 35 677
143 37 474
143 40 634
143 41 379
143 42 163
143 48 176
143 51 920
143 58 42
143 64 608
143 66 298
143 69 713
143 70 329
143 72 395
143 74 872
143 75 250
143 76 290
143 77 138
143 79 654
143 82 733
143 83 345
143 84 436
143 88 633
143 90 668
143 92 664
143 95 694
143 97 326
143 102 712
143 103 799
143 104 612
143 105 873
143 106 106
143 108 841
143 109 370
143 110 678
143 111 854
143 113 821
143 116 876
143 118 555
143 120 994
143 123 511
143 125 555
143 126 803
143 132 637
143 135 440
143 136 88
143 140 571
143 141 900
144 148 178
144 149 456
144 0 551
144 1 869
144 2 871
144 4 250
144 5 147
144 6 379
144 11 902
144 13 617
144 17 436
144 20 102
144 25 415
144 27 766
144 28 859
144 30 591
144 31 946
144 36 783
144 39 203
144 40 933
144 44 659
144 45 84
144 48 701
144 54 609
144 55 520
144 56 388
144 57 344
144 58 385
144 60 498
144 61 61
144 62 474
144 67 997
144 68 588
144 75 253
144 76 604
144 79 211
144 81 646
144 83 306
144 85 561
144 86 968
144 87 553
144 88 661
144 89 524
144 90 90
144 91 846
144 94 220
144 95 391
144 96 115
144 97 490
144 99 876
144 100 758
144 101 304
144 103 383
144 106 238
144 107 229
144 110 250
144 112 566
144 116 622
144 117 928
144 119 75
144 122 849
144 124 644
144 125 75
144 130 604
144 132 670
144 133 728
144 134 997
144 137 335
144 139 666
144 143 488
145 149 546
145 2 78
145 3 724
145 5 473
145 8 436
145 13 260
145 15 35
145 16 412
145 17 890
145 18 577
145 20 790
145 21 469
145 22 799
145 26 351
145 27 168
145 30 786
145 33 449
145 37 63
145 38 133
145 39 915
145 41 364
145 42 626
145 45 426
145 47 630
145 49 397
145 50 404
145 54 878
145 55 105
145 62 617
145 63 488
145 64 155
145 67 472
145 69 719
145 70 680
145 74 185
145 77 446
145 79 899
145 80 223
145 82 415
145 83 101
145 84 365
145 86 327
145 87 849
145 88 393
145 89 713
145 90 268
145 93 504
145 94 398
145 95 787
145 103 507
145 104 645
145 106 375
145 108 147
145 109 791
145 111 128
145 114 403
145 118 151
145 120 592
145 121 438
145 122 142
145 123 462
145 125 804
145 133 47
145 134 597
145 137 235
145 139 656
146 148 383
146 5 866
146 7 579
146 9 933
146 13 776
146 14 411
146 15 391
146 19 268
146 22 882
146 24 842
146 25 442
146 26 635
146 30 904
146 35 348
146 39 627
146 41 851
146 44 45
146 47 58
146 49 521
146 51 642
146 53 589
146 56 223
146 57 746
146 59 167
146 60 943
146 62 628
146 65 677
146 67 929
146 68 317
146 72 577
146 74 38
146 77 930
146 78 56
146 80 6
146 81 130
146 82 610
146 84 983
146 87 985
146 88 555
146 90 198
146 97 220
146 98 556
146 99 736
146 102 618
146 107 717
146 109 373
146 111 926
146 116 781
146 121 521
146 122 845
146 126 516
146 129 125
146 132 234
146 134 256
146 135 982
146 137 320
146 138 547
146 141 403
146 145 889
147 148 194
147 1 956
147 4 928
147 7 654
147 9 886
147 11 483
147 12 437
147 14 826
147 31 494
147 33 726
147 34 110
147 41 409
147 43 583
147 45 826
147 46 583
147 52 568
147 53 653
147 57 479
147 58 393
147 62 389
147 63 878
147 65 633
147 66 542
147 67 789
147 68 977
147 72 794
147 73 417
147 74 756
147 78 461
147 79 848
147 84 436
147 89 325
147 92 533
147 97 810
147 101 156
147 103 342
147 107 980
147 116 473
147 121 681
147 124 169
147 126 382
147 129 239
147 130 376
147 131 451
147 132 350
147 134 79
147 135 198
147 137 871
147 139 310
147 140 864
147 144 718
148 0 358
148 2 606
148 3 141
148 5 173
148 10 928
148 13 870
148 14 991
148 17 72
148 19 118
148 21 47
148 23 403
148 25 625
148 26 143
148 30 422
148 32 696
148 33 63
148 37 963
148 45 584
148 46 692
148 48 254
148 50 75
148 51 813
148 53 842
148 55 908
148 56 403
148 63 442
148 69 134
148 70 724
148 73 676
148 75 970
148 77 671
148 78 522
148 79 60
148 80 993
148 81 843
148 82 114
148 83 313
148 88 746
148 89 515
148 91 313
148 92 982
148 93 725
148 94 355
148 101 400
148 105 776
148 107 712
148 109 166
148 114 856
148 115 430
148 116 683
148 118 135
148 123 835
148 132 879
148 138 127
148 139 285
149 6 491
149 7 872
149 8 981
149 10 531
149 13 142
149 16 1
149 17 932
149 19 971
149 20 998
149 25 373
149 27 692
149 32 768
149 34 575
149 39 287
149 43 942
149 44 218
149 45 245
149 46 883
149 48 233
149 55 795
149 57 829
149 59 946
149 64 859
149 69 193
149 73 118
149 76 896
149 80 370
149 81 445
149 82 399
149 83 393
149 84 593
149 88 906
149 91 95
149 95 357
149 96 617
149 101 241
149 102 124
149 106 998
149 107 167
149 108 464
149 115 230
149 118 22
149 119 31
149 120 390
149 121 448
149 122 546
149 123 545
149 124 36
149 126 178
149 129 981
149 132 28
149 133 738
149 134 775
149 135 579
149 138 36
149 139 950
149 143 328
149 146 76
149 148 246
