100 2078 0
0 3 824
0 14 251
0 18 917
0 20 401
0 24 56
0 38 187
0 40 986
0 52 697
0 55 156
0 58 508
0 63 887
0 67 492
0 73 953
0 74 569
0 82 437
0 85 635
0 98 404
0 1 820
0 2 984
0 5 460
0 45 259
0 65 628
1 7 944
1 12 506
1 13 753
1 17 338
1 18 543
1 21 773
1 29 144
1 32 678
1 33 283
1 40 779
1 46 708
1 47 773
1 50 27
1 51 351
1 56 20
1 57 110
1 78 15
1 79 627
1 87 1
1 92 318
1 97 837
1 98 517
1 4 818
1 9 9
1 48 327
2 7 884
2 9 461
2 10 390
2 11 102
2 26 97
2 30 678
2 32 517
2 33 924
2 47 439
2 50 160
2 51 28
2 53 263
2 57 321
2 59 728
2 60 756
2 63 704
2 64 873
2 76 324
2 79 80
2 80 249
2 84 4
2 91 800
2 0 250
2 1 788
2 3 293
2 20 454
3 14 332
3 19 568
3 28 153
3 33 579
3 35 342
3 43 769
3 44 389
3 45 729
3 50 238
3 51 546
3 60 166
3 71 349
3 75 575
3 76 790
3 77 472
3 80 975
3 82 78
3 85 751
3 90 844
3 95 67
3 6 576
4 12 492
4 19 752
4 20 141
4 22 825
4 23 956
4 26 177
4 27 710
4 32 426
4 34 94
4 39 184
4 43 323
4 45 454
4 48 325
4 51 762
4 60 354
4 61 967
4 68 42
4 69 465
4 76 294
4 81 742
4 83 794
4 87 396
4 91 248
4 99 788
4 0 650
4 1 556
4 11 855
4 15 707
4 17 58
4 25 326
4 37 549
4 42 958
4 92 309
5 6 485
5 8 455
5 18 414
5 21 26
5 22 352
5 30 156
5 31 6
5 36 633
5 39 799
5 43 408
5 49 506
5 50 110
5 56 496
5 65 691
5 66 457
5 76 510
5 81 360
5 83 783
5 87 132
5 88 798
5 92 768
5 93 120
5 2 892
5 3 59
5 12 97
5 16 588
5 59 585
6 9 377
6 12 649
6 13 634
6 20 462
6 36 778
6 46 900
6 48 469
6 50 37
6 57 381
6 59 73
6 68 716
6 75 754
6 76 938
6 77 23
6 78 908
6 89 890
6 90 600
6 81 364
7 14 296
7 20 671
7 23 181
7 25 518
7 30 280
7 40 655
7 42 462
7 43 131
7 50 201
7 51 665
7 54 705
7 56 767
7 57 630
7 58 745
7 65 643
7 68 189
7 79 619
7 80 541
7 81 726
7 82 308
7 88 187
7 4 406
7 13 352
7 18 752
7 62 366
8 12 151
8 15 165
8 16 139
8 21 892
8 23 480
8 37 509
8 38 138
8 50 757
8 59 767
8 63 91
8 66 712
8 85 701
8 86 244
8 89 27
8 93 931
8 3 181
8 14 426
8 24 309
8 26 209
9 10 99
9 18 252
9 23 557
9 28 45
9 30 687
9 34 326
9 36 887
9 37 453
9 38 983
9 41 877
9 45 355
9 48 290
9 52 930
9 54 367
9 67 461
9 70 359
9 72 534
9 79 3
9 94 238
9 4 16
9 8 857
9 39 454
10 13 43
10 19 183
10 21 740
10 27 373
10 35 41
10 37 19
10 40 618
10 41 50
10 42 200
10 45 715
10 46 121
10 47 92
10 50 250
10 52 425
10 53 276
10 54 262
10 55 332
10 56 236
10 58 909
10 62 885
10 63 506
10 64 532
10 67 917
10 76 866
10 77 356
10 85 809
10 86 708
10 90 153
10 98 356
10 99 293
10 3 669
10 6 114
10 7 993
10 9 700
10 22 516
11 12 763
11 13 292
11 24 481
11 27 631
11 33 85
11 48 767
11 52 709
11 66 392
11 67 674
11 78 519
11 79 55
11 80 271
11 81 192
11 83 603
11 86 184
11 88 198
11 90 699
11 96 468
11 99 31
11 0 312
11 3 173
11 4 360
11 8 814
11 23 46
11 85 454
11 91 454
12 14 450
12 17 700
12 30 851
12 63 575
12 69 32
12 86 907
12 92 832
12 7 676
12 9 522
12 11 292
12 75 971
13 14 678
13 24 494
13 26 584
13 27 983
13 28 371
13 29 380
13 36 390
13 39 979
13 49 484
13 51 313
13 52 551
13 55 856
13 70 315
13 92 914
13 95 795
13 2 58
13 8 228
13 19 521
13 79 864
14 19 549
14 24 379
14 30 826
14 37 866
14 53 87
14 54 405
14 78 788
14 80 167
14 88 306
14 0 928
14 6 946
14 7 409
14 10 119
14 11 248
14 34 512
14 56 641
14 63 438
15 18 772
15 20 847
15 21 267
15 23 275
15 26 773
15 37 101
15 46 998
15 48 592
15 63 107
15 67 544
15 68 628
15 73 908
15 77 891
15 79 623
15 85 824
15 87 685
15 92 639
15 97 579
15 12 274
15 14 62
15 28 271
16 17 939
16 20 98
16 22 734
16 24 693
16 26 946
16 28 506
16 33 36
16 34 911
16 52 584
16 54 13
16 61 137
16 62 659
16 72 724
16 76 481
16 84 472
16 88 53
16 91 957
16 4 160
16 6 687
16 9 141
17 19 906
17 27 713
17 30 928
17 33 581
17 36 49
17 37 786
17 43 370
17 50 927
17 57 61
17 60 713
17 61 921
17 62 94
17 68 44
17 70 659
17 82 259
17 86 359
17 88 963
17 92 115
17 99 336
17 4 192
17 9 645
17 11 869
17 38 568
17 53 629
18 25 96
18 26 401
18 28 723
18 32 708
18 33 971
18 37 719
18 39 536
18 41 329
18 42 208
18 44 780
18 52 599
18 53 838
18 54 462
18 61 739
18 65 814
18 67 199
18 68 126
18 70 233
18 86 172
18 87 195
18 4 934
18 10 929
18 57 812
19 25 927
19 26 374
19 30 856
19 40 916
19 50 601
19 69 145
19 75 550
19 97 715
19 16 677
19 18 78
19 33 950
20 26 8
20 35 78
20 42 954
20 43 230
20 47 582
20 50 757
20 65 898
20 69 945
20 71 179
20 89 289
20 90 58
20 92 241
20 6 463
20 17 893
20 29 385
20 60 9
20 80 296
21 23 975
21 26 111
21 27 848
21 31 756
21 33 651
21 43 871
21 53 379
21 54 204
21 73 141
21 79 25
21 87 358
21 91 913
21 95 224
21 99 367
21 1 449
21 3 760
21 4 266
21 8 526
21 30 458
21 36 689
21 86 426
22 25 379
22 28 316
22 31 634
22 36 57
22 39 350
22 42 81
22 44 524
22 45 458
22 52 428
22 54 922
22 67 889
22 73 185
22 81 679
22 88 385
22 96 898
22 97 661
22 99 486
22 1 903
22 5 955
22 6 993
22 10 779
22 13 818
22 15 42
22 16 603
22 19 133
22 35 428
22 41 477
23 25 184
23 30 850
23 37 56
23 39 356
23 40 9
23 48 680
23 49 55
23 60 550
23 61 429
23 63 875
23 71 152
23 77 233
23 78 220
23 83 35
23 85 314
23 88 696
23 90 472
23 95 857
23 99 261
23 0 895
23 1 691
23 2 156
23 4 5
23 7 750
23 10 221
23 13 719
23 15 971
23 16 972
23 20 856
23 21 190
23 64 201
23 84 771
24 26 580
24 43 766
24 45 643
24 48 338
24 53 297
24 55 235
24 57 320
24 58 531
24 67 316
24 69 255
24 70 372
24 72 781
24 74 842
24 75 90
24 76 94
24 90 727
24 96 502
24 7 294
24 9 519
24 13 523
24 18 238
24 51 241
25 26 276
25 27 635
25 33 278
25 38 336
25 44 1
25 50 110
25 57 410
25 59 729
25 63 225
25 67 591
25 71 421
25 74 128
25 75 574
25 83 787
25 8 105
25 11 265
25 19 32
25 23 831
25 32 240
25 68 956
26 45 824
26 55 568
26 56 487
26 57 719
26 67 99
26 69 501
26 72 633
26 73 572
26 78 773
26 82 729
26 86 988
26 90 723
26 92 545
26 95 720
26 97 264
26 17 369
26 27 591
26 49 367
27 29 247
27 30 327
27 35 97
27 36 187
27 40 263
27 46 703
27 54 609
27 60 697
27 64 46
27 65 245
27 92 1000
27 96 798
27 98 258
27 99 287
27 5 977
27 11 842
27 23 142
27 25 288
27 76 634
28 30 366
28 36 568
28 39 18
28 40 702
28 70 489
28 75 697
28 81 747
28 83 314
28 86 384
28 87 2
28 89 479
28 91 225
28 99 993
28 1 394
28 4 281
28 5 410
28 6 30
28 12 891
28 24 409
28 67 582
29 36 448
29 44 516
29 45 963
29 57 210
29 60 251
29 62 852
29 65 711
29 66 334
29 71 344
29 73 299
29 90 561
29 96 123
29 1 143
29 7 795
29 15 614
29 25 965
30 32 193
30 40 276
30 42 147
30 44 602
30 58 504
30 78 4
30 86 915
30 88 706
30 91 849
30 93 370
30 94 298
30 97 625
30 6 232
30 7 362
30 9 165
30 10 384
30 11 703
30 16 106
30 19 259
30 29 822
31 40 69
31 44 98
31 51 345
31 56 197
31 64 516
31 68 278
31 69 333
31 76 636
31 77 791
31 85 573
31 88 589
31 90 246
31 92 378
31 94 303
31 6 968
31 12 857
31 13 739
31 16 435
31 23 731
31 24 854
31 25 27
31 74 133
32 38 975
32 43 106
32 47 571
32 65 42
32 68 644
32 69 517
32 81 413
32 85 871
32 87 994
32 93 971
32 96 103
32 3 582
32 10 158
32 20 389
32 23 903
33 35 23
33 36 946
33 37 765
33 39 404
33 40 769
33 41 189
33 45 669
33 46 145
33 54 270
33 57 112
33 61 936
33 64 385
33 66 71
33 68 371
33 73 474
33 78 461
33 80 853
33 82 477
33 92 837
33 99 455
33 2 533
33 13 734
33 14 173
33 15 200
33 18 200
33 23 663
33 32 682
34 41 224
34 42 771
34 46 879
34 48 166
34 49 959
34 50 649
34 61 374
34 64 635
34 67 222
34 72 16
34 91 890
34 93 739
34 95 179
34 99 939
34 10 3
34 13 314
34 16 193
34 19 879
34 23 655
34 24 313
34 28 825
34 43 607
34 58 461
35 39 196
35 41 517
35 44 703
35 48 265
35 50 253
35 56 263
35 65 711
35 66 708
35 72 203
35 73 337
35 74 351
35 77 944
35 83 990
35 85 606
35 89 410
35 94 368
35 0 429
35 9 441
35 12 273
35 19 106
35 20 730
35 23 283
35 27 523
35 34 87
36 40 531
36 47 12
36 50 59
36 55 511
36 61 292
36 63 17
36 73 454
36 75 66
36 81 599
36 82 9
36 83 785
36 84 818
36 90 629
36 98 557
36 99 946
36 1 138
36 12 916
36 21 867
36 24 775
36 33 555
37 39 581
37 46 386
37 47 166
37 54 337
37 63 158
37 65 498
37 66 624
37 67 737
37 69 650
37 73 910
37 77 601
37 78 284
37 86 403
37 92 532
37 97 127
37 0 690
37 1 87
37 3 823
37 16 399
37 19 319
37 21 279
37 26 228
37 27 266
37 31 730
37 35 656
37 52 531
38 44 784
38 57 367
38 64 908
38 65 241
38 70 757
38 76 626
38 79 439
38 83 174
38 88 572
38 89 323
38 95 603
38 98 334
38 99 20
38 7 116
38 8 771
38 11 587
38 14 830
38 16 845
38 19 416
38 21 346
38 24 586
38 37 717
39 40 895
39 47 159
39 49 242
39 50 832
39 61 379
39 62 653
39 65 368
39 69 387
39 75 735
39 77 532
39 81 892
39 85 226
39 91 312
39 92 598
39 12 516
39 13 305
39 18 622
39 20 5
39 21 326
39 24 223
39 31 714
39 32 295
39 46 477
39 73 791
40 43 177
40 52 544
40 56 879
40 62 194
40 65 418
40 67 866
40 68 291
40 75 851
40 87 106
40 2 989
40 10 803
40 11 169
40 35 810
40 38 80
40 55 476
41 45 23
41 49 151
41 50 576
41 65 403
41 66 87
41 71 424
41 87 567
41 91 644
41 92 308
41 97 382
41 4 35
41 5 569
41 9 210
41 13 546
41 14 716
41 15 487
41 18 956
41 28 859
41 34 640
41 82 453
42 55 988
42 60 15
42 64 864
42 65 469
42 71 31
42 85 169
42 3 637
42 5 253
42 7 504
42 8 397
42 12 570
42 13 962
42 16 194
42 20 193
42 21 402
42 23 943
42 24 174
42 26 865
42 29 738
42 34 752
42 35 826
42 40 979
42 47 149
43 47 597
43 50 857
43 51 456
43 54 801
43 57 513
43 60 421
43 69 888
43 79 33
43 81 84
43 84 754
43 90 818
43 93 331
43 0 664
43 12 428
43 21 991
43 22 465
43 24 884
43 25 278
43 33 456
43 37 374
43 41 953
43 72 843
43 96 222
44 47 311
44 50 198
44 52 242
44 55 952
44 70 766
44 82 786
44 83 927
44 89 30
44 92 98
44 96 814
44 1 759
44 38 912
44 39 986
44 41 540
44 94 994
44 95 161
45 56 271
45 61 754
45 68 921
45 73 869
45 77 53
45 78 862
45 80 534
45 81 619
45 89 350
45 90 414
45 91 553
45 94 463
45 96 275
45 4 922
45 7 969
45 10 903
45 17 463
45 18 527
45 28 976
45 31 214
45 38 110
46 70 953
46 71 303
46 72 130
46 76 344
46 81 812
46 88 564
46 89 74
46 90 651
46 95 809
46 98 642
46 99 78
46 9 448
46 13 963
46 27 45
46 32 418
46 34 23
46 41 635
46 97 154
47 61 195
47 62 539
47 80 27
47 82 370
47 90 456
47 93 593
47 96 174
47 99 347
47 1 696
47 2 948
47 11 605
47 16 829
47 36 766
47 44 439
48 55 516
48 65 205
48 66 868
48 73 573
48 78 190
48 81 460
48 83 600
48 86 600
48 90 894
48 94 658
48 4 145
48 5 462
48 11 255
48 13 676
48 17 597
48 19 12
48 20 774
48 24 251
48 30 18
48 33 526
48 37 114
48 40 775
48 41 655
48 50 147
48 99 340
49 51 272
49 55 804
49 57 894
49 59 935
49 64 271
49 65 534
49 70 596
49 78 250
49 85 930
49 89 863
49 91 637
49 99 878
49 6 862
49 9 539
49 11 514
49 13 548
49 18 340
49 26 355
49 27 652
49 28 757
49 30 664
49 35 637
49 39 808
49 42 296
49 44 334
49 45 320
50 54 462
50 55 805
50 61 885
50 71 104
50 78 204
50 87 526
50 92 356
50 16 320
50 25 128
50 27 834
50 30 715
50 33 148
50 39 10
50 45 379
50 46 986
50 70 904
51 54 659
51 59 708
51 62 292
51 76 676
51 79 799
51 89 735
51 98 279
51 22 414
51 27 561
51 32 834
51 42 443
51 46 372
51 48 134
52 53 778
52 60 423
52 61 661
52 64 389
52 66 830
52 68 247
52 78 424
52 79 261
52 85 466
52 86 66
52 88 263
52 90 527
52 7 88
52 13 678
52 16 307
52 19 394
52 22 732
52 23 866
52 26 233
52 28 291
52 34 17
52 36 730
52 44 13
52 47 752
52 51 734
53 54 907
53 79 383
53 80 916
53 86 405
53 94 897
53 98 81
53 1 108
53 3 164
53 10 690
53 11 283
53 17 462
53 27 460
53 28 984
53 38 246
53 49 181
54 64 919
54 74 210
54 87 952
54 95 90
54 98 357
54 7 660
54 10 449
54 15 922
54 19 797
54 38 803
54 46 790
54 49 28
54 50 723
55 56 742
55 61 437
55 65 577
55 75 469
55 77 372
55 88 798
55 92 930
55 95 789
55 7 971
55 10 519
55 16 582
55 20 28
55 30 139
55 42 508
55 51 787
56 59 409
56 64 302
56 69 197
56 77 48
56 78 197
56 83 637
56 85 710
56 96 149
56 97 671
56 98 889
56 3 226
56 6 942
56 7 146
56 9 747
56 12 323
56 15 209
56 21 406
56 25 241
56 27 972
56 39 887
56 45 509
56 46 783
56 49 960
56 50 686
57 59 457
57 61 302
57 69 325
57 74 695
57 78 306
57 80 234
57 87 741
57 96 356
57 16 892
57 27 174
57 31 351
57 37 258
57 40 760
57 42 368
57 43 597
57 44 132
57 46 748
57 48 566
57 49 411
57 51 866
58 73 709
58 76 684
58 77 117
58 80 401
58 91 896
58 96 246
58 97 568
58 99 683
58 5 162
58 6 567
58 7 815
58 13 296
58 14 675
58 19 680
58 24 558
58 25 785
58 32 14
58 35 587
58 36 564
58 48 693
58 50 315
59 69 392
59 71 610
59 78 264
59 81 302
59 90 144
59 91 864
59 99 16
59 0 267
59 2 655
59 4 995
59 5 122
59 9 58
59 15 950
59 26 261
59 27 364
59 31 508
59 33 603
59 36 3
59 39 464
59 41 221
59 47 377
59 56 360
60 68 602
60 69 905
60 70 854
60 73 570
60 74 446
60 82 604
60 92 662
60 2 307
60 5 810
60 12 430
60 14 310
60 15 583
60 20 999
60 22 117
60 24 57
60 38 350
60 40 835
60 42 119
60 44 887
60 47 434
60 54 655
61 64 62
61 65 374
61 67 278
61 68 393
61 74 461
61 77 143
61 83 20
61 95 549
61 3 248
61 4 314
61 15 293
61 27 20
61 43 262
61 44 686
61 52 104
61 56 202
62 66 984
62 70 388
62 74 130
62 83 46
62 88 36
62 95 207
62 96 967
62 1 47
62 8 467
62 17 654
62 19 673
62 39 556
62 46 150
62 53 695
63 65 688
63 66 529
63 83 84
63 90 166
63 93 344
63 94 201
63 96 450
63 98 579
63 2 978
63 7 195
63 12 693
63 21 238
63 23 849
63 24 350
63 27 991
63 34 14
63 35 464
63 39 923
63 48 740
63 53 191
63 54 457
63 61 935
63 71 531
63 77 877
64 67 675
64 72 974
64 75 288
64 83 885
64 86 577
64 89 164
64 93 83
64 3 428
64 4 171
64 9 77
64 14 203
64 18 4
64 20 829
64 22 628
64 23 682
64 26 109
64 29 390
64 30 549
64 31 141
64 40 711
64 42 764
64 44 717
64 51 310
64 53 440
64 61 494
64 63 652
65 69 547
65 73 239
65 76 263
65 80 775
65 83 459
65 2 870
65 5 61
65 9 560
65 11 844
65 17 556
65 21 135
65 30 859
65 35 319
65 36 816
65 43 215
65 45 949
65 47 999
65 49 580
65 54 371
65 57 184
65 61 443
65 64 266
66 70 730
66 72 762
66 76 538
66 84 212
66 85 738
66 93 5
66 96 719
66 2 567
66 4 880
66 10 216
66 11 895
66 14 171
66 20 686
66 22 440
66 30 854
66 31 353
66 32 683
66 42 200
66 43 484
66 44 876
66 46 284
66 55 637
67 84 811
67 93 697
67 1 313
67 6 343
67 8 611
67 11 822
67 22 674
67 25 179
67 32 541
67 35 763
67 42 973
67 44 681
67 52 691
67 54 217
67 64 304
68 71 743
68 73 155
68 74 9
68 78 13
68 88 365
68 89 313
68 92 822
68 95 760
68 99 716
68 6 55
68 11 796
68 26 425
68 33 614
68 36 384
68 42 51
68 46 877
68 48 884
68 53 886
68 54 48
68 55 553
68 57 736
68 59 428
68 67 78
68 90 515
69 71 230
69 78 236
69 84 362
69 86 544
69 89 416
69 99 668
69 6 627
69 11 406
69 14 600
69 19 201
69 25 104
69 28 579
69 44 962
69 46 568
69 52 973
69 54 859
69 58 371
69 59 665
69 64 960
69 67 145
70 73 465
70 85 793
70 0 325
70 8 438
70 12 592
70 15 622
70 17 603
70 31 257
70 36 582
70 42 864
70 49 980
70 51 658
70 55 439
70 59 793
70 60 134
70 62 446
70 88 585
71 80 727
71 84 806
71 85 859
71 87 330
71 93 947
71 98 411
71 6 926
71 8 301
71 15 204
71 20 629
71 22 638
71 26 186
71 28 196
71 36 279
71 39 278
71 40 60
71 42 263
71 43 856
71 49 22
71 56 143
72 73 831
72 75 579
72 76 240
72 80 632
72 81 383
72 82 275
72 84 125
72 93 483
72 96 84
72 98 155
72 6 341
72 7 690
72 8 513
72 9 342
72 25 978
72 35 139
72 41 703
72 43 606
72 49 895
72 68 929
72 69 986
73 76 237
73 81 619
73 83 797
73 88 614
73 96 373
73 98 76
73 0 32
73 10 650
73 12 822
73 15 102
73 30 285
73 31 522
73 33 366
73 37 1
73 45 708
73 46 185
73 48 184
73 51 929
73 54 900
73 70 965
74 75 562
74 76 556
74 77 336
74 81 51
74 82 584
74 88 411
74 90 792
74 91 16
74 93 501
74 94 717
74 97 246
74 2 71
74 7 365
74 15 860
74 22 113
74 35 123
74 37 580
74 43 430
74 48 53
74 50 196
74 51 847
74 52 141
74 61 20
74 62 230
74 64 420
74 67 938
75 77 844
75 78 821
75 85 57
75 0 877
75 3 842
75 4 847
75 10 772
75 14 40
75 15 760
75 20 431
75 33 158
75 34 146
75 36 317
75 41 808
75 42 419
75 48 130
75 51 214
75 63 843
75 66 802
75 67 885
75 70 913
75 71 635
75 74 615
76 78 386
76 89 191
76 91 194
76 92 336
76 96 943
76 97 306
76 3 812
76 9 683
76 15 241
76 19 144
76 21 20
76 24 627
76 26 128
76 35 454
76 39 819
76 41 320
76 47 855
76 56 692
76 57 61
76 69 822
76 74 217
77 82 905
77 92 552
77 98 589
77 99 373
77 13 869
77 14 408
77 18 264
77 19 950
77 20 103
77 24 617
77 26 585
77 33 334
77 41 178
77 47 918
77 48 378
77 49 18
77 53 178
77 54 648
77 55 45
77 71 174
78 82 547
78 87 853
78 1 412
78 6 680
78 9 158
78 16 665
78 23 754
78 28 893
78 32 761
78 35 591
78 41 936
78 48 399
78 52 367
78 54 968
78 57 804
78 59 607
78 61 21
78 65 548
78 69 326
78 70 73
78 73 377
78 74 320
79 84 527
79 87 527
79 91 941
79 93 497
79 10 337
79 23 498
79 24 295
79 25 530
79 30 23
79 36 956
79 38 178
79 39 65
79 43 477
79 53 976
79 55 81
79 57 948
79 73 678
79 74 63
80 81 569
80 82 833
80 87 800
80 92 899
80 97 216
80 10 17
80 12 726
80 15 304
80 16 97
80 21 603
80 24 262
80 25 332
80 27 162
80 29 718
80 40 175
80 44 22
80 46 706
80 51 867
80 52 335
80 55 435
80 57 922
80 66 557
80 69 44
80 75 924
81 85 398
81 89 911
81 94 550
81 0 321
81 4 406
81 5 449
81 15 825
81 21 154
81 34 727
81 39 81
81 40 907
81 43 433
81 52 12
81 66 716
81 68 463
81 69 113
81 74 597
82 86 440
82 88 69
82 95 630
82 4 839
82 10 843
82 11 317
82 17 611
82 28 289
82 29 406
82 31 833
82 32 25
82 34 124
82 36 976
82 40 240
82 47 417
82 51 441
82 64 449
82 66 228
82 69 621
82 73 968
82 76 495
83 87 612
83 88 660
83 98 510
83 2 49
83 3 10
83 4 724
83 5 461
83 17 891
83 21 689
83 24 116
83 28 160
83 35 863
83 36 542
83 41 293
83 43 772
83 44 896
83 49 893
83 52 841
83 55 292
83 62 300
83 72 813
83 76 814
83 80 896
83 81 99
84 88 412
84 92 836
84 94 95
84 1 669
84 6 477
84 17 708
84 24 513
84 30 146
84 32 644
84 33 699
84 43 58
84 48 761
84 51 615
84 52 191
84 61 907
84 68 28
84 71 730
84 73 794
84 83 289
85 94 303
85 99 226
85 0 45
85 1 422
85 7 974
85 10 554
85 14 742
85 16 235
85 18 621
85 21 166
85 24 851
85 29 792
85 38 640
85 51 134
85 53 872
85 59 864
85 70 478
85 71 493
85 72 91
85 76 783
85 77 57
85 83 510
85 84 293
86 89 333
86 97 700
86 99 562
86 3 38
86 7 965
86 9 31
86 15 36
86 17 967
86 23 77
86 27 303
86 36 444
86 38 517
86 44 122
86 46 859
86 51 485
86 52 815
86 53 960
86 55 335
86 60 301
86 62 163
86 73 468
86 74 650
86 77 798
86 83 307
87 90 377
87 93 61
87 94 887
87 98 672
87 7 766
87 8 599
87 11 61
87 14 931
87 15 640
87 19 851
87 23 989
87 25 703
87 26 543
87 41 165
87 46 810
87 48 828
87 54 75
87 76 116
87 82 821
87 83 534
87 84 577
88 92 278
88 96 288
88 4 278
88 8 176
88 10 983
88 11 945
88 18 433
88 22 542
88 48 972
88 52 319
88 55 283
88 59 281
88 68 717
88 78 62
88 81 791
89 92 697
89 0 277
89 1 788
89 3 399
89 4 689
89 8 154
89 10 226
89 25 832
89 27 852
89 29 86
89 33 518
89 35 770
89 38 172
89 40 792
89 49 381
89 67 900
89 68 720
89 69 705
89 70 41
89 77 269
89 82 143
89 85 636
89 87 785
89 88 70
90 3 41
90 7 495
90 8 458
90 19 668
90 21 5
90 26 747
90 33 492
90 39 466
90 52 427
90 53 555
90 56 285
90 59 219
90 82 71
90 84 163
91 95 462
91 96 789
91 97 132
91 99 36
91 3 842
91 11 49
91 12 458
91 19 327
91 21 560
91 22 352
91 25 407
91 30 121
91 33 558
91 36 694
91 37 554
91 40 73
91 41 286
91 50 126
91 63 555
91 64 817
91 66 127
91 72 108
91 84 469
92 93 994
92 97 420
92 10 889
92 17 255
92 22 199
92 33 337
92 46 498
92 47 66
92 62 28
92 70 991
92 76 863
92 78 803
92 82 468
92 83 203
92 85 934
93 95 366
93 99 184
93 10 795
93 12 144
93 17 259
93 20 890
93 27 332
93 28 667
93 36 116
93 47 38
93 48 712
93 55 854
93 57 801
93 63 895
93 64 412
93 80 765
93 81 272
93 87 761
94 0 717
94 5 478
94 10 287
94 23 291
94 29 520
94 31 129
94 35 984
94 36 254
94 43 966
94 44 952
94 45 610
94 47 548
94 52 123
94 53 240
94 54 868
94 56 629
94 58 233
94 61 891
94 67 144
94 70 562
94 72 526
94 80 163
94 86 313
94 87 797
94 93 842
95 0 352
95 12 114
95 19 48
95 20 224
95 21 260
95 26 49
95 27 844
95 32 917
95 34 131
95 44 678
95 52 457
95 55 705
95 63 752
95 66 550
95 74 37
96 99 577
96 7 56
96 9 470
96 15 148
96 16 221
96 17 811
96 18 907
96 19 947
96 20 407
96 32 443
96 39 814
96 48 904
96 49 189
96 54 966
96 56 155
96 57 187
96 58 257
96 64 980
96 65 375
96 69 563
96 72 304
96 81 739
96 87 308
97 3 319
97 4 311
97 10 531
97 13 241
97 15 189
97 16 463
97 20 629
97 21 177
97 26 299
97 43 338
97 47 266
97 63 883
97 73 283
97 78 716
97 86 467
97 89 856
97 92 520
97 96 368
98 6 716
98 7 842
98 11 748
98 15 746
98 24 746
98 26 256
98 27 219
98 28 907
98 30 725
98 33 359
98 36 999
98 37 214
98 49 68
98 53 265
98 56 590
98 57 125
98 58 73
98 62 400
98 80 355
98 83 480
98 87 416
98 90 109
98 91 429
98 92 575
99 5 209
99 15 783
99 19 510
99 29 613
99 31 409
99 34 664
99 37 55
99 40 966
99 43 802
99 62 956
99 66 853
99 69 446
99 83 71
99 88 847
