200 4080 0
0 12 546
0 32 172
0 34 84
0 35 90
0 40 855
0 43 529
0 58 51
0 72 546
0 82 662
0 86 951
0 88 36
0 99 597
0 111 668
0 117 215
0 118 319
0 120 706
0 121 197
0 138 533
0 143 958
0 146 143
0 149 562
0 169 176
0 177 534
0 190 171
0 192 752
0 193 564
0 1 306
0 3 160
0 19 734
0 150 749
1 28 428
1 37 990
1 53 535
1 69 705
1 113 754
1 116 852
1 133 631
1 136 98
1 147 944
1 149 966
1 156 247
1 170 557
1 190 10
1 196 829
1 197 250
1 0 989
1 2 294
1 4 880
1 38 96
1 43 962
1 46 429
2 4 318
2 5 696
2 33 513
2 37 203
2 42 306
2 46 645
2 65 625
2 76 900
2 82 144
2 83 560
2 88 967
2 89 277
2 95 174
2 97 347
2 118 130
2 121 931
2 122 297
2 124 637
2 133 428
2 143 718
2 156 584
2 158 943
2 170 278
2 178 643
2 186 348
2 24 352
2 40 880
2 64 365
2 90 770
3 7 578
3 9 410
3 10 622
3 23 642
3 24 331
3 29 153
3 46 791
3 78 843
3 81 605
3 82 47
3 87 564
3 96 17
3 100 275
3 114 998
3 124 431
3 133 715
3 136 52
3 150 286
3 151 2
3 163 747
3 169 440
3 184 106
3 191 536
3 192 78
3 193 363
3 197 870
3 8 92
3 36 107
3 50 50
4 10 652
4 17 395
4 30 284
4 48 883
4 64 46
4 65 798
4 76 472
4 88 334
4 97 236
4 99 263
4 104 886
4 106 968
4 114 666
4 116 560
4 117 374
4 138 553
4 143 802
4 144 594
4 153 146
4 155 164
4 164 107
4 165 245
4 166 255
4 171 555
4 178 577
4 180 177
4 183 257
4 191 301
4 192 63
4 0 680
4 1 134
4 5 911
4 6 915
4 7 231
4 142 719
4 149 634
5 6 137
5 10 264
5 27 983
5 41 891
5 48 900
5 56 641
5 63 728
5 64 677
5 66 481
5 67 21
5 79 606
5 85 962
5 86 443
5 90 19
5 95 978
5 113 270
5 115 288
5 120 455
5 126 5
5 146 649
5 151 718
5 174 861
5 176 368
5 190 685
5 198 449
5 11 775
5 17 163
5 57 786
5 170 748
6 28 794
6 40 793
6 61 705
6 67 566
6 78 387
6 89 415
6 103 191
6 106 688
6 115 24
6 135 150
6 153 727
6 178 637
6 183 803
6 185 187
6 190 357
6 193 235
6 4 943
6 23 330
7 8 396
7 9 816
7 12 741
7 13 92
7 17 928
7 24 873
7 27 65
7 45 220
7 56 928
7 61 974
7 63 172
7 70 274
7 73 749
7 80 922
7 106 840
7 125 991
7 132 569
7 135 542
7 136 599
7 144 87
7 172 924
7 188 884
7 190 357
7 192 59
7 194 91
7 199 390
7 1 975
7 10 75
7 15 161
7 25 69
8 9 292
8 14 92
8 30 421
8 42 138
8 48 115
8 55 162
8 62 386
8 76 92
8 90 38
8 93 442
8 97 703
8 114 724
8 125 254
8 127 503
8 136 612
8 154 248
8 187 560
8 199 495
8 13 551
8 44 543
8 49 82
8 140 244
9 13 327
9 15 325
9 38 977
9 40 504
9 44 569
9 64 494
9 88 848
9 89 387
9 100 194
9 127 73
9 137 452
9 162 973
9 166 590
9 180 276
9 189 465
9 198 317
9 199 565
9 21 960
9 67 667
9 134 421
10 43 379
10 50 751
10 56 23
10 60 142
10 64 410
10 77 688
10 107 6
10 122 832
10 126 951
10 137 984
10 138 996
10 151 471
10 158 613
10 172 706
10 186 810
10 192 503
10 196 811
10 197 987
10 14 363
10 20 990
10 111 618
10 117 780
11 49 947
11 55 763
11 65 391
11 75 586
11 83 666
11 85 400
11 91 345
11 95 81
11 109 893
11 125 868
11 135 606
11 148 960
11 163 466
11 165 911
11 176 320
11 177 716
11 182 621
11 190 585
11 1 484
12 35 322
12 40 943
12 45 367
12 111 384
12 121 510
12 132 5
12 135 253
12 145 936
12 147 473
12 163 535
12 182 453
12 195 877
12 18 751
12 70 462
12 128 822
13 52 834
13 57 35
13 61 904
13 70 41
13 99 249
13 111 22
13 128 366
13 147 813
13 157 74
13 171 353
13 179 656
13 182 923
13 185 965
13 187 977
13 0 405
13 16 361
14 19 128
14 32 829
14 48 730
14 60 952
14 61 188
14 73 403
14 84 324
14 110 147
14 119 488
14 138 985
14 140 381
14 142 439
14 145 64
14 146 406
14 166 318
14 172 882
14 182 591
14 192 36
14 193 985
14 10 872
15 16 819
15 36 335
15 51 10
15 56 83
15 64 192
15 71 611
15 78 788
15 96 636
15 101 185
15 158 709
15 164 263
15 182 571
15 196 662
15 0 235
15 5 737
15 9 376
15 12 987
15 31 447
15 34 742
15 60 705
15 80 482
15 121 341
16 35 165
16 46 710
16 53 523
16 57 959
16 71 398
16 80 993
16 85 862
16 94 83
16 101 368
16 102 762
16 116 314
16 127 599
16 138 668
16 140 609
16 152 817
16 164 179
16 172 356
16 7 625
16 22 650
16 58 868
16 139 747
17 19 193
17 24 968
17 28 697
17 32 157
17 33 354
17 34 908
17 35 493
17 48 273
17 56 650
17 57 368
17 79 733
17 97 902
17 102 712
17 108 490
17 140 86
17 153 37
17 159 729
17 164 730
17 172 476
17 177 990
17 181 826
17 199 635
17 81 54
17 86 675
17 101 106
18 40 547
18 43 295
18 49 46
18 55 303
18 80 115
18 107 762
18 115 793
18 127 150
18 128 684
18 144 879
18 146 347
18 149 879
18 158 258
18 159 726
18 161 81
18 163 808
18 171 423
18 175 641
18 180 621
18 185 512
18 189 192
18 194 423
18 195 192
18 197 844
18 7 620
18 8 302
18 37 454
18 63 519
18 75 874
19 27 486
19 45 749
19 52 414
19 63 823
19 67 839
19 72 699
19 92 821
19 117 843
19 119 954
19 133 797
19 135 329
19 158 223
19 167 164
19 5 70
19 10 168
19 15 876
19 26 386
19 35 309
19 124 271
19 163 795
20 63 995
20 81 757
20 111 428
20 119 770
20 122 264
20 149 894
20 159 135
20 164 779
20 184 644
20 185 657
20 187 682
20 188 457
20 191 643
20 196 209
20 8 817
20 42 148
20 103 853
21 43 956
21 72 909
21 100 762
21 105 231
21 123 449
21 129 180
21 131 289
21 143 687
21 150 650
21 158 626
21 160 840
21 163 290
21 165 973
21 172 167
21 180 347
21 3 751
22 37 970
22 46 195
22 48 940
22 59 382
22 80 391
22 84 642
22 112 155
22 118 626
22 132 553
22 136 913
22 147 622
22 161 735
22 169 858
22 187 901
22 8 715
22 16 874
22 21 191
22 27 992
22 53 471
22 62 643
22 87 90
23 26 413
23 33 988
23 35 154
23 37 778
23 38 261
23 57 69
23 79 275
23 97 901
23 113 448
23 116 284
23 123 68
23 133 928
23 142 842
23 150 222
23 152 727
23 160 275
23 4 449
23 12 851
23 29 817
24 25 860
24 28 422
24 45 137
24 61 324
24 66 310
24 80 793
24 84 342
24 86 906
24 95 382
24 117 7
24 118 273
24 120 545
24 146 586
24 162 977
24 175 72
24 192 634
24 4 548
24 5 572
24 13 44
24 17 819
24 51 364
25 30 583
25 34 271
25 47 674
25 54 561
25 56 314
25 75 704
25 84 41
25 85 990
25 91 124
25 106 887
25 110 406
25 115 653
25 116 299
25 117 676
25 147 334
25 157 520
25 158 964
25 171 723
25 179 618
25 5 375
25 18 420
26 32 334
26 57 988
26 63 169
26 78 453
26 93 245
26 99 859
26 101 51
26 107 931
26 109 710
26 131 163
26 136 872
26 146 276
26 147 429
26 153 674
26 155 187
26 160 980
26 169 978
26 170 953
26 182 616
26 195 922
26 14 417
26 41 380
26 65 153
26 76 943
26 135 202
27 45 965
27 46 583
27 59 29
27 92 653
27 107 392
27 113 913
27 118 36
27 122 261
27 148 722
27 150 785
27 152 853
27 162 219
27 163 508
27 172 599
27 178 39
27 185 449
27 186 996
27 187 142
27 0 368
27 2 531
27 6 963
27 13 394
28 39 107
28 45 849
28 90 63
28 91 72
28 93 934
28 123 343
28 124 293
28 130 395
28 153 777
28 159 59
28 176 490
28 177 429
28 182 779
28 188 673
28 189 520
28 197 573
28 27 850
28 30 958
29 42 60
29 46 787
29 52 758
29 81 648
29 85 649
29 88 59
29 94 113
29 98 149
29 111 494
29 115 272
29 121 651
29 122 598
29 130 384
29 134 602
29 144 472
29 147 167
29 157 175
29 164 762
29 181 133
29 187 459
29 190 791
29 3 240
29 6 868
29 10 346
29 21 167
29 23 226
29 99 618
30 37 403
30 46 959
30 49 13
30 63 683
30 66 476
30 71 165
30 76 867
30 86 230
30 92 412
30 101 412
30 105 467
30 111 547
30 123 979
30 124 121
30 131 939
30 134 768
30 135 802
30 155 287
30 157 734
30 158 940
30 160 704
30 165 908
30 173 367
30 177 951
30 179 990
30 181 643
30 182 988
30 194 457
30 3 252
30 11 527
30 16 157
30 19 417
30 39 481
30 79 910
31 32 307
31 39 914
31 50 532
31 57 916
31 86 529
31 95 446
31 113 47
31 128 313
31 132 410
31 166 463
31 179 172
31 20 373
31 47 457
31 82 964
31 133 893
32 44 343
32 47 63
32 56 167
32 59 857
32 63 464
32 75 825
32 80 829
32 99 405
32 107 399
32 124 663
32 125 893
32 126 864
32 129 249
32 140 890
32 149 656
32 150 248
32 153 878
32 155 580
32 160 936
32 165 555
32 197 834
32 5 294
32 12 730
32 17 458
32 20 524
32 159 55
32 175 951
33 38 446
33 46 151
33 58 806
33 70 458
33 74 421
33 98 445
33 104 882
33 109 917
33 133 7
33 155 524
33 164 244
33 166 815
33 178 18
33 21 764
33 27 188
33 31 218
33 73 607
33 122 414
33 127 8
33 145 730
33 185 857
34 36 871
34 37 130
34 52 696
34 56 360
34 65 788
34 82 761
34 84 204
34 92 448
34 97 620
34 100 128
34 104 800
34 124 656
34 125 598
34 149 848
34 152 158
34 177 30
34 183 438
34 0 627
34 2 726
34 6 501
34 10 977
34 12 574
34 13 112
34 17 849
34 20 653
34 24 431
34 45 471
34 66 290
34 113 978
34 154 100
35 39 737
35 47 493
35 53 43
35 57 369
35 65 373
35 66 196
35 106 824
35 129 390
35 130 944
35 132 639
35 138 198
35 146 798
35 164 560
35 165 310
35 170 501
35 177 746
35 0 165
35 2 214
35 5 617
35 7 953
35 23 885
35 77 884
36 39 744
36 54 154
36 84 213
36 102 967
36 122 591
36 124 448
36 133 384
36 140 226
36 142 2
36 175 584
36 185 193
36 193 378
36 198 323
36 3 768
36 5 588
36 12 846
36 17 196
36 180 387
37 42 705
37 47 795
37 52 293
37 58 294
37 60 638
37 61 670
37 63 930
37 66 604
37 82 730
37 95 560
37 121 963
37 129 106
37 140 658
37 142 819
37 143 847
37 148 638
37 155 289
37 169 529
37 182 168
37 4 400
37 8 970
37 14 184
37 17 951
37 26 28
37 29 561
38 48 762
38 68 719
38 75 29
38 89 744
38 94 914
38 98 734
38 101 469
38 108 42
38 111 184
38 112 841
38 126 420
38 140 837
38 156 776
38 163 528
38 178 734
38 183 836
38 199 203
38 14 0
38 15 228
38 36 776
38 193 175
39 78 659
39 82 169
39 89 105
39 95 145
39 99 369
39 118 970
39 125 477
39 129 169
39 133 953
39 134 516
39 136 226
39 139 514
39 148 893
39 159 924
39 180 911
39 186 984
39 195 591
39 198 975
39 5 648
39 21 579
39 32 354
39 37 691
39 54 434
39 69 421
39 146 973
40 54 448
40 65 871
40 82 541
40 89 51
40 95 130
40 123 249
40 124 305
40 128 472
40 137 770
40 140 9
40 154 106
40 163 441
40 179 229
40 180 862
40 182 368
40 1 905
40 5 784
40 13 917
40 20 250
40 28 497
40 34 213
40 160 467
40 161 443
41 48 188
41 57 13
41 61 534
41 67 391
41 79 866
41 99 624
41 118 749
41 123 781
41 130 336
41 139 185
41 142 242
41 159 490
41 166 500
41 181 909
41 188 505
41 198 71
41 2 516
41 10 83
41 12 998
41 25 949
41 28 630
42 54 633
42 69 433
42 82 757
42 85 16
42 92 457
42 99 624
42 116 711
42 124 447
42 140 548
42 151 378
42 161 457
42 170 937
42 181 605
42 190 764
42 23 213
42 52 171
42 91 29
42 98 907
43 44 850
43 47 675
43 60 332
43 62 810
43 75 629
43 78 221
43 90 647
43 93 813
43 97 388
43 108 977
43 111 410
43 112 73
43 114 36
43 129 124
43 147 403
43 157 896
43 170 28
43 174 672
43 187 506
43 188 514
43 3 340
43 9 519
43 26 715
43 38 376
44 55 111
44 58 289
44 97 478
44 99 213
44 105 959
44 112 463
44 143 200
44 150 748
44 153 318
44 163 552
44 172 901
44 180 589
44 183 316
44 196 471
44 197 611
44 199 878
44 9 939
44 33 610
44 41 553
45 51 629
45 54 436
45 64 388
45 65 865
45 68 624
45 77 26
45 82 957
45 93 147
45 102 434
45 111 707
45 115 526
45 125 620
45 143 965
45 151 276
45 152 157
45 170 742
45 192 846
45 194 759
45 8 267
45 13 631
45 29 962
45 40 430
45 44 553
45 56 184
46 54 734
46 67 262
46 69 899
46 75 633
46 77 310
46 80 279
46 88 640
46 97 844
46 99 595
46 123 846
46 125 600
46 155 396
46 163 503
46 166 919
46 181 569
46 188 840
46 189 288
46 197 152
46 198 78
46 1 396
46 7 452
46 18 176
46 23 157
46 31 952
47 71 516
47 83 387
47 85 646
47 96 698
47 108 551
47 130 154
47 144 837
47 162 293
47 11 293
47 19 796
47 20 513
47 22 195
47 25 852
47 31 230
47 37 582
47 72 775
47 97 697
48 78 90
48 82 926
48 83 681
48 90 172
48 130 433
48 134 152
48 154 966
48 163 178
48 164 972
48 165 98
48 187 791
48 2 368
48 19 782
48 21 328
48 43 80
49 56 487
49 59 217
49 61 105
49 63 915
49 65 205
49 79 765
49 88 428
49 101 426
49 103 541
49 104 816
49 116 990
49 134 859
49 141 435
49 144 339
49 155 414
49 173 853
49 178 203
49 182 255
49 189 540
49 194 233
49 5 48
49 12 435
49 14 650
49 20 768
49 27 426
49 28 780
49 31 335
49 36 357
50 52 89
50 77 357
50 79 21
50 87 392
50 88 792
50 96 552
50 117 228
50 130 729
50 131 711
50 145 589
50 149 207
50 162 347
50 163 48
50 178 828
50 183 743
50 184 532
50 10 926
50 12 416
50 30 646
50 32 402
50 49 864
51 80 759
51 97 386
51 110 144
51 121 129
51 127 316
51 128 749
51 131 429
51 165 279
51 166 432
51 175 337
51 180 316
51 194 668
51 196 936
51 5 838
51 19 750
51 25 790
51 27 921
51 35 984
51 36 433
51 55 814
51 83 125
51 106 172
51 169 913
52 57 842
52 58 651
52 72 26
52 76 567
52 81 532
52 96 504
52 97 719
52 119 807
52 148 144
52 1 596
52 2 311
52 8 676
52 12 104
52 17 630
52 23 187
52 45 42
52 59 848
53 59 363
53 67 765
53 70 596
53 82 440
53 85 947
53 90 899
53 95 472
53 96 811
53 103 563
53 107 98
53 133 56
53 134 373
53 140 600
53 144 960
53 147 448
53 150 703
53 155 279
53 156 197
53 160 787
53 177 28
53 178 738
53 179 131
53 181 760
53 186 640
53 193 698
53 199 75
53 0 938
53 7 372
53 27 823
53 43 380
53 46 128
53 74 35
53 132 50
54 57 802
54 74 623
54 88 756
54 96 299
54 98 790
54 124 161
54 140 904
54 145 578
54 168 49
54 181 592
54 185 150
54 189 178
54 197 82
54 1 995
54 7 581
54 13 874
54 18 460
54 29 463
54 43 278
54 45 205
54 48 994
54 89 883
54 196 188
55 70 630
55 80 461
55 87 211
55 97 96
55 109 250
55 113 189
55 121 181
55 127 325
55 128 186
55 140 833
55 154 176
55 172 871
55 187 969
55 189 192
55 195 615
55 4 344
55 23 545
55 27 773
55 33 479
55 38 775
56 69 752
56 74 508
56 116 621
56 122 424
56 125 826
56 129 290
56 135 230
56 149 175
56 151 243
56 154 551
56 164 572
56 185 490
56 191 974
56 14 511
56 21 1000
56 48 84
56 68 98
57 84 855
57 123 767
57 140 13
57 147 280
57 148 211
57 158 673
57 194 157
57 0 889
57 7 745
57 9 316
57 25 407
57 44 944
57 46 195
57 49 475
58 75 383
58 90 294
58 91 580
58 92 761
58 100 40
58 104 146
58 149 354
58 164 933
58 165 769
58 168 82
58 175 231
58 197 66
58 7 476
58 13 579
58 15 446
58 31 900
58 33 340
58 37 785
58 55 87
58 56 369
58 131 947
59 70 661
59 76 308
59 81 793
59 87 44
59 97 959
59 106 646
59 122 350
59 135 689
59 141 608
59 156 634
59 160 520
59 161 491
59 178 924
59 6 385
59 27 36
59 48 135
59 51 53
59 55 41
59 100 675
60 61 404
60 70 252
60 77 395
60 113 418
60 128 430
60 135 526
60 141 903
60 155 704
60 168 817
60 172 615
60 187 102
60 194 450
60 10 692
60 13 219
60 21 4
60 28 7
60 36 437
60 45 557
60 50 577
60 53 553
60 54 887
61 67 137
61 70 292
61 73 837
61 77 592
61 79 745
61 86 421
61 110 848
61 120 155
61 123 538
61 136 995
61 146 717
61 158 45
61 181 885
61 189 646
61 190 129
61 193 353
61 1 221
61 38 671
61 39 923
61 42 728
61 43 321
61 47 883
61 48 722
62 96 993
62 105 940
62 107 891
62 108 172
62 112 229
62 128 702
62 137 846
62 149 858
62 158 212
62 165 71
62 2 529
62 10 986
62 17 42
62 32 110
62 40 842
62 61 286
62 95 891
63 80 522
63 89 852
63 102 848
63 120 975
63 128 905
63 131 728
63 140 481
63 141 981
63 152 595
63 154 780
63 171 25
63 176 8
63 185 658
63 2 152
63 26 579
63 35 850
63 49 966
64 66 657
64 68 255
64 81 442
64 82 451
64 88 130
64 105 23
64 131 524
64 137 608
64 182 152
64 183 863
64 7 365
64 19 679
64 21 648
64 26 299
64 36 247
64 39 416
64 49 160
64 84 251
64 114 934
64 123 742
64 157 909
65 69 842
65 70 55
65 71 932
65 82 694
65 98 1
65 103 784
65 106 604
65 121 247
65 133 74
65 147 781
65 159 308
65 171 851
65 184 438
65 190 748
65 191 733
65 194 747
65 10 328
65 38 986
65 46 428
66 75 140
66 89 163
66 90 439
66 93 775
66 109 156
66 112 364
66 144 966
66 146 435
66 158 945
66 162 190
66 166 832
66 173 241
66 190 706
66 21 938
66 43 586
66 57 125
66 147 124
67 79 401
67 93 381
67 122 598
67 127 958
67 154 311
67 172 152
67 185 360
67 189 42
67 198 625
67 13 990
67 39 123
67 41 195
67 49 904
67 62 929
68 72 51
68 83 568
68 106 175
68 154 253
68 159 739
68 163 680
68 174 149
68 178 642
68 181 653
68 196 470
68 199 515
68 15 367
68 37 990
68 38 397
68 56 157
68 58 442
68 59 897
69 73 588
69 83 545
69 86 384
69 88 233
69 89 466
69 105 937
69 110 88
69 134 620
69 139 667
69 149 388
69 156 216
69 159 848
69 174 485
69 187 273
69 195 953
69 23 860
69 31 723
69 52 226
69 54 49
69 60 693
69 65 392
69 115 180
70 85 823
70 88 82
70 91 539
70 95 853
70 109 823
70 110 41
70 117 527
70 127 930
70 137 46
70 151 211
70 154 994
70 158 133
70 162 573
70 179 957
70 180 717
70 182 451
70 184 33
70 186 706
70 189 579
70 10 714
70 22 539
70 29 542
70 30 452
70 32 917
70 51 81
70 56 734
70 63 324
70 65 105
70 96 983
71 88 978
71 92 106
71 111 407
71 116 797
71 135 365
71 139 550
71 140 738
71 193 371
71 195 346
71 0 196
71 16 800
71 44 871
71 47 696
71 52 769
71 61 487
71 67 985
71 85 950
71 109 978
71 162 244
72 73 730
72 94 460
72 103 472
72 104 872
72 107 316
72 111 507
72 136 15
72 140 873
72 144 728
72 173 383
72 188 49
72 18 778
72 22 82
72 24 464
72 25 211
72 37 65
72 45 49
72 56 344
72 57 518
72 78 589
73 77 194
73 84 692
73 91 219
73 101 305
73 118 281
73 162 915
73 194 102
73 195 240
73 27 603
73 71 96
74 89 718
74 94 357
74 102 906
74 122 720
74 127 240
74 130 873
74 131 79
74 160 316
74 180 713
74 188 333
74 189 642
74 195 786
74 4 932
74 5 563
74 10 829
74 12 138
74 21 390
74 29 199
74 32 992
74 43 726
74 62 948
74 63 459
75 86 868
75 103 14
75 114 424
75 115 60
75 120 948
75 125 256
75 135 999
75 150 102
75 151 813
75 157 171
75 170 663
75 177 268
75 183 360
75 186 867
75 191 583
75 15 169
75 22 118
75 23 87
75 24 754
75 28 807
75 46 904
75 58 24
75 137 697
75 143 439
76 80 812
76 91 990
76 103 631
76 106 253
76 110 228
76 114 391
76 115 601
76 118 894
76 197 45
76 6 76
76 53 740
76 61 761
76 63 461
76 67 409
76 136 130
77 102 627
77 106 952
77 109 523
77 118 574
77 154 429
77 164 277
77 165 336
77 168 907
77 22 994
77 26 247
77 31 78
77 47 640
77 54 393
77 57 122
77 64 293
78 83 847
78 84 764
78 85 879
78 86 621
78 90 554
78 94 311
78 98 976
78 109 176
78 120 511
78 121 327
78 125 816
78 134 362
78 143 786
78 147 207
78 184 221
78 185 597
78 190 17
78 15 356
78 23 186
78 29 116
78 41 489
78 60 382
78 62 228
78 69 222
78 72 838
79 97 2
79 105 379
79 122 237
79 125 691
79 130 245
79 163 265
79 167 117
79 179 901
79 191 940
79 12 928
79 34 829
79 38 876
79 39 411
79 40 846
79 45 788
79 64 930
79 67 591
79 71 739
79 119 706
80 90 839
80 94 512
80 95 894
80 119 678
80 120 79
80 164 123
80 165 152
80 168 252
80 189 79
80 11 887
80 12 202
80 29 919
80 38 886
80 39 471
80 102 366
81 89 451
81 101 183
81 110 327
81 125 971
81 132 942
81 133 970
81 134 864
81 136 66
81 137 231
81 139 722
81 143 426
81 148 514
81 149 188
81 173 69
81 178 905
81 194 493
81 196 269
81 37 881
81 62 784
81 69 445
82 85 11
82 87 776
82 97 887
82 99 172
82 124 884
82 133 376
82 137 797
82 138 636
82 147 805
82 165 999
82 168 14
82 176 138
82 197 304
82 2 82
82 5 266
82 8 512
82 16 459
82 21 53
82 28 601
82 40 763
82 69 607
83 84 764
83 99 673
83 113 93
83 117 951
83 127 843
83 156 106
83 157 891
83 172 265
83 177 937
83 183 59
83 196 160
83 22 902
83 34 951
83 37 67
83 92 923
83 125 250
84 133 3
84 141 453
84 158 196
84 177 371
84 182 48
84 183 563
84 186 683
84 3 206
84 26 686
84 63 661
84 70 67
84 80 516
84 81 514
84 83 774
84 88 902
84 110 132
85 88 715
85 105 138
85 106 783
85 110 105
85 115 402
85 122 282
85 127 35
85 140 272
85 169 984
85 171 385
85 177 946
85 187 769
85 188 565
85 193 961
85 197 336
85 12 734
85 18 996
85 19 410
85 31 660
85 33 481
85 34 637
85 46 5
85 48 485
85 70 231
85 72 397
86 91 978
86 106 479
86 111 824
86 113 451
86 140 969
86 151 31
86 181 410
86 192 922
86 0 636
86 2 503
86 12 124
86 16 380
86 20 4
86 24 651
86 29 31
86 32 856
86 40 832
86 65 841
86 78 725
86 85 590
87 93 125
87 130 931
87 166 927
87 169 480
87 170 465
87 172 138
87 176 986
87 179 36
87 180 585
87 186 523
87 192 650
87 193 408
87 2 21
87 32 764
87 34 581
87 39 581
87 50 872
87 54 245
87 67 631
87 73 256
87 80 318
87 82 861
87 84 661
87 112 898
88 108 486
88 121 905
88 150 548
88 180 687
88 0 702
88 15 521
88 20 415
88 29 89
88 44 480
88 46 30
88 69 65
88 81 515
88 86 170
89 99 130
89 100 713
89 110 739
89 132 483
89 141 656
89 151 369
89 155 966
89 174 636
89 175 311
89 184 30
89 3 730
89 17 996
89 53 242
89 55 548
89 72 115
89 80 524
89 108 372
89 153 485
90 118 440
90 136 227
90 151 411
90 154 880
90 165 412
90 169 335
90 173 36
90 182 689
90 192 651
90 0 346
90 18 257
90 23 213
90 41 83
90 72 767
90 130 180
91 94 540
91 115 180
91 119 340
91 138 542
91 143 539
91 175 254
91 176 115
91 178 741
91 183 730
91 3 15
91 37 417
91 40 29
91 50 900
91 51 108
91 52 86
91 61 474
91 71 775
91 72 834
91 75 796
92 97 167
92 110 809
92 116 915
92 125 457
92 132 866
92 137 639
92 148 509
92 176 966
92 183 969
92 195 948
92 0 532
92 13 691
92 21 698
92 23 630
92 37 35
92 42 331
92 55 127
92 58 672
92 64 161
92 66 801
92 77 421
92 167 842
93 99 185
93 102 699
93 105 38
93 110 578
93 115 673
93 117 440
93 121 854
93 122 727
93 132 350
93 141 647
93 142 935
93 155 915
93 159 752
93 165 373
93 172 496
93 189 579
93 0 560
93 11 875
93 25 536
93 27 331
93 31 606
93 33 637
93 42 588
93 47 263
93 49 730
93 59 134
93 67 733
93 94 413
93 177 194
94 127 937
94 129 159
94 135 173
94 136 756
94 140 973
94 160 788
94 161 994
94 167 850
94 172 406
94 175 570
94 178 926
94 187 26
94 4 100
94 5 642
94 13 840
94 15 614
94 16 281
94 28 115
94 33 451
94 41 480
94 49 992
94 65 548
95 97 694
95 112 579
95 120 751
95 122 754
95 123 67
95 128 289
95 134 456
95 135 890
95 142 84
95 157 675
95 173 808
95 184 815
95 7 348
95 18 863
95 37 807
95 41 918
95 47 653
95 50 765
95 86 710
95 91 594
95 148 765
95 152 169
95 158 173
95 176 108
96 97 719
96 102 526
96 125 123
96 127 636
96 129 587
96 131 895
96 133 193
96 147 467
96 169 980
96 189 855
96 0 526
96 21 247
96 34 524
96 36 174
96 42 517
96 44 27
96 45 318
96 55 585
96 59 23
96 61 709
96 82 948
96 83 34
96 93 757
96 126 536
96 191 224
97 129 171
97 140 583
97 147 624
97 148 238
97 153 951
97 160 35
97 167 471
97 176 614
97 186 177
97 188 855
97 191 552
97 196 608
97 15 748
97 36 668
97 43 407
97 49 9
97 55 872
97 77 339
97 82 101
97 83 39
97 93 775
98 102 636
98 104 143
98 110 18
98 114 893
98 116 266
98 127 274
98 138 471
98 145 160
98 159 45
98 193 89
98 15 282
98 18 102
98 25 154
98 26 211
98 38 260
98 40 681
98 45 170
98 48 619
98 68 50
98 74 425
98 82 364
98 88 99
99 110 241
99 113 771
99 126 64
99 130 566
99 137 441
99 140 665
99 156 366
99 159 617
99 162 539
99 171 339
99 190 26
99 0 603
99 7 770
99 40 279
99 44 21
99 62 618
99 64 346
99 71 601
99 85 591
99 90 582
99 98 84
99 118 569
99 144 557
99 197 504
100 112 198
100 138 205
100 139 535
100 146 985
100 164 550
100 186 308
100 189 810
100 191 676
100 13 92
100 16 439
100 23 844
100 26 811
100 42 597
100 46 39
100 64 754
100 68 916
100 75 812
100 76 899
100 78 42
100 81 960
100 85 852
101 103 166
101 120 958
101 125 962
101 141 191
101 150 452
101 161 949
101 171 653
101 181 88
101 185 397
101 189 615
101 3 933
101 14 27
101 31 946
101 50 533
101 61 562
101 67 282
102 114 448
102 122 578
102 123 36
102 153 714
102 155 805
102 160 532
102 162 317
102 163 171
102 164 42
102 168 58
102 175 696
102 54 732
102 55 194
102 58 787
102 59 784
102 74 868
102 81 92
102 96 381
103 113 907
103 124 93
103 138 217
103 140 338
103 146 933
103 149 626
103 163 603
103 184 327
103 191 866
103 1 78
103 3 611
103 6 376
103 13 516
103 18 924
103 22 579
103 23 158
103 30 877
103 36 351
103 51 290
103 52 194
103 54 8
103 70 420
103 75 764
103 77 13
103 83 280
103 90 199
103 100 791
104 108 102
104 117 430
104 145 492
104 150 402
104 178 333
104 181 574
104 187 264
104 2 448
104 3 867
104 27 353
104 36 955
104 44 736
104 48 168
104 53 307
104 68 750
104 73 304
105 112 665
105 128 267
105 139 924
105 153 15
105 157 946
105 161 129
105 165 34
105 167 438
105 176 805
105 180 148
105 194 308
105 37 890
105 53 192
105 60 907
105 100 83
106 110 939
106 112 509
106 116 458
106 134 757
106 141 818
106 142 246
106 147 230
106 156 798
106 160 341
106 174 153
106 184 104
106 187 791
106 17 106
106 28 150
106 49 765
106 54 405
106 58 835
106 62 268
106 70 552
106 181 569
107 117 723
107 123 826
107 129 18
107 135 389
107 156 309
107 172 558
107 176 837
107 178 847
107 189 873
107 195 288
107 196 880
107 198 607
107 2 652
107 8 601
107 20 623
107 46 658
107 52 971
107 55 738
107 63 625
107 87 4
107 88 200
107 97 98
107 104 522
108 130 382
108 135 328
108 146 663
108 163 640
108 178 483
108 185 286
108 187 233
108 191 130
108 198 956
108 28 358
108 32 159
108 53 215
108 54 47
108 55 894
108 78 663
108 102 303
108 106 722
109 126 180
109 138 231
109 162 968
109 163 345
109 167 694
109 170 909
109 193 931
109 198 225
109 199 422
109 1 637
109 28 588
109 54 899
109 55 109
109 61 67
109 63 221
109 65 257
109 74 825
109 81 971
109 84 898
109 171 612
110 117 152
110 126 197
110 141 476
110 148 81
110 150 316
110 160 202
110 190 814
110 198 698
110 7 928
110 10 61
110 20 641
110 26 576
110 31 90
110 37 918
110 39 195
110 44 225
110 45 242
110 64 829
110 68 561
110 72 537
110 74 227
110 79 954
110 82 190
110 83 460
110 99 510
110 105 848
110 174 70
111 113 986
111 124 294
111 137 169
111 173 285
111 174 936
111 177 849
111 190 534
111 65 657
111 70 672
111 80 552
112 117 914
112 130 609
112 145 254
112 163 519
112 169 625
112 170 975
112 184 676
112 185 917
112 186 490
112 190 324
112 197 24
112 8 92
112 10 394
112 18 324
112 36 728
112 41 100
112 47 68
112 52 973
112 54 371
112 73 832
112 79 702
112 100 830
112 109 562
112 111 631
112 116 503
113 119 38
113 128 647
113 133 553
113 143 721
113 162 117
113 164 666
113 175 137
113 182 610
113 195 786
113 0 188
113 3 467
113 7 744
113 10 621
113 13 343
113 20 85
113 43 991
113 54 507
113 56 865
113 77 109
113 81 20
113 83 751
113 85 748
113 89 656
113 104 398
113 151 499
114 129 164
114 138 70
114 139 680
114 142 80
114 148 294
114 167 341
114 170 9
114 175 138
114 176 474
114 185 779
114 187 964
114 198 197
114 6 993
114 11 733
114 30 893
114 42 262
114 43 466
114 47 59
114 54 723
114 58 701
114 100 523
114 105 419
115 123 884
115 138 866
115 145 781
115 157 231
115 179 409
115 184 333
115 196 304
115 198 685
115 5 329
115 15 193
115 17 774
115 19 57
115 25 882
115 30 442
115 33 337
115 39 880
115 41 505
115 44 771
115 56 962
115 97 333
115 98 389
115 101 446
115 178 55
115 182 394
116 128 629
116 137 502
116 163 56
116 172 732
116 175 402
116 193 206
116 1 170
116 20 710
116 40 410
116 42 326
116 64 552
116 67 418
116 69 200
116 73 782
116 93 803
116 102 873
116 129 288
117 149 153
117 153 896
117 161 765
117 182 456
117 187 427
117 17 336
117 41 826
117 66 915
117 77 137
117 91 882
117 104 122
117 113 828
118 119 497
118 120 476
118 128 862
118 136 748
118 140 629
118 160 455
118 161 621
118 170 888
118 197 849
118 199 99
118 11 380
118 13 962
118 31 90
118 33 566
118 54 247
118 75 913
118 99 544
119 126 245
119 132 782
119 135 208
119 140 803
119 142 845
119 164 168
119 185 607
119 15 48
119 17 175
119 19 780
119 29 5
119 33 198
119 44 446
119 54 544
119 55 417
119 58 742
119 62 648
119 77 627
119 85 952
119 91 93
120 126 860
120 130 110
120 135 780
120 136 340
120 151 850
120 154 611
120 163 433
120 176 995
120 0 980
120 3 338
120 30 252
120 36 999
120 49 620
120 61 488
120 64 261
120 73 404
120 81 632
120 85 705
120 91 179
120 96 840
120 104 696
120 111 85
121 125 277
121 128 292
121 164 405
121 169 309
121 185 311
121 187 992
121 194 778
121 196 625
121 7 772
121 19 430
121 23 427
121 30 619
121 31 941
121 34 936
121 38 955
121 44 897
121 52 637
121 66 709
121 86 952
121 110 435
121 116 89
121 141 392
122 123 947
122 127 424
122 133 137
122 137 502
122 141 909
122 154 139
122 165 558
122 166 222
122 178 600
122 180 423
122 183 217
122 192 712
122 16 930
122 18 367
122 32 323
122 54 655
122 72 493
122 79 768
122 93 493
122 113 483
123 134 861
123 182 634
123 183 853
123 185 263
123 189 442
123 192 6
123 2 950
123 13 12
123 18 809
123 26 778
123 48 527
123 66 60
123 74 414
123 82 556
123 95 442
123 110 758
123 121 114
124 139 84
124 147 129
124 155 443
124 164 949
124 172 169
124 176 652
124 178 791
124 180 851
124 187 309
124 190 976
124 197 986
124 37 832
124 40 845
124 75 450
124 79 9
124 97 912
124 102 91
124 108 285
125 152 712
125 174 255
125 177 794
125 180 810
125 189 139
125 1 644
125 12 640
125 22 548
125 48 256
125 50 158
125 52 986
125 73 624
125 95 225
125 101 593
125 103 800
125 106 623
125 118 665
125 173 813
126 128 919
126 136 486
126 164 224
126 165 528
126 168 297
126 199 73
126 1 257
126 3 143
126 19 909
126 22 79
126 31 79
126 42 576
126 51 909
126 73 227
126 81 862
126 85 285
126 93 484
126 111 585
126 115 29
126 121 529
126 122 285
127 136 786
127 140 88
127 145 239
127 148 530
127 168 537
127 171 726
127 184 777
127 193 39
127 195 712
127 197 516
127 4 470
127 12 816
127 14 370
127 16 790
127 17 93
127 22 209
127 32 134
127 36 507
127 37 10
127 38 471
127 41 740
127 45 675
127 50 938
127 52 172
127 72 944
127 74 573
127 100 501
127 102 333
127 103 508
127 116 560
127 118 509
127 125 992
128 152 237
128 155 734
128 190 336
128 198 774
128 199 589
128 0 981
128 6 728
128 8 679
128 39 14
128 45 166
128 61 269
128 75 93
128 87 611
128 89 138
128 100 927
129 135 401
129 143 846
129 161 405
129 169 948
129 182 986
129 9 668
129 10 514
129 16 151
129 23 400
129 26 195
129 41 762
129 46 226
129 56 208
129 72 876
129 76 318
129 78 254
129 83 332
129 110 422
129 120 659
129 127 540
130 133 81
130 134 491
130 159 586
130 175 988
130 191 730
130 199 10
130 19 114
130 27 592
130 32 902
130 37 354
130 43 840
130 46 96
130 51 574
130 54 22
130 74 421
131 155 825
131 156 188
131 4 298
131 22 248
131 48 577
131 50 568
131 56 215
131 61 484
131 62 207
131 78 5
131 84 984
131 85 816
131 86 680
131 87 831
131 90 48
131 95 789
131 101 39
131 114 338
132 133 444
132 142 447
132 154 80
132 163 593
132 167 167
132 176 984
132 1 131
132 10 44
132 13 9
132 15 820
132 16 137
132 33 823
132 39 761
132 53 192
132 55 0
132 61 529
132 62 744
132 87 729
132 88 857
132 89 550
132 93 55
132 108 815
132 114 17
132 117 350
132 120 656
132 156 839
133 134 365
133 137 353
133 145 444
133 147 455
133 154 69
133 167 723
133 191 733
133 8 504
133 13 115
133 14 717
133 62 772
133 74 251
133 75 737
133 94 35
134 149 212
134 150 493
134 182 921
134 185 709
134 186 328
134 6 557
134 20 413
134 22 103
134 43 376
134 65 158
134 66 482
134 78 922
134 99 557
134 104 153
134 110 862
135 140 737
135 155 608
135 164 197
135 179 811
135 190 922
135 198 562
135 199 135
135 10 191
135 15 810
135 17 427
135 56 370
135 57 400
135 91 6
135 100 985
135 111 676
135 121 338
136 145 645
136 172 181
136 178 462
136 180 43
136 181 907
136 195 355
136 2 904
136 18 276
136 22 426
136 24 665
136 26 184
136 32 525
136 36 948
136 46 938
136 48 366
136 61 952
136 77 1
136 120 942
136 131 720
136 132 109
137 146 754
137 154 278
137 160 250
137 180 534
137 7 353
137 12 992
137 13 484
137 20 494
137 35 735
137 45 889
137 86 0
137 92 969
137 104 408
137 129 748
137 135 799
138 143 424
138 150 543
138 154 886
138 155 726
138 170 962
138 186 465
138 187 21
138 10 587
138 23 836
138 34 164
138 41 295
138 57 964
138 73 653
138 74 867
138 75 953
138 76 582
138 80 10
138 102 204
138 106 204
138 117 352
138 122 762
139 144 610
139 147 97
139 150 21
139 151 100
139 178 135
139 181 112
139 183 124
139 184 58
139 192 356
139 3 216
139 8 154
139 26 2
139 28 994
139 52 957
139 60 304
139 63 953
139 69 263
139 83 517
139 89 881
139 93 506
140 158 931
140 168 417
140 176 901
140 180 808
140 192 358
140 197 315
140 199 336
140 3 441
140 27 866
140 30 2
140 33 558
140 46 940
140 60 159
140 61 178
140 64 846
140 72 39
140 79 119
140 81 537
140 87 656
140 122 113
140 124 168
141 149 709
141 156 272
141 180 68
141 189 660
141 199 693
141 1 609
141 8 123
141 13 131
141 30 899
141 40 967
141 88 760
141 93 270
141 97 552
141 100 792
141 125 461
141 168 523
142 160 540
142 193 779
142 1 398
142 7 148
142 14 131
142 20 394
142 30 596
142 34 401
142 37 679
142 38 719
142 76 514
142 89 297
142 101 480
142 109 847
142 118 357
142 130 703
142 133 759
142 155 831
143 159 885
143 161 969
143 164 357
143 181 946
143 184 876
143 185 692
143 190 197
143 196 968
143 199 788
143 18 36
143 41 947
143 47 581
143 52 333
143 54 171
143 59 178
143 62 162
143 70 313
143 71 165
143 75 873
143 88 777
143 94 788
143 109 116
143 110 153
143 128 206
143 133 765
143 188 185
144 151 132
144 153 893
144 154 381
144 166 725
144 169 283
144 171 177
144 182 179
144 194 333
144 197 483
144 5 284
144 12 47
144 20 629
144 24 993
144 47 684
144 61 251
144 65 574
144 76 92
144 87 374
144 92 571
144 111 166
144 112 386
144 117 197
144 119 620
144 125 188
144 132 302
144 179 391
144 184 339
145 170 1000
145 173 652
145 178 561
145 181 528
145 189 305
145 6 83
145 9 954
145 11 943
145 32 37
145 50 832
145 63 13
145 72 491
145 74 52
145 95 781
145 108 902
145 119 518
145 126 152
145 134 218
145 138 739
146 164 686
146 167 928
146 169 492
146 181 407
146 24 511
146 29 778
146 35 741
146 36 318
146 38 465
146 72 957
146 75 19
146 78 533
146 79 760
146 96 75
146 107 941
146 142 55
147 167 1
147 175 445
147 176 631
147 177 493
147 187 48
147 193 948
147 195 974
147 199 635
147 0 612
147 15 99
147 28 326
147 37 135
147 64 805
147 79 213
147 95 821
147 106 430
147 115 413
147 132 944
148 152 441
148 156 618
148 159 572
148 174 663
148 183 911
148 191 630
148 0 678
148 1 841
148 23 112
148 40 685
148 42 568
148 62 628
148 69 927
148 71 617
148 73 750
148 86 608
148 90 586
148 98 444
148 113 673
148 119 439
148 129 427
148 130 640
148 141 666
149 164 532
149 181 797
149 198 260
149 199 425
149 2 146
149 3 982
149 5 763
149 9 37
149 10 845
149 21 248
149 31 343
149 37 942
149 39 318
149 40 463
149 46 15
149 48 721
149 63 908
149 102 629
149 106 132
149 109 672
149 118 911
149 138 901
149 140 407
149 148 562
150 151 990
150 164 504
150 185 271
150 189 982
150 7 139
150 15 295
150 23 605
150 24 766
150 29 99
150 36 252
150 40 266
150 64 634
150 80 728
150 86 0
150 113 868
150 116 346
150 122 221
150 146 989
151 155 411
151 157 371
151 160 183
151 165 991
151 183 689
151 190 573
151 16 733
151 24 869
151 34 105
151 48 141
151 59 376
151 86 785
151 97 570
151 100 373
151 103 944
151 122 285
151 127 518
151 147 801
152 154 796
152 169 884
152 187 33
152 189 873
152 191 67
152 9 137
152 15 260
152 35 110
152 40 723
152 41 606
152 54 295
152 55 396
152 57 389
152 61 546
152 87 421
152 94 79
152 103 826
152 105 933
152 119 448
152 130 256
152 133 487
153 166 878
153 181 510
153 183 276
153 186 575
153 12 563
153 55 194
153 78 311
153 109 546
153 113 59
153 133 558
153 139 111
153 144 977
154 161 376
154 175 891
154 180 894
154 13 889
154 30 837
154 32 96
154 39 537
154 72 164
154 74 178
154 75 682
154 77 780
154 93 450
154 101 49
154 105 573
154 106 766
154 112 219
154 118 150
154 152 769
154 153 41
155 157 897
155 185 740
155 16 826
155 22 83
155 26 247
155 36 467
155 39 171
155 48 807
155 55 131
155 58 955
155 60 927
155 76 504
155 103 165
155 118 445
155 121 607
155 124 489
155 126 252
155 130 805
155 136 285
155 137 723
155 144 53
155 148 262
155 153 610
155 154 128
155 192 106
156 157 216
156 160 125
156 176 402
156 194 686
156 199 485
156 6 387
156 10 693
156 18 973
156 28 363
156 54 608
156 64 143
156 76 176
156 81 406
156 83 123
156 100 650
156 102 764
156 103 976
156 105 581
156 107 196
156 109 600
156 112 507
156 122 377
156 126 299
156 183 300
157 158 104
157 3 112
157 10 671
157 25 37
157 27 832
157 36 919
157 51 252
157 56 422
157 58 543
157 72 349
157 78 490
157 108 452
157 110 405
157 129 179
157 146 990
158 169 43
158 170 855
158 179 391
158 193 686
158 194 605
158 197 401
158 198 674
158 9 908
158 12 558
158 15 922
158 23 903
158 32 1
158 36 914
158 39 937
158 64 276
158 66 583
158 97 674
158 102 240
158 128 543
158 142 21
158 154 707
159 160 941
159 189 567
159 198 394
159 1 664
159 22 536
159 47 158
159 77 692
159 94 38
159 99 677
159 103 274
159 111 366
159 112 715
159 118 457
159 124 30
159 133 346
159 141 772
159 195 326
160 163 309
160 173 547
160 189 260
160 194 991
160 195 708
160 6 829
160 21 231
160 26 690
160 33 130
160 39 597
160 40 676
160 42 203
160 43 745
160 45 369
160 53 463
160 61 307
160 63 683
160 66 251
160 71 137
160 76 340
160 86 140
160 99 65
160 100 370
160 103 192
160 109 0
160 112 760
160 130 860
160 144 985
160 148 78
160 159 929
161 166 754
161 169 140
161 179 228
161 183 897
161 189 399
161 192 232
161 10 253
161 17 338
161 25 15
161 31 843
161 44 531
161 46 26
161 49 883
161 69 368
161 73 54
161 86 444
161 95 60
161 97 500
161 101 203
161 113 413
161 130 963
161 141 856
161 145 720
162 174 72
162 183 706
162 195 884
162 10 723
162 22 909
162 38 991
162 60 235
162 64 355
162 66 539
162 71 594
162 75 160
162 86 652
162 109 342
162 152 176
163 174 159
163 185 585
163 188 249
163 196 456
163 40 228
163 66 966
163 68 771
163 80 957
163 86 359
163 107 68
163 115 949
163 121 537
163 138 973
163 139 845
164 166 140
164 178 835
164 184 224
164 196 659
164 6 702
164 17 819
164 23 760
164 27 508
164 32 29
164 38 640
164 43 776
164 69 837
164 70 815
164 106 509
164 108 303
164 110 99
164 122 617
164 128 698
164 145 150
165 171 770
165 172 452
165 187 215
165 194 685
165 13 664
165 15 754
165 33 491
165 42 349
165 45 639
165 54 456
165 62 125
165 71 327
165 100 400
165 111 685
165 116 368
165 117 49
165 138 190
165 154 92
166 179 267
166 184 570
166 188 383
166 191 104
166 1 625
166 5 575
166 14 158
166 28 328
166 29 743
166 40 16
166 43 636
166 52 720
166 63 186
166 104 408
166 134 373
167 177 827
167 179 466
167 189 984
167 194 824
167 19 45
167 26 858
167 34 924
167 51 863
167 60 239
167 61 799
167 78 536
167 93 902
167 96 563
167 114 79
167 124 639
167 132 540
167 150 728
167 155 395
167 157 412
168 172 586
168 177 935
168 181 334
168 190 991
168 9 467
168 11 949
168 16 566
168 24 423
168 31 656
168 34 187
168 35 648
168 37 429
168 40 814
168 42 393
168 52 195
168 58 895
168 59 733
168 61 972
168 64 751
168 78 571
168 92 369
168 105 748
168 109 174
168 111 357
168 115 636
168 134 578
168 146 313
168 151 435
168 166 987
169 174 278
169 178 519
169 199 332
169 10 217
169 12 248
169 20 272
169 31 724
169 33 972
169 34 541
169 37 362
169 45 666
169 84 885
169 108 51
169 110 706
169 118 93
169 123 607
169 124 845
169 148 638
169 194 866
170 175 152
170 191 582
170 194 205
170 199 206
170 1 583
170 4 387
170 9 693
170 25 425
170 27 129
170 35 837
170 39 6
170 49 768
170 52 37
170 62 688
170 79 83
170 84 424
170 86 882
170 87 194
170 104 666
170 109 699
170 118 163
170 122 429
170 128 7
170 132 6
170 138 248
170 145 364
170 149 433
170 167 841
171 190 709
171 193 750
171 198 491
171 30 327
171 57 757
171 59 905
171 89 542
171 95 982
171 99 906
171 102 237
171 111 610
171 138 952
171 142 868
172 180 227
172 187 666
172 8 131
172 23 88
172 32 387
172 44 11
172 47 886
172 59 427
172 63 852
172 87 502
172 98 274
172 102 718
172 117 901
172 121 377
172 136 420
172 162 931
172 168 903
172 169 532
173 177 788
173 182 968
173 183 473
173 193 789
173 198 72
173 8 615
173 9 15
173 22 657
173 37 742
173 50 353
173 54 230
173 58 511
173 63 958
173 71 121
173 75 995
173 97 912
173 112 924
173 121 57
173 146 314
173 149 892
173 151 325
173 156 503
173 164 640
174 176 616
174 181 762
174 5 892
174 12 520
174 18 429
174 53 600
174 76 108
174 77 240
174 104 181
174 153 524
174 164 530
174 165 597
175 177 518
175 185 413
175 189 144
175 195 965
175 198 302
175 5 505
175 6 613
175 27 209
175 37 936
175 49 690
175 58 573
175 73 361
175 83 196
175 88 944
175 91 979
175 104 313
175 114 569
175 116 429
175 136 53
175 137 40
175 146 518
175 151 828
175 155 240
176 184 989
176 186 551
176 188 519
176 190 616
176 14 855
176 17 336
176 37 91
176 41 232
176 43 921
176 55 511
176 65 399
176 73 714
176 80 822
176 88 61
176 107 302
176 111 663
176 122 35
176 154 410
176 159 194
176 174 330
177 181 799
177 185 660
177 10 552
177 55 355
177 57 732
177 59 49
177 60 367
177 92 643
177 114 385
177 131 205
177 169 223
177 176 652
178 183 771
178 184 704
178 185 563
178 186 441
178 198 318
178 199 598
178 3 649
178 11 194
178 59 545
178 73 609
178 76 628
178 99 457
178 107 863
178 113 376
178 114 754
178 127 446
178 129 894
178 153 774
178 160 268
178 166 970
178 170 270
179 6 890
179 16 795
179 30 692
179 37 761
179 44 428
179 47 375
179 52 603
179 63 14
179 70 255
179 87 83
179 101 342
179 103 875
179 111 260
179 114 761
179 122 192
179 127 421
179 143 741
179 149 462
179 168 769
179 171 595
179 172 186
180 190 371
180 198 674
180 1 950
180 32 61
180 59 445
180 83 447
180 86 233
180 109 516
180 111 811
180 118 231
180 120 786
180 123 563
180 124 690
180 136 739
180 137 255
180 139 156
180 145 182
180 149 373
180 160 395
180 164 269
180 169 786
181 9 927
181 15 348
181 17 373
181 20 597
181 21 287
181 31 424
181 34 162
181 39 359
181 43 788
181 44 63
181 55 312
181 61 380
181 81 514
181 82 770
181 85 913
181 90 898
181 92 875
181 96 390
181 113 402
181 119 179
181 120 528
181 145 885
181 155 946
181 164 658
181 168 243
182 183 644
182 2 514
182 3 567
182 9 106
182 10 168
182 13 20
182 29 890
182 35 543
182 36 531
182 49 748
182 57 432
182 75 325
182 88 116
182 90 331
182 96 367
182 101 911
182 104 638
182 137 738
182 141 412
182 157 478
182 158 434
182 186 54
183 193 961
183 195 560
183 0 627
183 22 579
183 26 731
183 40 858
183 60 348
183 67 539
183 86 685
183 97 499
183 121 595
183 130 228
183 135 914
183 154 193
183 175 136
183 181 845
184 9 934
184 12 950
184 16 736
184 19 653
184 37 496
184 48 470
184 71 219
184 74 409
184 77 484
184 85 61
184 90 303
184 92 662
184 107 698
184 113 319
184 117 841
184 138 734
184 154 958
184 179 199
184 181 549
184 183 948
185 199 308
185 4 174
185 5 129
185 25 166
185 28 664
185 37 663
185 38 442
185 58 625
185 82 890
185 119 27
185 122 927
185 125 385
185 127 541
185 128 708
185 148 742
185 169 863
185 176 804
185 184 239
186 193 242
186 5 121
186 18 352
186 58 394
186 79 514
186 105 592
186 108 791
186 109 581
186 112 756
186 166 69
186 175 874
186 183 470
187 0 954
187 6 842
187 11 96
187 12 674
187 17 366
187 18 113
187 39 534
187 49 379
187 50 171
187 80 219
187 89 605
187 92 437
187 98 646
187 104 372
187 127 464
187 135 831
187 138 900
187 148 494
187 174 247
187 182 626
187 190 450
188 17 643
188 18 658
188 32 703
188 45 372
188 48 227
188 50 238
188 57 849
188 73 578
188 80 933
188 85 467
188 88 602
188 92 582
188 100 806
188 134 230
188 163 950
189 190 390
189 192 46
189 10 266
189 21 180
189 32 231
189 42 668
189 96 137
189 111 482
189 167 781
189 178 540
190 2 254
190 15 30
190 16 947
190 20 230
190 37 903
190 41 363
190 57 942
190 66 718
190 68 576
190 75 306
190 82 497
190 85 711
190 88 257
190 102 113
190 118 425
190 127 116
190 137 672
190 169 780
191 6 754
191 25 708
191 41 679
191 42 20
191 43 650
191 44 875
191 47 350
191 50 157
191 59 51
191 65 166
191 67 208
191 70 760
191 84 371
191 86 836
191 125 646
191 153 502
191 161 273
191 166 450
191 169 904
191 174 235
191 180 726
192 197 466
192 20 850
192 26 981
192 32 395
192 60 487
192 64 503
192 78 663
192 80 30
192 95 512
192 103 269
192 106 641
192 115 181
192 123 206
192 124 354
192 130 132
192 147 47
192 149 498
192 159 210
192 164 838
192 176 756
192 178 469
193 26 370
193 42 451
193 62 629
193 71 740
193 74 87
193 83 571
193 85 916
193 93 759
193 95 863
193 103 98
193 111 247
193 112 275
193 137 526
193 150 64
193 154 923
193 155 767
193 167 988
193 169 696
193 190 383
194 199 106
194 1 481
194 6 160
194 7 17
194 13 991
194 25 367
194 49 66
194 51 818
194 66 838
194 73 680
194 90 768
194 92 754
194 101 160
194 114 524
194 140 983
194 142 696
194 148 317
194 155 139
194 160 82
194 165 567
194 178 294
195 8 813
195 24 150
195 67 155
195 68 563
195 81 540
195 95 389
195 100 73
195 105 219
195 109 652
195 116 882
195 128 764
195 143 504
195 153 43
195 156 985
195 164 849
195 188 351
196 10 621
196 17 180
196 27 114
196 33 168
196 35 378
196 41 84
196 44 993
196 49 724
196 63 236
196 69 812
196 80 413
196 88 672
196 92 926
196 102 424
196 109 411
196 111 966
196 112 235
196 120 802
196 139 99
196 142 147
196 146 991
196 149 136
196 162 559
196 163 181
196 178 356
196 182 879
196 183 478
197 4 856
197 15 756
197 21 208
197 26 296
197 38 907
197 50 765
197 59 551
197 65 935
197 77 226
197 87 950
197 94 111
197 99 550
197 103 976
197 110 181
197 115 103
197 146 441
197 177 344
197 181 939
197 191 73
197 195 793
198 17 933
198 19 382
198 21 772
198 51 32
198 56 928
198 88 602
198 92 360
198 104 420
198 111 406
198 116 434
198 138 648
198 145 449
198 168 411
198 175 362
198 179 296
198 180 462
198 190 923
199 14 319
199 25 382
199 30 194
199 34 580
199 36 344
199 56 370
199 59 135
199 61 616
199 69 67
199 70 789
199 73 791
199 75 135
199 96 936
199 99 348
199 136 416
199 140 289
199 141 448
199 157 817
