300 6292 0
0 1 111
0 25 730
0 27 330
0 32 589
0 33 400
0 38 16
0 52 752
0 54 676
0 60 176
0 65 298
0 70 516
0 72 885
0 77 946
0 86 174
0 95 930
0 143 124
0 151 75
0 182 993
0 191 247
0 209 151
0 221 697
0 242 896
0 264 240
0 272 356
0 286 920
0 288 279
0 295 131
0 3 119
0 6 844
0 10 441
0 21 54
0 37 324
0 43 770
0 164 236
1 14 608
1 22 33
1 29 379
1 30 638
1 51 754
1 53 482
1 58 398
1 86 282
1 107 976
1 114 379
1 127 829
1 134 404
1 159 764
1 160 71
1 161 618
1 176 444
1 183 796
1 192 673
1 204 654
1 221 855
1 274 485
1 295 262
1 2 142
1 25 632
1 96 925
1 200 553
1 231 601
2 24 1000
2 29 841
2 53 470
2 56 266
2 90 101
2 120 878
2 133 831
2 141 324
2 145 149
2 164 610
2 169 769
2 174 239
2 177 926
2 185 691
2 197 601
2 199 470
2 202 967
2 214 196
2 215 869
2 226 91
2 265 702
2 269 699
2 281 618
2 293 66
2 4 893
2 5 63
2 9 473
2 14 245
2 102 608
2 219 467
3 14 222
3 16 130
3 27 188
3 35 154
3 49 526
3 50 592
3 66 361
3 94 785
3 97 259
3 102 545
3 103 617
3 119 416
3 144 7
3 155 263
3 158 200
3 169 186
3 176 840
3 187 334
3 193 938
3 206 435
3 221 735
3 222 387
3 223 658
3 237 17
3 274 568
3 7 399
3 8 924
3 22 487
3 28 93
3 69 885
3 204 444
3 291 687
4 21 545
4 40 694
4 77 197
4 99 472
4 111 650
4 123 512
4 149 744
4 151 745
4 164 718
4 165 181
4 173 215
4 177 363
4 187 926
4 190 513
4 203 684
4 204 873
4 226 411
4 250 46
4 265 948
4 273 351
4 290 148
4 295 905
4 17 975
4 27 760
4 31 177
4 39 766
4 145 481
4 222 710
5 6 833
5 12 557
5 52 664
5 53 60
5 59 33
5 72 257
5 73 183
5 80 649
5 108 545
5 129 398
5 131 337
5 154 675
5 200 750
5 205 402
5 219 523
5 228 340
5 229 652
5 244 414
5 291 522
5 297 148
5 298 713
5 13 28
5 20 461
5 36 451
5 77 250
5 84 963
6 50 339
6 99 319
6 103 113
6 117 420
6 125 39
6 143 41
6 148 955
6 152 292
6 197 429
6 209 128
6 215 473
6 221 336
6 230 28
6 231 26
6 232 8
6 234 385
6 249 689
6 254 497
6 299 353
6 11 712
6 19 978
6 116 589
7 8 179
7 11 818
7 12 705
7 33 367
7 42 262
7 85 688
7 99 307
7 103 672
7 120 800
7 124 850
7 130 103
7 133 609
7 136 104
7 157 903
7 171 163
7 172 439
7 208 906
7 211 636
7 217 445
7 239 708
7 280 76
8 29 583
8 34 197
8 38 940
8 75 227
8 94 840
8 104 857
8 124 390
8 143 669
8 146 738
8 149 746
8 165 66
8 213 674
8 236 539
8 245 792
8 278 128
8 283 705
8 12 289
8 63 757
8 161 128
9 54 440
9 63 678
9 64 95
9 72 86
9 91 676
9 93 470
9 97 972
9 98 864
9 104 948
9 117 150
9 148 339
9 163 84
9 214 82
9 256 514
9 279 816
9 283 726
9 287 451
9 3 163
10 13 986
10 31 864
10 35 407
10 50 523
10 70 55
10 100 530
10 111 971
10 125 443
10 129 582
10 150 845
10 151 406
10 159 915
10 169 51
10 191 980
10 199 214
10 237 130
10 239 749
10 242 229
10 244 331
10 261 264
10 276 515
10 283 201
10 80 588
10 107 772
10 118 113
10 147 781
10 250 42
10 272 862
11 27 192
11 38 92
11 48 123
11 55 184
11 94 625
11 101 223
11 149 303
11 156 767
11 214 286
11 232 967
11 243 265
11 257 619
11 258 331
11 281 961
11 289 42
11 6 414
11 7 7
11 18 590
11 90 573
11 104 280
12 56 985
12 85 806
12 88 201
12 105 504
12 120 741
12 160 309
12 180 271
12 215 321
12 292 902
12 293 445
12 294 170
12 4 677
12 15 299
12 42 956
12 50 655
12 75 994
12 79 160
12 99 736
13 19 572
13 25 507
13 27 425
13 48 869
13 118 989
13 140 774
13 143 85
13 166 466
13 179 209
13 192 498
13 201 718
13 214 177
13 216 236
13 219 77
13 234 27
13 252 513
13 257 308
13 266 8
13 272 292
13 280 888
13 294 540
13 298 716
13 47 888
14 18 700
14 19 106
14 33 746
14 36 51
14 42 968
14 68 394
14 118 715
14 169 754
14 216 578
14 219 757
14 220 477
14 260 934
14 285 720
14 288 513
14 8 840
14 10 395
14 16 626
14 262 6
15 16 715
15 48 648
15 57 68
15 75 113
15 91 452
15 134 85
15 140 502
15 167 979
15 186 241
15 192 932
15 221 75
15 233 414
15 253 522
15 264 469
15 265 984
15 269 813
15 270 264
15 279 805
15 286 928
15 292 103
15 298 656
15 4 708
15 55 777
15 115 485
15 133 99
15 259 283
16 21 887
16 29 392
16 36 460
16 58 893
16 62 159
16 90 150
16 110 211
16 129 845
16 149 856
16 156 546
16 174 342
16 192 648
16 197 956
16 201 978
16 202 123
16 241 678
16 258 415
16 261 626
16 282 168
16 5 19
16 15 478
16 106 170
16 286 962
17 35 840
17 42 106
17 50 579
17 54 343
17 60 751
17 61 558
17 84 372
17 92 369
17 129 500
17 147 180
17 161 188
17 165 506
17 168 83
17 180 505
17 205 93
17 227 311
17 235 87
17 254 401
17 256 977
17 277 1000
17 278 565
17 16 678
17 26 225
18 36 816
18 52 709
18 53 285
18 96 515
18 136 223
18 165 548
18 166 508
18 167 680
18 200 505
18 205 728
18 214 449
18 244 564
18 247 605
18 254 715
18 277 745
18 7 425
19 25 169
19 33 717
19 40 760
19 46 111
19 47 264
19 56 804
19 58 413
19 99 28
19 101 132
19 115 149
19 122 112
19 156 703
19 161 255
19 181 781
19 202 276
19 211 366
19 216 831
19 229 381
19 240 134
19 276 334
19 2 838
19 7 954
19 14 630
19 51 522
20 28 311
20 29 33
20 37 204
20 48 685
20 64 834
20 88 863
20 104 560
20 109 741
20 179 118
20 181 559
20 192 599
20 195 196
20 244 247
20 253 128
20 257 905
20 281 938
20 4 51
20 14 694
20 24 83
20 54 85
20 173 893
20 275 369
21 22 869
21 24 60
21 49 116
21 58 37
21 62 624
21 69 819
21 72 52
21 77 946
21 102 144
21 112 535
21 125 86
21 147 235
21 148 145
21 163 278
21 174 632
21 193 12
21 198 791
21 222 903
21 223 170
21 289 455
21 294 545
21 296 839
21 10 894
21 18 738
21 38 311
22 24 167
22 27 466
22 85 944
22 108 198
22 129 545
22 137 763
22 154 861
22 173 532
22 175 312
22 230 838
22 231 585
22 245 384
22 252 24
22 284 884
22 288 950
22 292 714
22 18 554
22 23 101
22 35 840
22 89 981
22 191 841
23 75 348
23 81 420
23 129 580
23 154 150
23 174 327
23 196 842
23 204 724
23 212 759
23 220 476
23 222 501
23 226 362
23 230 524
23 237 367
23 242 15
23 244 172
23 261 304
23 263 110
23 283 427
23 299 247
23 7 922
23 20 254
23 103 586
24 67 142
24 76 621
24 82 485
24 95 811
24 102 648
24 114 175
24 141 667
24 148 654
24 169 960
24 171 658
24 191 862
24 208 305
24 211 608
24 223 104
24 243 661
24 257 454
24 262 370
24 296 407
24 297 787
24 0 723
24 10 426
24 34 536
24 52 992
24 72 437
25 56 795
25 72 412
25 93 927
25 99 60
25 116 505
25 163 845
25 194 459
25 207 527
25 212 270
25 220 865
25 221 456
25 222 368
25 228 864
25 234 699
25 282 345
25 295 17
25 21 15
25 24 36
25 76 756
25 78 271
25 179 929
26 38 650
26 48 28
26 49 51
26 55 527
26 126 672
26 128 655
26 135 585
26 138 679
26 145 443
26 162 107
26 188 798
26 199 916
26 201 990
26 215 276
26 232 781
26 255 473
26 16 63
26 30 234
26 33 954
26 92 936
27 35 136
27 47 298
27 89 448
27 96 101
27 104 597
27 118 761
27 119 163
27 155 856
27 157 170
27 164 567
27 185 403
27 191 155
27 192 948
27 249 990
27 255 448
27 278 771
27 293 776
27 19 42
27 32 620
27 48 413
27 93 508
28 45 8
28 48 894
28 54 681
28 78 621
28 109 257
28 112 655
28 131 650
28 135 715
28 182 412
28 183 51
28 185 490
28 195 208
28 201 508
28 249 815
28 297 457
28 4 813
28 21 900
28 132 675
28 228 646
28 257 746
29 53 363
29 66 916
29 69 858
29 70 388
29 80 642
29 81 722
29 84 350
29 85 511
29 92 910
29 133 48
29 177 350
29 185 558
29 203 323
29 220 437
29 261 359
29 266 682
29 288 138
29 295 585
29 17 155
29 82 711
29 188 353
29 240 254
30 50 472
30 65 893
30 72 184
30 92 582
30 99 482
30 107 891
30 122 780
30 128 682
30 150 10
30 160 435
30 200 586
30 211 209
30 232 498
30 239 65
30 245 911
30 248 828
30 251 898
30 252 394
30 268 840
30 277 486
30 284 133
30 297 315
30 12 38
30 23 752
30 24 391
30 26 259
30 53 545
31 44 328
31 52 369
31 81 112
31 83 551
31 128 977
31 139 349
31 140 426
31 141 604
31 155 134
31 156 598
31 186 4
31 189 322
31 193 242
31 197 48
31 228 758
31 244 413
31 255 60
31 260 353
31 281 943
31 291 238
31 1 266
31 4 674
31 6 226
31 16 176
31 21 110
32 72 621
32 119 109
32 120 642
32 136 48
32 150 213
32 152 408
32 157 91
32 165 309
32 180 41
32 261 268
32 280 940
32 282 416
32 285 874
32 291 235
32 297 821
32 299 872
32 20 958
32 49 943
32 208 993
32 218 75
33 50 917
33 88 701
33 101 869
33 106 443
33 107 884
33 122 313
33 130 783
33 138 996
33 142 588
33 155 637
33 188 386
33 189 384
33 191 303
33 215 876
33 236 797
33 241 17
33 243 404
33 247 662
33 251 528
33 259 878
33 5 692
33 12 735
34 59 259
34 76 273
34 85 101
34 90 931
34 115 636
34 141 283
34 155 99
34 173 856
34 176 246
34 201 384
34 204 582
34 221 834
34 231 353
34 243 566
34 249 1
34 254 932
34 256 946
34 271 143
34 274 710
34 284 370
34 296 763
34 6 360
34 9 229
34 45 95
34 98 770
35 37 34
35 42 768
35 43 354
35 63 734
35 75 628
35 76 106
35 95 974
35 101 890
35 121 801
35 122 831
35 153 960
35 158 113
35 172 374
35 180 383
35 222 760
35 228 478
35 234 581
35 246 342
35 249 511
35 2 704
35 269 681
36 49 778
36 76 70
36 85 34
36 94 767
36 96 707
36 121 897
36 124 737
36 162 101
36 167 340
36 181 35
36 225 358
36 264 849
36 267 104
36 272 258
36 290 993
36 295 252
36 299 701
36 2 297
36 3 579
36 108 750
36 201 290
36 227 321
37 47 567
37 57 746
37 68 973
37 100 194
37 124 717
37 152 52
37 159 542
37 165 277
37 169 628
37 229 959
37 238 97
37 239 481
37 263 120
37 281 914
37 283 497
37 284 716
37 285 891
37 289 473
37 291 372
37 18 236
37 23 93
37 177 384
38 68 124
38 69 277
38 86 241
38 156 991
38 159 628
38 168 502
38 170 758
38 183 359
38 189 334
38 207 785
38 244 850
38 247 623
38 249 431
38 269 124
38 292 308
38 298 741
38 15 85
38 41 673
39 50 387
39 51 747
39 53 787
39 55 101
39 81 716
39 100 548
39 120 350
39 126 249
39 128 55
39 148 790
39 149 287
39 150 846
39 152 283
39 162 570
39 166 347
39 168 769
39 171 375
39 190 976
39 197 525
39 217 421
39 247 242
39 255 18
39 271 81
39 37 394
39 91 314
39 142 951
39 159 726
39 210 647
39 239 606
40 41 8
40 42 591
40 43 730
40 51 180
40 118 22
40 120 509
40 121 139
40 124 55
40 175 964
40 176 628
40 192 771
40 194 814
40 239 617
40 244 252
40 253 518
40 268 220
40 290 881
40 294 636
40 2 853
40 14 814
40 34 222
40 46 257
41 44 333
41 47 567
41 49 251
41 82 435
41 122 72
41 123 412
41 132 277
41 142 879
41 180 360
41 188 177
41 194 525
41 260 931
41 272 268
41 58 985
41 67 906
42 85 582
42 91 287
42 104 195
42 119 170
42 123 119
42 151 18
42 157 657
42 166 813
42 189 740
42 285 819
42 8 216
42 9 144
42 15 739
42 62 676
42 206 521
43 107 9
43 108 893
43 127 614
43 143 102
43 148 242
43 166 125
43 183 144
43 193 773
43 194 36
43 211 492
43 225 388
43 236 116
43 271 517
43 295 894
43 299 140
43 4 876
43 41 775
43 42 21
43 44 746
43 61 675
43 68 732
44 48 723
44 52 668
44 63 410
44 95 568
44 176 258
44 195 195
44 199 952
44 202 502
44 205 677
44 213 283
44 247 935
44 259 224
44 19 86
44 23 423
44 71 846
45 64 593
45 67 218
45 84 890
45 91 113
45 98 776
45 112 996
45 130 631
45 131 884
45 147 444
45 148 229
45 150 557
45 184 264
45 188 970
45 206 2
45 207 396
45 211 367
45 213 420
45 227 189
45 246 433
45 257 615
45 30 626
45 32 991
45 36 373
46 83 509
46 93 473
46 141 729
46 143 339
46 168 140
46 173 600
46 183 395
46 184 711
46 199 926
46 202 171
46 257 501
46 264 861
46 278 621
46 285 744
46 2 406
46 19 958
46 101 234
46 158 984
47 48 721
47 53 474
47 56 802
47 96 276
47 118 490
47 127 817
47 148 314
47 151 400
47 156 121
47 206 896
47 234 841
47 244 75
47 247 129
47 262 972
47 288 421
47 4 500
47 10 834
47 43 870
47 217 445
48 64 446
48 71 506
48 73 364
48 96 243
48 107 892
48 125 572
48 136 934
48 142 182
48 152 21
48 157 655
48 174 178
48 181 539
48 216 339
48 226 665
48 231 399
48 242 91
48 244 580
48 253 640
48 256 740
48 261 842
48 263 496
48 267 17
48 274 390
48 290 336
48 23 963
49 60 284
49 80 87
49 101 580
49 106 147
49 115 394
49 117 589
49 120 210
49 123 255
49 132 542
49 171 968
49 192 344
49 201 227
49 213 346
49 246 330
49 264 147
49 298 331
49 299 573
49 23 355
49 40 771
49 43 252
49 57 280
49 59 705
49 66 900
50 70 516
50 83 776
50 88 304
50 118 642
50 123 185
50 159 123
50 167 206
50 196 360
50 231 853
50 236 99
50 250 503
50 259 922
50 289 888
50 13 286
50 26 142
50 30 982
50 36 180
50 39 796
50 117 992
51 52 517
51 63 715
51 68 458
51 72 162
51 137 567
51 142 593
51 143 677
51 165 745
51 175 874
51 200 948
51 206 384
51 210 415
51 240 929
51 261 808
51 264 462
51 268 981
51 11 276
51 16 397
51 23 700
52 56 542
52 87 965
52 105 765
52 114 833
52 159 285
52 160 509
52 176 138
52 189 430
52 213 4
52 219 631
52 226 862
52 235 988
52 25 384
52 35 382
52 36 371
52 40 433
52 163 54
52 224 30
53 98 690
53 103 300
53 123 463
53 141 460
53 148 676
53 169 497
53 173 410
53 177 926
53 202 114
53 205 605
53 217 120
53 233 1
53 281 55
53 285 15
53 287 666
53 14 525
53 23 748
53 25 788
53 64 480
53 170 332
53 212 933
53 254 499
54 55 735
54 56 544
54 65 827
54 79 720
54 92 783
54 102 134
54 121 146
54 142 911
54 147 535
54 153 960
54 160 720
54 179 875
54 199 927
54 209 64
54 227 460
54 233 903
54 247 992
54 250 160
54 254 729
54 273 69
54 275 953
54 276 916
54 286 115
54 3 828
54 40 607
54 94 569
54 143 841
55 73 803
55 128 227
55 130 777
55 135 606
55 157 146
55 176 70
55 185 245
55 188 204
55 196 403
55 203 298
55 238 861
55 239 796
55 247 760
55 259 853
55 278 945
55 285 77
55 1 35
55 44 748
55 54 575
55 60 853
55 112 4
56 95 358
56 116 545
56 130 923
56 139 79
56 141 620
56 156 551
56 179 185
56 219 295
56 222 432
56 232 218
56 254 15
56 263 432
56 13 384
56 25 73
56 41 164
56 44 208
56 73 494
57 74 650
57 85 154
57 95 721
57 117 33
57 120 791
57 121 747
57 143 738
57 162 759
57 171 658
57 188 941
57 219 734
57 243 605
57 253 832
57 254 895
57 258 754
57 260 853
57 262 454
57 263 486
57 12 675
57 34 638
57 44 648
57 109 746
58 78 726
58 90 631
58 128 835
58 137 824
58 151 591
58 165 969
58 183 379
58 196 695
58 208 330
58 219 713
58 235 243
58 264 360
58 266 300
58 268 72
58 292 891
58 294 496
58 27 114
58 81 332
58 87 552
59 73 494
59 111 586
59 167 236
59 181 890
59 188 354
59 189 937
59 193 670
59 196 434
59 209 501
59 214 872
59 229 871
59 244 313
59 260 552
59 286 367
59 287 709
59 290 203
59 5 962
59 13 370
59 34 648
60 78 715
60 131 662
60 163 70
60 192 186
60 197 807
60 202 918
60 229 436
60 248 210
60 258 828
60 260 388
60 267 834
60 275 192
60 279 951
60 0 163
60 29 92
60 41 835
60 50 748
60 178 888
60 225 286
61 70 12
61 107 25
61 118 953
61 183 367
61 187 954
61 190 137
61 192 815
61 200 334
61 205 200
61 226 818
61 233 322
61 249 40
61 257 1000
61 266 63
61 271 476
61 282 257
61 1 823
61 5 743
61 35 69
61 53 949
61 182 385
61 293 592
62 81 555
62 84 383
62 94 963
62 98 490
62 116 917
62 140 442
62 186 173
62 194 580
62 198 691
62 253 965
62 281 943
62 285 413
62 289 663
62 7 103
62 11 97
62 18 69
62 29 228
62 48 169
62 54 536
62 57 606
62 74 551
63 84 538
63 108 689
63 120 192
63 129 936
63 133 262
63 210 691
63 254 525
63 268 796
63 293 815
63 294 60
63 0 448
63 4 432
63 15 680
63 22 763
63 44 616
63 65 878
63 155 946
64 71 558
64 87 998
64 93 613
64 99 868
64 114 580
64 127 963
64 132 316
64 163 462
64 164 736
64 166 465
64 212 624
64 246 76
64 251 415
64 253 690
64 262 899
64 263 593
64 267 864
64 28 554
64 29 687
64 38 863
64 59 643
64 62 45
64 154 150
64 244 499
64 295 336
65 106 809
65 124 740
65 134 398
65 188 426
65 204 194
65 239 915
65 242 180
65 259 517
65 263 110
65 290 902
65 297 158
65 29 569
65 34 996
65 44 370
65 45 449
65 70 844
66 75 960
66 79 377
66 107 939
66 133 494
66 147 547
66 159 533
66 172 926
66 185 702
66 189 261
66 206 559
66 243 1
66 251 882
66 280 493
66 57 938
66 64 559
66 131 63
66 146 974
67 73 738
67 90 505
67 137 267
67 145 665
67 155 94
67 186 103
67 198 306
67 214 894
67 231 656
67 241 636
67 270 83
67 8 25
67 19 183
67 46 908
68 73 550
68 115 627
68 181 499
68 185 377
68 196 885
68 200 644
68 218 303
68 267 687
68 5 143
68 8 472
68 20 449
68 21 625
68 31 806
68 46 738
68 48 194
69 83 662
69 88 599
69 90 445
69 108 869
69 138 957
69 174 129
69 187 810
69 188 622
69 223 24
69 237 436
69 254 555
69 262 357
69 263 145
69 265 39
69 267 517
69 270 617
69 9 608
69 12 965
69 15 158
69 20 193
69 44 896
69 193 769
70 80 688
70 108 175
70 129 210
70 130 443
70 165 765
70 174 314
70 181 795
70 198 867
70 238 114
70 248 47
70 297 948
70 5 219
70 16 841
70 29 128
70 85 233
71 90 658
71 101 649
71 102 559
71 123 880
71 153 964
71 154 790
71 184 724
71 213 537
71 231 257
71 245 565
71 251 185
71 271 566
71 283 241
71 8 464
71 11 213
71 27 25
71 242 61
72 89 779
72 115 722
72 134 227
72 158 975
72 161 706
72 167 936
72 173 540
72 185 797
72 198 900
72 229 744
72 231 577
72 276 544
72 292 525
72 1 133
72 13 659
72 16 962
72 35 836
72 49 466
72 60 820
72 69 297
72 95 840
73 79 461
73 107 287
73 112 340
73 115 858
73 155 251
73 161 86
73 163 14
73 169 539
73 177 710
73 193 561
73 197 558
73 201 381
73 208 582
73 219 166
73 229 752
73 257 947
73 260 246
73 271 790
73 291 420
73 292 57
73 1 42
73 6 386
73 20 884
73 51 433
73 53 769
74 92 916
74 125 505
74 133 915
74 150 219
74 155 407
74 200 467
74 203 611
74 212 364
74 235 163
74 244 916
74 289 424
74 15 750
74 51 976
74 68 395
74 86 906
74 126 413
74 138 490
75 76 81
75 80 193
75 100 444
75 165 392
75 166 861
75 191 212
75 205 853
75 211 927
75 215 110
75 226 5
75 227 304
75 229 634
75 244 878
75 270 527
75 28 468
75 36 887
75 37 545
75 39 948
75 58 493
75 67 583
75 113 785
75 189 447
76 95 878
76 100 916
76 106 210
76 118 618
76 130 867
76 171 36
76 173 351
76 175 999
76 179 478
76 231 974
76 246 191
76 257 103
76 290 953
76 293 489
76 8 625
76 21 829
76 63 265
76 74 805
76 128 49
77 83 808
77 87 749
77 99 587
77 111 159
77 125 350
77 131 710
77 175 917
77 181 623
77 182 181
77 188 693
77 189 222
77 198 391
77 228 224
77 240 475
77 242 668
77 244 666
77 258 172
77 274 532
77 275 185
77 295 58
77 10 518
77 16 106
77 17 480
77 36 0
77 41 661
77 51 998
77 59 977
77 88 504
77 135 878
78 87 202
78 96 930
78 109 61
78 124 647
78 127 506
78 130 386
78 131 58
78 152 676
78 153 396
78 160 868
78 167 149
78 200 683
78 215 300
78 217 79
78 220 523
78 230 305
78 232 620
78 261 911
78 268 57
78 285 950
78 16 882
78 49 559
78 59 439
78 65 945
78 71 111
78 75 881
78 139 853
79 98 388
79 107 419
79 119 65
79 165 71
79 166 401
79 186 230
79 207 494
79 227 811
79 231 930
79 250 371
79 261 237
79 277 389
79 278 251
79 288 140
79 293 348
79 26 633
79 28 485
79 34 912
79 43 341
79 58 76
79 76 253
79 181 731
80 99 878
80 107 466
80 133 914
80 158 649
80 185 650
80 210 746
80 215 845
80 221 844
80 229 567
80 251 44
80 279 921
80 295 261
80 299 270
80 2 356
80 13 64
80 45 834
80 56 151
80 58 386
80 156 34
81 108 906
81 130 486
81 140 73
81 148 687
81 184 498
81 197 135
81 224 854
81 230 251
81 242 940
81 265 622
81 287 948
81 4 317
81 17 87
81 27 358
81 41 606
81 42 510
81 58 95
81 77 327
82 83 6
82 89 777
82 114 497
82 143 451
82 144 943
82 165 729
82 175 777
82 185 1
82 191 881
82 215 839
82 223 491
82 229 576
82 256 803
82 259 943
82 262 701
82 266 881
82 272 947
82 276 497
82 295 424
82 299 535
82 149 971
82 152 520
82 180 419
82 211 913
83 89 139
83 98 349
83 110 387
83 115 402
83 117 845
83 122 827
83 158 502
83 162 744
83 167 339
83 176 74
83 189 719
83 200 579
83 205 190
83 222 596
83 231 781
83 242 863
83 297 869
83 3 487
83 14 384
83 42 550
83 45 762
83 130 685
83 266 361
84 92 128
84 97 492
84 143 571
84 148 325
84 154 510
84 163 108
84 165 925
84 166 688
84 170 117
84 212 117
84 213 942
84 224 571
84 229 724
84 238 97
84 240 737
84 246 895
84 257 138
84 296 828
84 14 310
84 23 276
84 30 865
84 48 906
84 80 320
84 125 136
85 93 478
85 116 11
85 119 786
85 146 508
85 151 235
85 164 300
85 176 699
85 233 744
85 234 264
85 267 214
85 275 590
85 293 182
85 4 24
85 50 975
85 71 977
85 277 302
86 91 734
86 107 966
86 108 698
86 111 554
86 132 30
86 151 90
86 159 109
86 160 442
86 165 362
86 183 85
86 217 892
86 238 458
86 258 474
86 287 632
86 298 704
86 3 558
86 5 902
86 31 592
86 62 570
86 68 594
86 162 466
87 107 586
87 108 157
87 175 506
87 176 282
87 194 450
87 206 256
87 213 150
87 232 701
87 278 38
87 4 945
87 8 162
87 20 244
87 32 228
87 42 936
87 79 52
88 98 0
88 101 766
88 129 718
88 175 209
88 185 781
88 209 739
88 214 648
88 215 237
88 233 10
88 239 769
88 253 834
88 291 1
88 293 221
88 10 77
88 17 65
88 52 249
88 97 899
89 102 171
89 113 728
89 120 217
89 150 474
89 155 9
89 163 258
89 180 452
89 206 370
89 209 886
89 240 571
89 249 612
89 268 657
89 280 735
89 289 405
89 3 976
89 24 544
89 75 653
89 88 486
89 105 692
89 127 865
90 94 51
90 110 851
90 124 51
90 134 668
90 167 959
90 173 985
90 174 17
90 178 28
90 192 128
90 219 462
90 232 175
90 242 885
90 249 17
90 257 717
90 267 53
90 291 886
90 294 724
90 295 846
90 49 911
90 51 86
90 64 377
90 66 173
90 67 737
90 76 245
90 83 586
90 111 258
90 123 427
90 223 938
91 104 279
91 144 973
91 149 40
91 150 720
91 183 672
91 185 364
91 191 207
91 198 539
91 221 767
91 244 367
91 252 840
91 254 692
91 1 476
91 2 475
91 5 600
91 16 678
91 32 671
91 42 961
91 49 689
91 60 650
91 66 586
91 87 556
92 104 477
92 113 449
92 119 356
92 127 315
92 150 550
92 154 266
92 176 675
92 181 119
92 201 196
92 208 316
92 218 391
92 230 490
92 237 697
92 238 339
92 247 697
92 261 817
92 263 528
92 272 335
92 278 894
92 286 508
92 296 746
92 8 852
92 10 89
92 14 737
92 17 418
92 19 916
92 21 918
92 25 475
92 31 926
92 36 448
92 58 472
92 66 867
92 77 628
93 96 174
93 131 637
93 132 661
93 154 135
93 165 916
93 170 103
93 256 541
93 268 225
93 27 93
93 45 889
93 46 843
93 51 171
93 52 168
93 67 471
94 128 355
94 131 839
94 144 780
94 148 199
94 169 852
94 184 711
94 263 571
94 267 951
94 275 556
94 287 756
94 290 311
94 8 186
94 17 917
94 47 579
94 89 923
95 101 686
95 112 162
95 119 365
95 152 57
95 171 49
95 176 250
95 191 841
95 193 480
95 204 226
95 239 347
95 294 853
95 297 585
95 1 734
95 4 274
95 10 351
95 19 906
95 28 24
95 31 404
95 41 572
95 43 187
95 51 212
95 79 834
95 92 787
95 93 90
95 268 554
96 105 474
96 127 328
96 156 43
96 158 11
96 161 425
96 171 258
96 174 152
96 194 625
96 200 240
96 210 0
96 220 735
96 246 674
96 267 214
96 278 981
96 286 730
96 3 135
96 13 695
96 23 544
96 36 390
96 91 842
96 290 804
97 108 664
97 109 307
97 117 325
97 119 723
97 122 703
97 149 343
97 150 353
97 152 247
97 185 82
97 219 496
97 229 50
97 257 761
97 260 342
97 282 464
97 290 614
97 3 660
97 27 931
97 96 823
97 114 113
97 192 293
97 197 448
98 104 50
98 109 982
98 111 30
98 123 862
98 125 728
98 134 484
98 135 150
98 188 104
98 208 237
98 224 772
98 253 575
98 269 19
98 270 409
98 295 731
98 61 718
98 144 693
99 106 131
99 115 933
99 117 215
99 141 336
99 180 310
99 184 765
99 190 672
99 198 788
99 200 287
99 208 408
99 238 990
99 259 273
99 260 854
99 297 305
99 10 394
99 11 389
99 19 402
99 52 287
99 57 175
99 59 293
99 64 899
99 66 642
99 74 616
99 76 966
99 85 540
99 90 450
99 92 398
100 102 694
100 109 569
100 125 63
100 136 272
100 184 122
100 197 949
100 201 184
100 205 694
100 207 642
100 228 22
100 234 175
100 246 829
100 266 895
100 283 441
100 299 740
100 33 509
100 47 98
100 66 390
100 92 698
100 110 827
100 151 434
101 124 178
101 155 991
101 166 768
101 183 649
101 184 254
101 194 338
101 209 854
101 213 476
101 218 589
101 238 526
101 265 11
101 290 649
101 293 416
101 2 374
101 33 548
101 92 418
101 97 32
101 172 370
102 144 172
102 166 107
102 173 675
102 205 406
102 224 168
102 240 235
102 254 787
102 258 849
102 259 309
102 263 93
102 283 126
102 296 902
102 9 120
102 10 895
102 11 941
102 40 806
102 55 43
102 76 956
102 94 379
102 100 823
102 251 235
103 105 18
103 111 493
103 119 523
103 141 965
103 143 906
103 150 522
103 161 270
103 164 364
103 184 634
103 206 3
103 208 655
103 231 12
103 233 316
103 262 365
103 272 249
103 284 832
103 285 378
103 1 81
103 17 638
103 33 227
103 71 629
103 87 819
103 88 103
103 99 243
103 166 540
104 109 633
104 117 468
104 123 878
104 128 519
104 133 914
104 142 597
104 174 920
104 209 531
104 246 828
104 249 402
104 253 2
104 5 963
104 8 892
104 31 983
104 33 655
104 96 557
104 124 596
104 186 201
104 216 263
104 279 482
105 178 911
105 185 390
105 186 349
105 209 884
105 217 771
105 240 684
105 275 79
105 13 521
105 15 349
105 24 835
105 25 543
105 46 42
105 65 198
105 66 928
105 81 408
105 95 527
105 97 659
105 141 827
106 112 53
106 124 701
106 157 465
106 158 318
106 169 621
106 184 223
106 193 516
106 204 583
106 213 76
106 221 72
106 223 610
106 229 995
106 230 555
106 241 115
106 249 592
106 273 1000
106 279 853
106 292 984
106 0 352
106 18 1000
106 51 290
106 81 289
106 85 275
106 90 335
106 95 224
106 120 132
107 128 617
107 134 815
107 138 872
107 148 215
107 185 689
107 224 871
107 231 37
107 235 182
107 250 968
107 262 833
107 265 514
107 270 872
107 273 627
107 7 347
107 10 794
107 12 115
107 16 905
107 22 563
107 39 996
107 60 487
107 61 954
107 75 764
107 82 63
107 122 185
107 278 648
108 113 983
108 125 772
108 150 253
108 155 43
108 165 638
108 170 573
108 200 907
108 211 132
108 271 380
108 278 883
108 281 53
108 9 652
108 13 398
108 27 640
108 38 179
108 58 353
108 90 603
108 102 662
108 140 849
109 111 567
109 131 321
109 135 43
109 139 566
109 161 14
109 164 917
109 170 796
109 177 697
109 186 492
109 232 822
109 241 496
109 278 52
109 282 268
109 291 901
109 294 117
109 10 380
109 15 641
109 16 262
109 40 598
109 85 610
109 86 191
109 87 116
109 95 616
109 106 312
109 119 105
109 150 670
110 111 691
110 132 161
110 134 778
110 147 964
110 157 726
110 196 795
110 197 304
110 215 960
110 271 189
110 295 794
110 22 706
110 34 988
110 42 712
110 73 418
110 90 208
110 97 733
110 99 394
110 102 969
110 137 959
110 288 619
111 135 14
111 174 171
111 177 319
111 219 831
111 232 710
111 258 195
111 270 920
111 7 327
111 24 932
111 64 877
111 80 10
111 134 627
112 127 283
112 135 7
112 137 780
112 139 773
112 203 697
112 216 664
112 226 949
112 289 290
112 3 240
112 43 64
112 58 479
112 62 989
112 69 144
112 81 924
112 190 102
113 116 71
113 128 504
113 138 141
113 159 727
113 186 491
113 187 372
113 188 615
113 211 645
113 234 363
113 255 342
113 269 862
113 274 957
113 276 237
113 38 252
113 50 514
113 68 823
113 76 867
113 96 77
113 121 511
113 196 218
114 120 304
114 130 332
114 139 942
114 148 773
114 157 904
114 161 418
114 180 249
114 190 654
114 195 591
114 224 175
114 234 613
114 240 277
114 262 475
114 270 701
114 16 964
114 31 517
114 49 257
114 54 964
114 59 821
114 67 759
115 129 209
115 137 241
115 146 802
115 149 612
115 165 76
115 178 595
115 192 614
115 193 983
115 200 903
115 205 861
115 224 721
115 228 898
115 240 872
115 241 971
115 272 503
115 280 591
115 282 292
115 285 99
115 4 421
115 11 902
115 27 469
115 54 334
115 96 537
115 109 620
115 114 248
115 246 141
116 131 806
116 152 827
116 157 110
116 161 891
116 185 714
116 238 718
116 289 347
116 291 926
116 294 115
116 52 502
116 57 686
116 77 642
116 79 299
116 95 159
116 97 259
116 109 811
117 130 552
117 137 850
117 141 333
117 153 132
117 155 307
117 158 892
117 172 580
117 224 800
117 244 226
117 246 6
117 267 447
117 288 194
117 1 681
117 3 23
117 28 805
117 30 671
117 37 81
117 39 509
117 48 264
117 77 427
117 79 67
117 84 549
117 89 476
117 263 643
118 128 550
118 130 473
118 146 804
118 147 878
118 174 273
118 177 369
118 190 407
118 207 75
118 213 47
118 214 188
118 250 534
118 260 420
118 286 46
118 23 323
118 56 348
118 59 274
118 60 943
118 63 961
118 96 253
119 127 350
119 146 429
119 227 971
119 234 410
119 242 7
119 259 628
119 285 483
119 8 486
119 32 196
119 46 349
119 49 841
119 62 931
119 77 874
119 87 690
119 98 549
119 100 702
119 103 784
119 284 611
120 133 862
120 145 238
120 152 613
120 176 380
120 201 894
120 245 160
120 250 563
120 255 852
120 261 405
120 285 483
120 286 767
120 288 220
120 296 886
120 0 817
120 53 16
120 63 302
120 73 143
120 75 819
120 81 58
120 88 647
120 99 962
120 108 240
120 111 814
120 117 283
120 187 787
120 195 62
121 148 233
121 150 609
121 160 779
121 194 993
121 259 754
121 279 120
121 293 595
121 1 526
121 15 393
121 17 692
121 26 486
121 45 453
121 62 566
121 65 667
121 87 108
121 94 440
121 99 49
121 120 152
121 129 351
122 123 542
122 149 423
122 162 137
122 169 977
122 176 629
122 182 875
122 215 153
122 216 879
122 218 128
122 233 518
122 248 773
122 253 102
122 259 576
122 262 987
122 270 964
122 271 947
122 275 624
122 9 473
122 25 292
122 31 373
122 33 829
122 40 333
122 79 349
122 91 540
122 99 782
122 136 474
123 133 815
123 136 647
123 138 536
123 218 158
123 220 556
123 224 726
123 228 377
123 243 391
123 280 817
123 283 610
123 285 275
123 0 354
123 23 742
123 29 490
123 33 658
123 43 200
123 47 358
123 60 345
123 86 326
123 103 279
123 104 30
123 237 230
124 126 436
124 146 320
124 180 923
124 198 235
124 202 927
124 224 360
124 233 528
124 242 183
124 251 469
124 268 596
124 282 365
124 297 519
124 44 632
124 46 535
124 69 894
124 73 169
124 92 505
124 108 293
124 205 719
125 131 760
125 135 461
125 155 116
125 162 841
125 166 591
125 206 852
125 208 545
125 209 232
125 218 503
125 223 947
125 234 481
125 236 783
125 253 273
125 266 424
125 270 732
125 274 687
125 289 345
125 42 532
125 73 715
125 78 346
125 83 341
125 96 388
125 256 612
125 292 620
126 127 576
126 151 367
126 153 716
126 156 807
126 160 604
126 169 150
126 179 919
126 188 746
126 196 874
126 207 528
126 210 644
126 225 523
126 231 832
126 232 901
126 233 768
126 235 702
126 238 136
126 244 778
126 262 150
126 279 51
126 281 450
126 84 633
126 119 29
126 123 474
126 124 387
127 129 275
127 131 121
127 143 950
127 147 164
127 150 660
127 166 326
127 182 506
127 187 51
127 189 164
127 245 118
127 249 417
127 266 956
127 275 852
127 1 103
127 24 351
127 53 851
127 70 815
127 92 472
127 104 66
127 105 389
127 113 324
127 118 994
128 264 124
128 275 84
128 293 594
128 294 388
128 0 463
128 2 284
128 16 106
128 28 627
128 32 996
128 63 639
128 65 726
128 73 95
128 91 935
128 102 348
128 123 259
128 209 490
129 141 726
129 146 163
129 159 232
129 199 652
129 217 407
129 218 253
129 226 209
129 229 649
129 243 337
129 251 7
129 257 143
129 272 654
129 280 856
129 26 213
129 31 378
129 48 16
129 53 80
129 68 228
129 76 75
129 77 367
129 86 166
129 99 797
129 112 293
129 122 461
129 198 213
130 142 912
130 159 135
130 183 480
130 191 610
130 206 566
130 208 384
130 223 53
130 259 19
130 266 112
130 2 814
130 11 261
130 17 861
130 19 31
130 22 887
130 27 581
130 28 278
130 89 588
130 109 341
130 113 30
130 114 604
130 127 410
131 135 610
131 143 907
131 155 715
131 178 378
131 184 973
131 186 706
131 206 395
131 215 882
131 217 370
131 248 968
131 273 658
131 29 364
131 32 875
131 37 492
131 65 584
131 75 877
131 101 538
131 203 51
132 148 480
132 176 796
132 184 330
132 199 586
132 205 405
132 210 739
132 212 389
132 219 758
132 232 614
132 246 431
132 260 205
132 267 530
132 284 652
132 7 904
132 15 873
132 30 221
132 35 97
132 54 193
132 67 238
132 95 736
132 103 985
132 128 248
132 168 126
133 136 609
133 139 540
133 143 609
133 155 105
133 159 518
133 163 988
133 168 577
133 185 5
133 209 123
133 234 249
133 246 919
133 251 863
133 293 782
133 297 699
133 31 541
133 33 34
133 71 576
133 72 132
133 82 581
133 86 82
133 92 402
133 128 445
134 148 501
134 156 118
134 162 431
134 183 309
134 220 371
134 224 506
134 227 291
134 243 154
134 248 655
134 267 314
134 279 377
134 27 712
134 40 155
134 75 749
134 77 817
134 100 756
134 115 639
134 125 633
134 133 375
135 189 987
135 219 50
135 4 86
135 11 702
135 22 884
135 25 517
135 49 316
135 62 630
135 65 784
135 80 308
135 93 970
135 106 168
135 107 31
135 115 619
135 126 597
135 129 611
135 130 706
136 146 909
136 163 333
136 170 30
136 175 601
136 178 225
136 193 191
136 198 925
136 209 455
136 229 713
136 241 783
136 256 725
136 270 491
136 276 945
136 288 667
136 298 549
136 0 987
136 2 6
136 22 242
136 28 488
136 29 462
136 45 322
136 51 606
136 53 182
136 78 249
136 80 106
136 85 744
136 135 504
136 274 178
136 281 551
137 162 315
137 172 629
137 191 587
137 232 989
137 240 694
137 258 215
137 291 232
137 292 54
137 39 759
137 45 944
137 49 54
137 53 397
137 59 969
137 74 127
137 86 215
137 91 825
137 107 15
137 127 78
137 134 970
138 186 669
138 188 981
138 195 346
138 201 532
138 219 825
138 222 192
138 225 703
138 272 782
138 290 674
138 291 819
138 297 910
138 4 957
138 8 510
138 12 504
138 15 280
138 21 643
138 26 605
138 65 785
138 67 519
138 91 985
138 93 101
138 116 712
138 176 453
139 168 456
139 178 860
139 215 944
139 280 355
139 285 123
139 3 866
139 67 914
139 84 193
139 89 987
139 96 39
139 112 59
139 117 254
139 119 410
139 130 69
139 134 135
140 155 732
140 172 117
140 210 33
140 212 6
140 225 88
140 242 650
140 248 313
140 257 972
140 259 246
140 287 64
140 296 901
140 1 32
140 3 753
140 6 115
140 39 9
140 76 48
140 79 889
140 89 684
140 90 403
140 91 260
140 104 962
140 107 786
140 118 107
140 128 645
141 143 931
141 144 641
141 165 399
141 172 836
141 177 526
141 203 656
141 209 478
141 239 982
141 245 173
141 256 85
141 259 44
141 273 685
141 276 372
141 278 895
141 280 342
141 299 282
141 0 886
141 3 925
141 18 668
141 20 688
141 25 98
141 43 131
141 81 10
141 110 108
141 111 473
141 139 608
141 226 587
141 258 705
142 147 62
142 168 858
142 176 214
142 182 458
142 191 140
142 195 279
142 228 371
142 231 672
142 257 529
142 268 943
142 18 767
142 31 981
142 92 24
142 94 325
142 99 129
142 128 162
142 140 586
143 161 775
143 162 376
143 187 891
143 198 909
143 225 14
143 229 394
143 249 744
143 273 929
143 285 840
143 294 167
143 28 984
143 52 41
143 53 874
143 60 332
143 82 689
143 111 834
143 113 854
143 117 331
143 123 596
143 142 75
143 253 108
144 157 82
144 165 642
144 172 53
144 200 512
144 222 282
144 227 601
144 254 704
144 268 50
144 279 326
144 283 468
144 12 958
144 15 317
144 34 915
144 72 478
144 85 196
144 93 861
144 125 949
144 169 357
145 149 226
145 163 99
145 208 794
145 233 372
145 258 387
145 265 92
145 280 400
145 12 582
145 22 244
145 24 11
145 48 444
145 75 226
145 83 412
145 98 89
145 122 123
145 133 736
145 136 417
145 141 883
145 144 833
146 168 120
146 173 355
146 204 669
146 205 362
146 258 721
146 268 290
146 26 837
146 47 187
146 50 793
146 68 356
146 103 530
146 117 878
146 123 193
146 144 964
147 171 337
147 173 452
147 176 226
147 177 277
147 184 196
147 190 414
147 192 595
147 198 531
147 240 959
147 242 447
147 265 203
147 14 792
147 19 189
147 43 308
147 74 800
147 95 238
147 112 171
147 132 656
147 135 330
148 174 292
148 186 161
148 195 624
148 228 284
148 241 442
148 247 388
148 252 77
148 279 995
148 285 99
148 294 680
148 14 221
148 18 625
148 30 735
148 48 394
148 49 14
148 71 305
148 120 60
148 143 252
148 147 903
148 260 271
149 152 212
149 155 817
149 163 849
149 202 367
149 242 628
149 249 215
149 278 220
149 281 613
149 293 776
149 26 446
149 28 637
149 117 309
149 160 148
150 156 512
150 166 141
150 177 894
150 185 291
150 193 721
150 205 113
150 211 618
150 231 378
150 235 750
150 254 953
150 296 454
150 15 480
150 32 977
150 33 911
150 43 843
150 54 668
150 55 305
150 103 772
150 120 636
150 128 927
150 131 332
150 139 987
150 146 966
150 215 889
151 152 959
151 170 509
151 222 740
151 225 575
151 238 560
151 239 7
151 245 702
151 2 269
151 49 761
151 58 357
151 64 709
151 70 780
151 76 495
151 80 636
151 90 449
151 101 892
151 147 343
151 165 219
151 214 72
152 159 499
152 185 600
152 214 31
152 215 216
152 229 494
152 233 334
152 234 3
152 252 539
152 255 772
152 272 967
152 285 993
152 7 42
152 9 829
152 22 415
152 28 251
152 36 218
152 44 274
152 77 184
152 93 204
152 107 904
152 110 705
152 118 339
152 119 834
152 194 267
153 155 559
153 159 323
153 164 678
153 177 273
153 210 441
153 232 91
153 257 872
153 284 45
153 287 979
153 291 488
153 299 97
153 14 47
153 32 78
153 54 268
153 56 892
153 62 505
153 65 183
153 75 238
153 92 188
153 113 459
153 133 286
153 139 105
153 265 821
154 168 451
154 189 225
154 235 61
154 252 365
154 266 346
154 269 748
154 275 571
154 0 79
154 4 616
154 9 153
154 14 392
154 21 625
154 46 328
154 49 905
154 74 394
154 84 340
154 109 855
154 130 914
154 145 330
154 147 43
154 221 584
155 184 633
155 189 597
155 200 997
155 210 388
155 211 622
155 216 121
155 245 948
155 259 124
155 279 411
155 283 50
155 294 118
155 9 213
155 32 930
155 70 276
155 85 636
155 99 858
156 163 61
156 165 353
156 209 176
156 214 924
156 239 125
156 21 718
156 22 715
156 27 516
156 30 338
156 42 862
156 45 438
156 61 625
156 77 644
156 84 358
156 104 559
156 107 35
156 110 168
156 115 189
156 126 5
156 127 865
156 276 605
157 158 696
157 164 945
157 167 900
157 189 283
157 240 502
157 243 645
157 276 483
157 279 959
157 288 617
157 290 530
157 291 277
157 292 503
157 294 800
157 4 40
157 7 116
157 15 860
157 18 71
157 46 754
157 50 298
157 56 108
157 77 987
157 96 962
157 107 142
157 108 533
157 112 678
157 115 74
157 133 228
157 141 334
158 160 975
158 216 376
158 231 468
158 234 875
158 238 234
158 265 970
158 266 495
158 270 98
158 297 360
158 7 752
158 48 510
158 49 542
158 50 79
158 67 514
158 71 336
158 89 49
158 90 559
158 96 429
158 101 183
158 110 693
158 118 6
158 128 237
158 138 147
159 173 726
159 179 441
159 201 981
159 218 924
159 219 906
159 224 626
159 269 63
159 283 745
159 299 225
159 0 106
159 16 174
159 52 72
159 101 541
159 105 910
159 137 831
159 155 880
159 171 357
160 167 193
160 174 461
160 180 591
160 200 7
160 204 937
160 217 842
160 230 584
160 233 712
160 244 409
160 263 322
160 281 296
160 9 3
160 26 580
160 34 697
160 40 458
160 41 189
160 57 793
160 60 293
160 104 194
160 131 915
160 144 691
161 167 277
161 174 274
161 177 83
161 179 775
161 187 387
161 216 656
161 218 500
161 228 661
161 230 533
161 236 791
161 244 782
161 248 994
161 252 990
161 253 703
161 255 90
161 256 18
161 272 740
161 289 603
161 297 466
161 298 621
161 2 898
161 3 228
161 42 700
161 46 588
161 48 255
161 68 835
161 81 520
161 86 553
161 87 349
161 97 645
161 107 826
161 108 966
161 111 67
161 128 855
161 131 685
161 134 146
161 151 349
161 261 911
162 196 844
162 211 325
162 217 584
162 248 682
162 279 197
162 0 633
162 3 94
162 9 810
162 19 829
162 34 635
162 44 842
162 70 988
162 73 189
162 78 646
162 96 426
162 112 860
162 131 61
162 137 826
162 143 634
163 166 695
163 173 692
163 201 819
163 259 785
163 299 999
163 22 166
163 42 514
163 43 772
163 62 754
163 69 818
163 70 317
163 72 293
163 140 760
164 166 41
164 213 598
164 218 439
164 242 353
164 257 808
164 260 328
164 261 1000
164 265 58
164 275 114
164 288 665
164 19 460
164 48 793
164 56 604
164 64 952
164 83 469
164 103 914
164 113 326
164 114 139
164 140 760
164 160 245
165 195 719
165 214 647
165 221 783
165 234 803
165 248 313
165 249 833
165 255 352
165 257 213
165 267 974
165 295 9
165 2 446
165 5 55
165 8 755
165 24 807
165 37 727
165 51 38
165 61 551
165 130 94
165 140 570
165 146 328
165 164 818
166 168 148
166 180 261
166 182 881
166 189 289
166 204 70
166 213 40
166 215 360
166 218 740
166 220 654
166 255 674
166 259 876
166 267 396
166 281 864
166 5 583
166 10 826
166 19 788
166 94 100
166 98 976
166 121 525
166 138 505
166 140 259
166 146 996
166 157 638
166 165 46
166 199 414
167 181 341
167 194 383
167 206 355
167 222 424
167 240 493
167 243 582
167 251 377
167 15 358
167 24 530
167 35 221
167 38 331
167 42 416
167 45 282
167 101 414
167 153 316
168 190 673
168 200 829
168 204 952
168 217 521
168 227 854
168 229 337
168 232 748
168 238 855
168 244 805
168 257 219
168 287 799
168 6 156
168 19 834
168 40 963
168 46 618
168 49 636
168 60 857
168 67 118
168 110 161
168 114 472
168 129 996
168 136 409
168 149 716
168 152 84
168 162 852
168 166 992
168 234 162
168 247 597
169 170 335
169 192 458
169 200 985
169 212 913
169 220 404
169 235 966
169 238 888
169 240 142
169 285 351
169 1 324
169 2 484
169 17 304
169 18 854
169 27 648
169 29 314
169 43 155
169 57 40
169 59 421
169 60 540
169 67 573
169 92 137
169 130 814
169 133 908
169 146 842
170 219 56
170 224 68
170 226 6
170 230 658
170 240 328
170 256 633
170 281 850
170 290 365
170 10 360
170 38 790
170 55 236
170 61 425
170 62 608
170 70 528
170 77 545
170 84 97
170 94 681
170 98 715
170 116 660
170 126 809
170 130 70
170 154 156
170 174 951
171 209 505
171 218 474
171 238 543
171 240 818
171 254 682
171 260 325
171 271 989
171 286 658
171 4 117
171 10 373
171 17 1
171 19 200
171 69 597
171 70 81
171 84 757
171 89 338
171 109 478
171 142 575
171 154 901
171 158 9
171 166 137
172 188 22
172 218 508
172 224 562
172 227 621
172 235 53
172 237 608
172 246 195
172 267 768
172 269 582
172 291 161
172 292 1
172 296 805
172 8 748
172 17 846
172 27 551
172 33 817
172 39 931
172 63 390
172 75 877
172 83 506
172 104 969
172 110 282
172 114 687
172 118 352
172 121 610
172 123 300
172 129 302
172 133 466
172 141 748
172 149 937
172 150 545
173 192 110
173 220 904
173 238 99
173 271 399
173 272 329
173 287 694
173 0 468
173 11 547
173 22 701
173 35 545
173 78 559
173 80 175
173 96 470
173 97 563
173 117 251
173 123 356
173 132 541
173 139 11
173 145 789
173 154 813
173 156 319
173 172 258
173 184 587
174 198 497
174 224 885
174 250 748
174 276 134
174 0 4
174 12 280
174 13 14
174 14 849
174 31 487
174 34 522
174 44 821
174 59 868
174 75 398
174 89 99
174 116 707
174 147 903
175 217 184
175 233 349
175 243 635
175 265 113
175 266 677
175 272 902
175 278 363
175 286 57
175 290 686
175 291 615
175 293 970
175 296 56
175 12 849
175 37 264
175 44 315
175 49 528
175 57 886
175 68 300
175 78 332
175 80 441
175 99 299
175 110 283
175 124 428
175 134 874
175 136 699
175 151 941
176 184 796
176 217 864
176 224 76
176 239 654
176 252 619
176 274 977
176 277 437
176 283 759
176 288 410
176 299 320
176 39 800
176 67 974
176 108 799
176 119 291
176 139 908
176 162 387
176 165 535
176 168 467
177 218 958
177 235 917
177 260 861
177 273 138
177 288 153
177 3 968
177 13 126
177 21 21
177 53 987
177 54 896
177 76 138
177 92 300
177 100 842
177 153 445
177 156 549
177 166 252
177 172 836
177 252 348
178 204 107
178 212 0
178 233 351
178 264 577
178 270 74
178 7 399
178 41 691
178 42 464
178 51 712
178 60 403
178 65 910
178 70 893
178 75 62
178 79 195
178 80 19
178 89 821
178 91 452
178 101 20
178 105 953
178 110 496
178 126 256
178 140 746
178 141 950
178 143 773
178 156 940
178 164 640
178 169 492
179 180 346
179 181 350
179 222 528
179 230 737
179 237 251
179 248 82
179 264 40
179 277 423
179 289 197
179 9 852
179 15 195
179 36 842
179 50 562
179 60 236
179 66 929
179 71 41
179 74 812
179 82 191
179 85 641
179 97 545
179 106 778
179 120 857
179 124 619
179 144 847
180 203 396
180 229 566
180 238 729
180 252 677
180 258 832
180 279 378
180 280 908
180 286 972
180 294 430
180 2 797
180 3 656
180 15 197
180 18 513
180 57 312
180 62 560
180 70 636
180 105 292
180 118 503
180 121 9
180 146 885
180 160 659
180 174 57
181 186 182
181 189 885
181 224 600
181 236 998
181 243 726
181 269 329
181 273 74
181 5 333
181 15 807
181 45 225
181 81 619
181 88 440
181 91 93
181 104 195
181 111 348
181 116 244
181 141 461
181 166 372
181 177 195
181 220 834
182 195 130
182 210 955
182 220 698
182 231 614
182 242 379
182 253 760
182 268 496
182 274 237
182 289 865
182 297 768
182 1 497
182 26 742
182 46 290
182 68 421
182 93 150
182 102 999
182 121 195
182 124 207
182 132 312
182 134 220
182 137 431
182 153 888
182 158 559
182 171 747
183 188 185
183 213 999
183 222 471
183 254 494
183 265 646
183 280 213
183 292 581
183 5 159
183 18 184
183 22 851
183 45 25
183 70 774
183 76 89
183 82 959
183 85 934
183 96 349
184 191 507
184 259 563
184 274 164
184 276 110
184 26 366
184 31 385
184 42 5
184 43 486
184 58 722
184 60 297
184 69 981
184 104 102
184 116 605
184 117 766
184 133 381
184 134 176
184 152 601
184 177 319
184 185 961
184 230 857
185 188 343
185 189 246
185 190 266
185 198 234
185 199 362
185 202 548
185 209 841
185 250 163
185 268 920
185 276 84
185 277 880
185 293 556
185 294 351
185 11 977
185 17 543
185 21 607
185 26 857
185 37 375
185 54 863
185 55 519
185 81 788
185 97 127
185 98 336
185 99 486
185 107 305
185 287 40
186 193 112
186 208 756
186 247 178
186 266 59
186 299 306
186 1 907
186 19 611
186 68 426
186 87 990
186 95 635
186 100 667
186 110 402
186 124 33
186 128 605
186 133 883
186 144 376
186 169 531
186 172 0
186 182 814
186 202 330
187 207 567
187 223 197
187 229 943
187 249 830
187 290 851
187 46 980
187 51 47
187 59 661
187 71 68
187 91 212
187 100 742
187 122 75
187 133 771
187 140 902
187 147 614
187 152 972
188 207 993
188 233 623
188 268 750
188 282 850
188 286 746
188 12 513
188 20 946
188 25 153
188 67 632
188 68 804
188 75 427
188 111 909
188 128 342
188 141 682
189 192 573
189 207 329
189 208 930
189 209 635
189 220 752
189 226 96
189 271 146
189 284 795
189 299 191
189 49 831
189 66 976
189 79 65
189 81 886
189 107 499
189 114 351
189 135 825
189 141 794
189 143 187
189 146 604
189 158 471
189 164 144
189 267 82
190 194 235
190 209 732
190 221 87
190 249 570
190 265 252
190 276 287
190 277 707
190 3 712
190 23 120
190 67 397
190 71 703
190 74 599
190 75 481
190 82 520
190 99 175
190 102 19
190 148 537
190 160 604
190 161 348
190 174 965
191 216 315
191 244 166
191 258 515
191 278 354
191 283 731
191 291 229
191 294 424
191 295 958
191 3 699
191 11 579
191 30 269
191 31 117
191 58 398
191 101 247
191 155 946
191 185 581
191 187 835
192 197 834
192 207 464
192 212 704
192 217 891
192 223 222
192 252 2
192 291 485
192 25 354
192 52 294
192 65 598
192 68 132
192 73 32
192 76 32
192 104 904
192 151 411
192 157 521
193 210 678
193 234 119
193 244 764
193 246 843
193 277 661
193 288 396
193 289 171
193 294 944
193 298 143
193 1 628
193 13 415
193 16 679
193 26 797
193 54 126
193 65 505
193 66 544
193 75 968
193 87 741
193 127 982
193 140 677
193 144 418
193 154 208
193 157 892
193 162 635
193 164 872
193 181 844
193 189 377
194 202 692
194 205 500
194 259 826
194 285 316
194 293 741
194 18 408
194 37 125
194 50 195
194 52 298
194 83 530
194 84 292
194 108 296
194 111 547
194 116 88
194 122 834
194 145 125
194 146 683
194 153 333
194 163 145
194 193 955
195 202 764
195 228 758
195 244 804
195 250 211
195 252 642
195 284 677
195 293 861
195 5 917
195 19 863
195 49 849
195 55 317
195 74 272
195 82 936
195 85 999
195 88 739
195 93 159
195 104 479
195 110 193
195 130 513
195 145 776
195 150 660
195 159 341
195 160 804
195 161 728
195 176 128
195 180 201
196 202 749
196 247 237
196 277 856
196 282 878
196 1 683
196 8 817
196 13 834
196 18 141
196 30 969
196 47 754
196 67 92
196 72 106
196 92 787
196 93 997
196 98 846
196 114 521
196 134 238
196 136 757
196 154 39
196 165 65
196 172 748
196 173 556
196 192 451
197 211 687
197 215 262
197 233 281
197 261 583
197 5 765
197 48 705
197 62 674
197 79 704
197 109 38
197 138 228
197 154 468
197 164 373
197 170 428
197 177 207
197 186 176
198 213 487
198 217 227
198 238 638
198 261 554
198 22 249
198 29 891
198 32 234
198 57 866
198 65 3
198 86 981
198 87 448
198 94 155
198 112 786
198 116 525
198 125 825
198 136 1
198 151 732
198 152 836
198 176 384
198 182 479
199 203 524
199 218 905
199 232 974
199 238 777
199 240 883
199 246 860
199 247 862
199 249 297
199 252 979
199 282 946
199 292 213
199 297 507
199 25 128
199 48 252
199 74 450
199 83 401
199 101 368
199 107 323
199 123 549
199 132 573
199 149 343
199 182 254
199 183 144
199 191 508
199 196 373
200 202 24
200 238 529
200 244 532
200 270 825
200 293 519
200 6 1000
200 9 328
200 28 996
200 45 516
200 48 531
200 67 894
200 91 252
200 112 46
200 115 803
200 119 577
200 153 974
200 189 140
201 212 438
201 216 880
201 240 423
201 247 861
201 253 677
201 255 764
201 261 737
201 285 561
201 289 100
201 15 224
201 22 894
201 75 394
201 88 161
201 100 612
201 107 843
201 140 187
201 153 993
201 171 497
201 173 567
201 185 745
201 235 466
202 211 339
202 214 958
202 217 993
202 229 92
202 232 610
202 248 580
202 271 55
202 293 280
202 296 575
202 0 422
202 91 154
202 99 196
202 111 531
202 119 96
202 138 933
202 184 13
202 188 586
202 285 55
203 243 180
203 265 826
203 269 127
203 298 228
203 3 899
203 10 573
203 14 815
203 25 581
203 28 948
203 38 712
203 51 51
203 64 435
203 66 40
203 80 991
203 82 62
203 92 219
203 98 259
203 131 940
203 197 340
203 198 441
203 232 676
204 215 775
204 217 86
204 225 424
204 233 243
204 251 482
204 264 473
204 0 525
204 25 935
204 51 703
204 57 108
204 92 133
204 99 352
204 121 909
204 130 294
204 146 89
204 165 457
204 170 366
205 207 220
205 221 903
205 235 865
205 244 455
205 248 294
205 276 690
205 278 469
205 286 263
205 292 21
205 12 896
205 30 183
205 39 74
205 40 211
205 57 568
205 66 584
205 113 126
205 136 917
205 148 979
205 182 430
205 289 580
206 214 37
206 231 193
206 234 40
206 252 731
206 258 96
206 263 720
206 3 229
206 9 557
206 14 946
206 35 459
206 60 233
206 76 214
206 85 14
206 101 649
206 108 777
206 118 920
206 127 696
206 142 8
206 145 926
206 182 673
206 186 473
206 229 174
206 245 357
206 264 238
207 209 804
207 215 571
207 225 18
207 239 43
207 0 213
207 8 338
207 14 775
207 23 247
207 60 863
207 61 401
207 75 425
207 79 992
207 83 272
207 89 877
207 151 30
207 157 328
207 171 733
207 243 294
208 209 807
208 214 966
208 219 310
208 252 103
208 254 376
208 273 987
208 278 23
208 283 877
208 5 177
208 14 565
208 49 808
208 58 392
208 68 89
208 69 840
208 87 542
208 98 396
208 109 352
208 130 971
208 131 746
208 132 891
208 133 961
208 154 914
208 180 88
208 181 766
208 183 271
208 187 526
208 190 195
208 194 495
208 203 557
209 210 930
209 213 414
209 233 596
209 298 75
209 19 519
209 32 154
209 52 902
209 59 379
209 69 689
209 74 596
209 84 39
209 109 999
209 126 120
209 136 181
209 138 998
209 146 224
209 153 39
209 164 872
209 205 963
210 214 756
210 242 568
210 253 671
210 264 259
210 283 765
210 287 117
210 15 281
210 21 565
210 24 458
210 27 881
210 28 208
210 53 374
210 54 114
210 81 919
210 91 24
210 98 759
210 101 862
210 124 334
210 163 660
210 169 454
210 183 643
210 184 426
210 187 723
210 196 867
210 198 25
210 199 751
211 212 922
211 224 567
211 225 679
211 270 577
211 285 519
211 13 293
211 31 602
211 35 367
211 94 273
211 111 540
211 121 160
211 156 443
211 157 177
211 184 547
211 194 293
211 202 718
211 213 916
212 242 560
212 256 910
212 263 924
212 273 536
212 289 466
212 292 514
212 5 723
212 21 406
212 40 48
212 99 638
212 113 97
212 127 440
212 133 779
212 141 410
212 173 219
212 179 330
213 228 888
213 235 149
213 251 350
213 252 41
213 259 234
213 262 577
213 271 252
213 274 806
213 286 467
213 20 5
213 30 280
213 38 633
213 41 17
213 109 456
213 116 583
213 139 782
213 164 855
213 174 820
213 197 828
214 223 637
214 228 613
214 231 47
214 248 12
214 252 406
214 253 355
214 264 263
214 265 247
214 7 892
214 31 820
214 34 801
214 57 643
214 60 459
214 61 18
214 63 410
214 79 649
214 84 741
214 93 591
214 101 773
214 113 415
214 131 769
214 138 734
214 142 581
214 173 544
214 182 184
214 236 945
215 237 788
215 244 585
215 247 535
215 31 134
215 39 68
215 48 730
215 54 282
215 66 247
215 72 960
215 79 737
215 86 222
215 98 56
215 144 139
215 165 143
215 185 564
215 188 84
215 212 356
215 214 949
216 218 826
216 228 306
216 247 582
216 250 774
216 270 380
216 276 320
216 46 445
216 55 321
216 63 742
216 68 180
216 71 839
216 102 456
216 108 117
216 112 972
216 117 195
216 158 173
216 173 368
216 181 495
216 185 148
216 196 766
216 211 201
217 243 720
217 251 622
217 254 698
217 257 936
217 9 639
217 10 902
217 19 434
217 28 423
217 39 859
217 40 771
217 91 210
217 99 374
217 128 153
217 149 621
217 152 316
217 164 104
217 173 803
217 182 293
218 242 351
218 252 805
218 255 608
218 273 114
218 292 259
218 10 572
218 22 779
218 27 101
218 28 342
218 29 910
218 81 508
218 84 9
218 89 502
218 98 652
218 117 496
218 120 652
218 121 175
218 135 381
218 142 329
218 150 960
218 157 609
218 172 981
218 175 345
218 178 978
218 190 285
218 194 650
218 217 559
219 222 101
219 223 81
219 241 213
219 260 94
219 263 803
219 265 670
219 266 261
219 269 463
219 277 587
219 296 987
219 30 669
219 32 436
219 80 766
219 101 880
219 118 713
219 119 210
219 123 571
219 125 923
219 139 125
219 141 288
219 146 348
219 154 399
219 180 674
219 183 647
219 187 421
219 189 394
219 196 397
219 200 369
219 203 399
219 208 132
219 214 157
220 232 407
220 236 409
220 238 537
220 246 94
220 260 421
220 275 642
220 279 975
220 20 805
220 78 651
220 80 306
220 84 517
220 86 66
220 99 834
220 104 808
220 144 440
220 152 502
220 159 752
220 160 902
220 185 699
220 205 736
220 210 1000
221 227 971
221 238 817
221 243 363
221 258 378
221 260 382
221 285 640
221 287 600
221 298 344
221 25 189
221 47 716
221 57 331
221 88 696
221 96 615
221 97 258
221 98 708
221 114 739
221 118 279
221 135 447
221 145 981
221 162 284
221 167 185
221 191 231
221 218 469
222 233 651
222 234 763
222 284 379
222 285 845
222 288 820
222 293 404
222 3 489
222 21 442
222 25 784
222 43 882
222 46 4
222 70 57
222 86 54
222 123 813
222 137 826
222 148 809
222 162 289
222 182 684
222 185 586
222 194 608
222 248 937
222 270 654
223 228 212
223 242 456
223 255 928
223 265 496
223 288 212
223 292 893
223 297 84
223 5 908
223 10 246
223 18 730
223 19 464
223 22 597
223 38 156
223 49 94
223 59 528
223 64 605
223 80 986
223 97 594
223 102 536
223 115 551
223 131 466
223 141 653
223 190 718
223 192 755
223 209 362
224 247 981
224 258 393
224 266 907
224 274 627
224 275 35
224 294 204
224 35 7
224 43 833
224 55 898
224 103 673
224 120 165
224 129 984
224 159 335
224 166 411
224 168 827
224 218 86
225 258 899
225 267 75
225 290 304
225 299 156
225 11 112
225 60 404
225 66 36
225 68 471
225 71 758
225 77 525
225 101 721
225 116 585
225 117 530
225 121 704
225 123 501
225 141 117
225 164 182
225 174 807
225 203 731
225 218 131
226 236 804
226 251 670
226 254 600
226 25 134
226 29 4
226 35 951
226 39 428
226 74 168
226 82 216
226 89 921
226 102 708
226 111 48
226 116 676
226 132 521
226 139 331
226 143 733
226 150 101
226 161 796
226 169 745
226 206 109
226 210 399
226 212 831
226 221 886
227 236 734
227 237 178
227 243 836
227 268 725
227 274 644
227 275 67
227 287 700
227 10 242
227 39 848
227 49 505
227 56 28
227 57 712
227 62 214
227 93 409
227 97 873
227 99 731
227 101 733
227 105 470
227 118 205
227 121 87
227 123 522
227 135 641
227 150 907
227 156 92
227 172 797
227 173 598
227 190 50
227 198 515
227 212 99
227 218 890
227 249 450
228 234 20
228 239 537
228 249 295
228 257 236
228 268 769
228 281 150
228 285 578
228 299 839
228 16 488
228 22 823
228 32 554
228 104 349
228 118 567
228 141 939
228 164 304
228 180 206
228 192 531
228 220 808
229 257 442
229 263 219
229 287 401
229 17 339
229 61 679
229 74 200
229 85 96
229 108 617
229 112 890
229 115 579
229 125 945
229 133 328
229 143 806
229 154 209
229 160 467
229 217 972
230 268 416
230 280 219
230 289 630
230 293 369
230 3 72
230 4 978
230 11 207
230 27 343
230 34 874
230 55 137
230 80 428
230 121 90
230 128 484
230 133 254
230 168 973
230 169 736
230 176 274
230 177 23
230 182 246
230 186 992
230 190 243
230 214 372
230 221 917
231 235 185
231 254 765
231 265 66
231 283 599
231 290 899
231 35 193
231 52 761
231 60 525
231 72 255
231 93 96
231 119 756
231 123 302
231 124 120
231 127 617
231 130 343
231 140 197
231 141 642
231 151 265
231 160 934
231 166 33
232 238 952
232 243 506
232 279 915
232 7 666
232 21 433
232 30 274
232 40 613
232 50 823
232 58 386
232 62 953
232 91 300
232 115 912
232 127 406
232 143 400
232 149 806
232 158 767
232 162 838
232 164 35
232 170 27
232 179 981
232 188 76
233 253 284
233 255 405
233 289 507
233 3 770
233 8 604
233 28 801
233 30 436
233 40 255
233 86 226
233 104 646
233 114 410
233 120 912
233 125 958
233 149 163
233 151 381
233 153 359
233 184 773
233 193 810
233 202 170
233 203 936
233 213 405
234 247 907
234 251 839
234 267 905
234 286 309
234 288 629
234 22 116
234 26 130
234 28 54
234 127 63
234 158 620
234 163 256
234 170 213
234 171 959
234 179 766
234 182 299
234 191 643
234 193 897
234 222 837
234 231 809
235 236 952
235 256 37
235 276 488
235 282 618
235 295 264
235 5 740
235 14 169
235 18 85
235 19 9
235 30 270
235 36 669
235 50 112
235 62 398
235 63 261
235 70 675
235 96 856
235 101 105
235 110 256
235 112 230
235 228 707
235 273 979
236 261 359
236 266 575
236 274 610
236 280 853
236 293 921
236 19 317
236 25 470
236 28 37
236 51 11
236 60 265
236 75 524
236 94 720
236 130 753
236 137 289
236 142 230
236 162 52
236 167 573
236 185 356
237 239 937
237 243 262
237 251 755
237 269 561
237 285 783
237 9 948
237 25 387
237 31 180
237 35 122
237 42 642
237 44 962
237 45 89
237 64 369
237 67 989
237 72 599
237 86 206
237 92 181
237 93 372
237 151 749
237 157 22
237 181 396
237 215 383
237 219 414
237 224 527
238 252 837
238 254 253
238 264 929
238 266 228
238 280 634
238 289 24
238 0 973
238 2 311
238 11 967
238 42 583
238 53 704
238 80 201
238 107 388
238 143 654
238 158 317
238 163 702
238 205 819
238 210 141
238 224 421
238 226 471
239 242 813
239 252 914
239 259 395
239 273 703
239 298 591
239 3 37
239 14 70
239 20 631
239 34 403
239 43 581
239 47 75
239 86 913
239 89 620
239 110 461
239 146 204
239 147 282
239 174 41
239 175 168
239 186 271
239 197 650
239 202 490
239 229 414
240 263 596
240 4 246
240 6 353
240 26 629
240 41 2
240 59 49
240 62 572
240 65 493
240 67 168
240 77 703
240 108 509
240 111 121
240 112 808
240 138 654
240 180 710
240 208 445
241 243 935
241 252 545
241 270 721
241 271 86
241 274 599
241 287 409
241 295 997
241 9 800
241 14 723
241 22 131
241 53 793
241 59 844
241 86 355
241 111 700
241 124 642
241 148 963
241 154 932
241 161 281
241 191 818
241 221 112
241 228 339
241 229 665
241 237 754
242 251 214
242 266 67
242 278 953
242 283 829
242 284 857
242 299 259
242 61 915
242 63 2
242 119 99
242 123 885
242 133 412
242 163 53
242 192 366
242 203 720
242 211 526
242 224 636
242 238 505
242 271 27
243 259 460
243 260 883
243 276 452
243 299 29
243 9 856
243 41 921
243 118 4
243 124 520
243 134 554
243 147 855
243 214 634
243 221 630
244 285 662
244 5 671
244 13 342
244 46 759
244 59 444
244 60 284
244 70 670
244 73 741
244 97 812
244 107 137
244 126 915
244 127 456
244 139 387
244 178 64
244 179 59
244 205 107
244 213 745
244 238 923
244 243 527
245 254 458
245 279 92
245 285 405
245 16 980
245 23 997
245 28 665
245 29 675
245 48 708
245 71 574
245 81 191
245 90 456
245 113 978
245 130 670
245 133 645
245 144 865
245 179 880
245 197 583
245 198 944
245 199 903
245 202 760
245 220 360
245 232 959
245 241 46
245 296 638
246 254 712
246 290 890
246 24 47
246 31 839
246 42 935
246 47 24
246 58 96
246 62 23
246 73 718
246 76 14
246 85 322
246 90 125
246 107 780
246 120 630
246 152 864
246 158 222
246 161 464
246 197 969
246 200 383
246 217 631
246 233 950
247 265 331
247 276 315
247 291 57
247 4 407
247 9 841
247 11 227
247 40 514
247 67 931
247 68 750
247 83 832
247 99 809
247 103 223
247 108 114
247 117 493
247 122 270
247 125 499
247 141 928
247 179 912
247 202 234
247 204 876
247 233 543
247 238 947
247 241 84
248 255 997
248 264 689
248 272 203
248 296 572
248 7 250
248 18 461
248 34 22
248 47 668
248 65 849
248 69 941
248 73 143
248 114 285
248 120 115
248 165 391
248 168 813
248 170 957
248 183 105
248 184 270
248 193 578
248 197 685
248 200 490
248 203 519
248 240 279
249 251 802
249 254 323
249 272 764
249 277 532
249 287 969
249 47 385
249 51 816
249 52 772
249 73 437
249 85 702
249 91 722
249 104 711
249 111 192
249 128 486
249 173 528
249 179 495
249 197 723
249 199 0
249 207 126
249 211 992
249 212 97
249 214 480
249 242 318
250 277 954
250 282 842
250 287 448
250 293 726
250 6 787
250 11 504
250 43 193
250 64 223
250 83 611
250 98 264
250 102 163
250 124 553
250 177 212
250 180 60
250 191 14
250 222 141
250 236 422
250 244 156
250 245 444
250 255 123
251 252 950
251 254 620
251 257 765
251 261 382
251 287 514
251 294 588
251 28 312
251 33 94
251 38 304
251 58 264
251 71 58
251 100 866
251 129 476
251 138 88
251 187 935
251 192 881
251 209 698
251 214 354
251 219 138
251 227 391
251 248 695
252 273 235
252 62 51
252 76 288
252 98 673
252 99 1000
252 122 991
252 162 214
252 173 58
252 178 785
252 181 158
252 196 467
252 216 217
252 229 875
252 230 550
253 264 330
253 268 587
253 292 694
253 297 853
253 5 225
253 18 776
253 21 67
253 27 292
253 45 478
253 50 294
253 57 934
253 59 178
253 77 36
253 89 287
253 108 826
253 160 306
253 167 744
253 178 131
253 197 272
253 200 622
253 223 458
253 225 605
253 283 38
254 268 471
254 282 222
254 2 28
254 5 977
254 7 978
254 9 665
254 18 114
254 27 980
254 34 77
254 36 109
254 43 771
254 89 716
254 95 90
254 98 122
254 113 681
254 130 425
254 153 653
254 155 632
254 171 12
254 197 435
254 201 855
254 221 557
254 236 450
254 242 54
255 262 157
255 269 674
255 4 997
255 11 29
255 20 855
255 39 716
255 66 488
255 80 887
255 98 658
255 104 865
255 107 653
255 119 973
255 120 567
255 143 27
255 152 257
255 168 73
255 196 733
255 207 899
255 210 663
255 211 338
255 218 499
255 228 433
255 232 716
255 244 451
255 250 776
256 265 863
256 270 437
256 278 522
256 284 925
256 287 674
256 1 236
256 12 622
256 17 580
256 28 848
256 57 549
256 109 439
256 149 722
256 159 806
256 169 975
256 179 263
256 190 437
256 191 718
256 204 823
256 214 185
256 240 526
256 245 132
257 264 447
257 297 372
257 27 386
257 31 627
257 57 80
257 69 204
257 93 194
257 103 601
257 110 842
257 113 358
257 127 386
257 152 258
257 165 601
257 169 483
257 172 391
257 194 574
257 201 507
257 223 837
258 270 946
258 278 285
258 284 774
258 299 846
258 9 643
258 11 517
258 16 146
258 21 173
258 24 101
258 25 14
258 47 309
258 69 231
258 70 734
258 72 22
258 101 991
258 120 831
258 126 360
258 127 878
258 145 822
258 147 104
258 148 141
258 164 765
258 183 127
258 198 817
258 209 871
258 218 310
258 245 166
259 260 296
259 270 712
259 284 2
259 4 201
259 41 24
259 49 77
259 59 364
259 62 446
259 77 859
259 111 173
259 122 76
259 127 64
259 132 887
259 169 553
259 172 679
259 183 793
259 185 98
259 229 345
259 232 999
259 253 288
260 285 554
260 291 396
260 14 928
260 27 558
260 30 199
260 38 449
260 48 395
260 64 217
260 76 770
260 80 671
260 90 530
260 91 932
260 96 321
260 99 499
260 106 406
260 111 696
260 149 849
260 150 746
260 165 261
260 167 976
260 197 391
260 203 602
260 217 278
260 226 19
260 257 209
261 264 639
261 266 708
261 270 946
261 75 8
261 81 976
261 94 691
261 123 41
261 125 117
261 137 955
261 156 752
261 176 927
261 194 979
261 232 753
261 237 151
261 254 573
262 281 856
262 296 73
262 29 288
262 57 708
262 84 316
262 94 131
262 100 407
262 139 654
262 143 437
262 186 434
262 187 185
262 213 19
262 221 817
262 223 651
262 226 562
262 254 759
262 261 741
263 278 36
263 292 527
263 8 349
263 9 190
263 22 823
263 26 341
263 27 450
263 33 407
263 34 590
263 37 665
263 80 297
263 128 120
263 139 459
263 140 917
263 148 610
263 178 665
263 197 658
263 205 477
263 250 746
263 256 815
263 299 653
264 270 354
264 294 125
264 1 117
264 9 125
264 13 184
264 22 137
264 43 403
264 56 432
264 71 248
264 158 818
264 168 452
264 170 53
264 173 161
264 183 620
264 189 517
264 202 697
264 233 550
264 234 864
265 281 241
265 282 561
265 294 465
265 11 701
265 33 402
265 34 143
265 46 651
265 47 75
265 49 828
265 68 850
265 74 567
265 78 923
265 84 309
265 114 850
265 149 14
265 173 978
265 179 871
265 181 720
265 187 765
265 234 514
265 244 304
265 248 12
266 276 210
266 282 27
266 284 751
266 286 298
266 41 820
266 72 322
266 73 159
266 88 619
266 139 264
266 172 366
266 186 20
266 193 46
266 197 21
266 205 939
266 223 884
267 277 930
267 278 393
267 287 231
267 3 932
267 8 103
267 24 228
267 48 217
267 51 839
267 56 271
267 63 608
267 69 28
267 99 234
267 101 638
267 114 990
267 153 959
267 161 686
267 187 620
267 217 278
267 235 959
267 263 100
268 276 169
268 282 91
268 286 788
268 296 830
268 2 503
268 10 587
268 14 634
268 64 1
268 107 783
268 130 947
268 146 518
268 163 396
268 183 161
268 220 951
268 241 111
268 246 12
268 259 946
269 277 296
269 287 155
269 292 367
269 16 246
269 18 619
269 41 389
269 68 307
269 69 921
269 90 740
269 109 620
269 128 521
269 137 612
269 152 737
269 187 113
269 198 701
269 221 268
269 256 389
269 266 57
270 25 890
270 27 36
270 47 725
270 53 214
270 66 987
270 92 398
270 95 723
270 97 752
270 98 707
270 116 300
270 118 273
270 120 144
270 121 107
270 143 357
270 152 191
270 186 650
270 197 135
270 200 815
270 214 661
270 241 546
270 242 72
270 244 204
271 288 472
271 13 861
271 27 552
271 29 207
271 65 505
271 70 268
271 122 169
271 125 228
271 173 800
271 187 820
271 189 83
271 228 793
271 269 950
272 273 326
272 280 725
272 294 561
272 298 210
272 11 503
272 24 490
272 29 380
272 38 578
272 74 48
272 84 912
272 91 985
272 109 555
272 118 33
272 124 215
272 137 963
272 143 116
272 176 570
272 182 504
272 185 789
272 202 35
273 286 401
273 25 573
273 36 318
273 37 953
273 41 723
273 71 434
273 127 399
273 145 747
273 156 654
273 183 664
273 189 437
273 213 579
273 239 217
273 252 55
273 259 789
274 275 476
274 289 715
274 298 630
274 9 257
274 11 989
274 23 631
274 30 361
274 39 755
274 51 879
274 65 696
274 74 651
274 77 109
274 82 756
274 84 692
274 147 640
274 158 287
274 170 922
274 195 803
274 196 927
274 230 464
274 243 200
274 249 612
274 263 907
275 288 674
275 289 880
275 4 915
275 39 445
275 41 187
275 56 898
275 58 654
275 62 480
275 65 543
275 87 988
275 99 876
275 106 872
275 110 254
275 116 375
275 121 968
275 139 771
275 141 303
275 155 138
275 159 18
275 181 490
275 184 79
275 205 973
275 214 287
275 216 138
275 238 94
275 251 352
275 256 630
276 280 691
276 5 58
276 13 196
276 61 812
276 91 820
276 116 611
276 141 720
276 149 578
276 173 459
276 194 522
276 213 226
276 237 87
276 239 163
276 268 731
276 274 329
276 297 344
277 278 749
277 284 211
277 81 432
277 85 545
277 134 98
277 135 699
277 154 710
277 175 267
277 198 256
277 210 83
277 213 766
277 226 637
277 230 970
277 238 471
277 261 418
278 288 749
278 0 422
278 6 532
278 20 242
278 25 962
278 45 482
278 76 104
278 90 233
278 93 830
278 98 363
278 99 650
278 111 909
278 126 989
278 134 622
278 194 833
278 202 154
278 213 215
278 236 302
278 241 26
278 255 173
278 273 70
279 3 985
279 38 310
279 53 253
279 59 422
279 73 500
279 112 249
279 121 740
279 125 765
279 144 15
279 156 358
279 192 523
279 204 405
279 214 597
279 220 863
279 234 625
279 260 29
279 276 604
279 282 49
279 298 244
280 286 257
280 290 339
280 22 150
280 24 716
280 33 32
280 50 830
280 62 330
280 86 671
280 111 732
280 114 446
280 120 651
280 145 165
280 163 498
280 175 460
280 197 44
280 216 401
280 225 690
280 228 697
280 233 647
280 241 858
280 244 64
280 272 255
280 279 775
281 290 150
281 12 363
281 21 942
281 22 408
281 25 936
281 37 81
281 50 545
281 71 269
281 78 282
281 92 491
281 117 854
281 205 661
281 246 690
281 266 79
281 279 847
282 283 784
282 299 226
282 10 862
282 26 55
282 42 512
282 56 676
282 79 940
282 87 776
282 88 168
282 91 604
282 95 365
282 103 342
282 112 674
282 133 588
282 144 240
282 185 885
282 196 590
282 201 487
282 238 930
282 242 554
282 247 719
282 251 438
282 267 10
283 288 345
283 10 51
283 34 390
283 40 497
283 47 354
283 55 668
283 63 673
283 71 929
283 103 930
283 112 412
283 136 285
283 147 948
283 156 32
283 166 709
283 185 555
283 201 161
283 216 730
283 229 985
283 245 777
283 257 144
283 273 15
284 297 331
284 36 127
284 39 470
284 40 922
284 57 576
284 59 952
284 72 915
284 76 913
284 99 550
284 101 2
284 114 894
284 115 937
284 125 607
284 129 479
284 139 185
284 148 941
284 175 600
284 203 847
284 215 902
284 222 48
284 262 509
284 266 930
284 294 540
285 286 331
285 293 425
285 1 210
285 37 10
285 70 134
285 96 673
285 113 117
285 121 796
285 136 854
285 139 589
285 145 373
285 146 645
285 158 0
285 159 523
285 164 114
285 165 194
285 188 527
285 214 158
285 225 993
285 255 220
285 258 27
285 269 746
285 275 671
285 278 84
285 283 685
286 24 95
286 26 174
286 46 115
286 50 69
286 53 272
286 64 553
286 81 926
286 91 138
286 93 580
286 97 169
286 129 222
286 133 312
286 134 945
286 140 175
286 149 648
286 157 768
286 171 123
286 193 881
286 197 854
286 219 16
286 222 729
286 234 270
286 239 933
286 268 139
287 291 284
287 2 90
287 6 403
287 7 811
287 25 870
287 32 60
287 36 582
287 49 335
287 104 190
287 111 459
287 128 931
287 131 681
287 142 581
287 242 50
287 265 87
288 15 3
288 37 251
288 43 731
288 44 486
288 50 263
288 64 88
288 68 152
288 73 568
288 76 584
288 77 595
288 136 430
288 149 989
288 171 136
288 178 370
288 185 152
288 200 802
288 213 184
288 214 288
288 223 294
288 247 832
288 260 85
288 262 113
288 280 720
289 8 146
289 21 125
289 82 563
289 100 161
289 114 547
289 148 857
289 157 633
289 161 546
289 180 760
289 232 470
289 235 648
289 272 915
290 295 385
290 8 930
290 10 848
290 38 904
290 48 136
290 52 821
290 58 602
290 114 608
290 149 169
290 199 610
290 205 240
290 210 703
290 215 697
290 246 774
290 268 310
290 285 851
291 46 966
291 48 443
291 51 179
291 69 692
291 81 279
291 92 776
291 129 902
291 238 585
291 242 65
292 296 245
292 0 219
292 2 700
292 34 484
292 85 63
292 92 599
292 122 256
292 129 889
292 149 825
292 168 141
292 170 388
292 200 0
292 203 806
292 208 891
292 220 321
292 229 224
292 277 599
292 289 142
293 39 78
293 44 624
293 71 78
293 89 36
293 90 520
293 104 959
293 110 937
293 129 102
293 136 847
293 159 627
293 174 931
293 189 799
293 192 654
293 195 156
293 203 690
293 208 765
293 227 809
293 283 983
294 10 741
294 17 136
294 34 161
294 40 896
294 49 76
294 56 269
294 63 794
294 86 401
294 88 382
294 91 325
294 93 919
294 117 523
294 164 904
294 165 468
294 191 533
294 199 653
294 205 809
294 217 715
294 222 505
294 265 562
294 270 155
294 280 712
295 298 815
295 3 995
295 11 598
295 31 673
295 34 463
295 61 173
295 64 986
295 71 377
295 102 777
295 106 664
295 119 361
295 158 758
295 160 183
295 165 33
295 170 311
295 175 560
295 187 120
295 207 122
295 237 873
295 253 868
295 257 479
295 270 13
295 276 356
296 0 344
296 2 772
296 15 313
296 28 885
296 32 395
296 44 784
296 55 593
296 57 473
296 58 617
296 62 260
296 87 69
296 91 52
296 120 619
296 121 164
296 158 327
296 173 561
296 177 252
296 191 896
296 208 659
296 210 266
296 222 740
296 229 576
296 239 910
296 246 678
296 251 144
296 267 708
296 270 696
296 284 272
297 9 347
297 25 542
297 31 982
297 33 336
297 37 507
297 42 725
297 43 412
297 84 229
297 85 339
297 117 747
297 142 641
297 167 400
297 179 896
297 190 888
297 208 616
297 216 110
297 234 269
297 237 327
297 249 448
297 257 431
297 271 22
298 29 555
298 54 134
298 88 458
298 94 387
298 102 381
298 105 180
298 110 48
298 122 974
298 123 259
298 138 607
298 163 65
298 170 700
298 195 427
298 199 960
298 204 791
298 217 961
298 224 103
298 227 757
298 249 118
298 288 860
298 293 430
299 13 632
299 28 547
299 65 834
299 83 267
299 104 150
299 109 243
299 113 128
299 145 565
299 148 702
299 160 629
299 200 763
299 202 34
299 215 589
299 222 848
299 228 31
299 239 554
299 266 845
299 278 650
