400 8350 0
0 3 446
0 12 398
0 43 229
0 70 417
0 103 500
0 133 900
0 154 15
0 166 137
0 242 789
0 244 204
0 261 869
0 303 115
0 305 934
0 378 541
0 379 41
0 382 938
0 397 16
0 1 66
0 2 997
0 7 589
0 10 971
0 71 317
1 17 127
1 23 651
1 75 368
1 90 373
1 108 23
1 131 724
1 145 889
1 161 120
1 193 392
1 216 812
1 234 651
1 239 30
1 264 571
1 272 973
1 279 156
1 337 486
1 351 783
1 354 916
1 3 57
1 6 646
1 24 192
1 42 828
1 334 395
1 381 895
2 10 495
2 13 378
2 83 880
2 98 463
2 99 769
2 148 995
2 151 222
2 157 403
2 161 303
2 162 884
2 198 573
2 223 885
2 229 238
2 266 103
2 308 74
2 388 131
2 389 835
2 1 639
2 4 163
2 8 534
2 11 373
2 97 598
2 185 141
2 254 643
2 395 32
3 14 597
3 47 140
3 56 58
3 111 310
3 162 962
3 180 363
3 213 14
3 252 189
3 257 825
3 260 519
3 264 236
3 352 610
3 385 892
3 388 266
3 390 708
3 5 650
3 36 818
3 66 63
3 101 32
3 197 558
3 212 705
3 295 389
3 341 635
4 8 982
4 84 266
4 123 716
4 127 591
4 135 306
4 142 252
4 149 429
4 210 210
4 266 178
4 267 41
4 286 962
4 291 413
4 295 114
4 321 303
4 328 222
4 331 238
4 336 715
4 374 127
4 380 388
4 391 924
4 17 795
5 6 254
5 7 212
5 22 358
5 81 18
5 121 180
5 122 51
5 129 597
5 187 893
5 212 157
5 307 965
5 392 25
5 1 67
5 58 461
5 76 723
5 77 660
6 7 318
6 17 852
6 53 697
6 123 628
6 127 852
6 164 905
6 186 234
6 222 451
6 291 877
6 324 584
6 398 205
6 2 289
6 9 347
6 15 996
6 35 294
6 45 454
7 8 794
7 14 402
7 21 651
7 27 485
7 29 138
7 30 988
7 52 148
7 76 932
7 143 531
7 150 213
7 171 237
7 275 444
7 294 629
7 331 799
7 333 16
7 354 403
7 12 202
7 19 739
7 31 375
7 32 854
7 86 751
7 189 133
8 41 43
8 44 731
8 85 599
8 92 316
8 96 482
8 106 138
8 146 596
8 155 38
8 193 879
8 207 335
8 223 806
8 248 913
8 324 500
8 342 495
8 347 578
8 376 829
8 389 468
8 18 21
8 38 173
8 84 465
8 88 7
9 18 957
9 39 616
9 103 779
9 112 449
9 121 603
9 145 557
9 170 110
9 172 767
9 184 863
9 195 34
9 223 613
9 230 73
9 271 180
9 289 947
9 296 614
9 321 277
9 13 376
9 16 367
9 22 505
9 179 640
9 190 446
9 272 351
9 332 513
10 22 270
10 49 607
10 87 2
10 88 637
10 89 471
10 93 96
10 138 186
10 142 585
10 146 894
10 161 178
10 184 406
10 187 702
10 225 986
10 239 876
10 247 531
10 276 16
10 301 555
10 317 927
10 341 132
10 363 160
10 365 260
10 390 722
10 20 281
10 26 346
10 30 395
10 43 521
10 46 766
11 17 105
11 38 520
11 95 697
11 99 309
11 114 341
11 135 57
11 160 364
11 180 397
11 181 130
11 202 805
11 204 370
11 224 653
11 247 821
11 250 997
11 262 914
11 290 941
11 319 391
11 360 932
11 370 669
11 390 905
11 4 448
11 104 3
11 111 713
11 173 244
11 193 910
11 215 805
12 66 276
12 101 373
12 123 226
12 136 347
12 202 385
12 226 61
12 231 440
12 246 176
12 249 933
12 266 905
12 268 344
12 314 215
12 316 538
12 317 909
12 329 467
12 330 883
12 332 473
12 342 655
12 393 574
12 3 921
12 9 961
12 25 437
12 62 462
12 133 675
12 203 971
13 20 85
13 71 664
13 82 808
13 83 365
13 147 589
13 213 257
13 224 387
13 238 321
13 265 390
13 266 880
13 286 778
13 297 854
13 330 255
13 335 481
13 361 229
13 388 3
13 10 276
13 11 261
13 50 859
13 69 893
13 78 806
14 41 804
14 53 520
14 55 579
14 56 696
14 69 727
14 122 255
14 147 561
14 155 379
14 157 348
14 158 429
14 167 90
14 175 102
14 176 89
14 206 664
14 207 469
14 219 586
14 223 229
14 224 839
14 238 245
14 252 333
14 264 621
14 274 842
14 277 6
14 282 285
14 292 849
14 302 347
14 310 291
14 383 891
14 392 368
14 94 434
14 112 569
14 137 950
14 162 484
14 241 70
14 269 151
14 376 573
15 53 397
15 69 327
15 82 264
15 105 407
15 111 203
15 127 696
15 129 130
15 140 379
15 165 301
15 194 115
15 198 792
15 232 109
15 254 669
15 272 996
15 283 446
15 289 549
15 296 955
15 310 715
15 320 430
15 347 472
15 10 489
15 63 221
15 99 725
15 257 461
15 262 794
15 344 334
16 40 885
16 59 482
16 98 166
16 101 401
16 134 883
16 157 591
16 186 540
16 208 728
16 225 180
16 230 702
16 281 893
16 285 872
16 289 486
16 307 191
16 329 150
16 332 997
16 339 859
16 384 288
16 388 58
16 394 395
16 1 460
16 9 556
16 13 520
16 29 288
16 52 147
16 110 453
17 24 224
17 36 712
17 70 861
17 85 471
17 143 838
17 151 486
17 231 794
17 242 132
17 316 387
17 319 892
17 323 531
17 328 144
17 382 60
17 49 958
17 57 676
18 40 557
18 75 92
18 87 928
18 107 448
18 117 528
18 129 837
18 176 997
18 177 957
18 230 827
18 254 293
18 283 552
18 291 733
18 292 284
18 302 592
18 318 574
18 355 517
18 364 190
18 386 153
18 393 357
18 28 306
19 38 641
19 65 61
19 107 975
19 108 970
19 109 935
19 149 250
19 180 237
19 197 339
19 208 366
19 254 432
19 255 901
19 263 44
19 290 830
19 296 197
19 297 240
19 382 973
19 396 247
19 397 824
19 16 313
19 27 526
19 145 177
19 156 770
20 38 836
20 83 565
20 90 45
20 110 735
20 120 743
20 138 588
20 139 773
20 177 187
20 185 172
20 192 523
20 200 730
20 237 986
20 239 820
20 242 172
20 244 618
20 264 40
20 290 521
20 296 23
20 372 156
20 11 174
20 16 176
20 56 907
20 107 211
21 38 831
21 43 873
21 46 587
21 86 663
21 95 26
21 109 774
21 141 639
21 162 639
21 180 328
21 198 357
21 215 354
21 255 98
21 296 143
21 298 565
21 312 528
21 313 724
21 369 260
21 377 264
21 392 875
21 15 560
21 23 58
21 106 941
21 132 210
21 209 673
21 299 413
22 65 529
22 68 463
22 85 148
22 101 811
22 105 928
22 116 437
22 149 649
22 160 966
22 220 860
22 221 494
22 228 989
22 245 938
22 269 626
22 280 143
22 293 854
22 298 195
22 308 648
22 324 204
22 332 146
22 359 989
22 363 839
22 380 783
22 383 708
22 394 401
22 10 972
22 12 726
22 44 407
22 48 302
22 51 605
22 118 385
22 166 699
23 33 604
23 101 742
23 117 111
23 196 619
23 215 968
23 217 835
23 221 3
23 223 509
23 224 912
23 225 227
23 246 808
23 269 61
23 275 531
23 289 626
23 293 735
23 312 485
23 329 633
23 347 632
23 367 389
23 389 166
23 2 82
23 79 346
23 144 516
24 42 261
24 45 727
24 52 967
24 178 603
24 186 11
24 222 944
24 299 776
24 329 344
24 348 219
24 367 875
24 375 591
24 394 223
24 20 476
24 23 823
24 163 768
24 294 185
25 51 660
25 61 416
25 104 434
25 106 279
25 109 490
25 120 665
25 150 554
25 234 33
25 236 942
25 280 317
25 317 540
25 319 678
25 354 299
25 356 467
25 361 796
25 378 437
25 383 790
25 387 733
25 6 255
25 15 180
25 21 268
25 67 48
25 96 373
25 113 95
25 151 764
25 237 521
25 391 961
26 31 76
26 86 885
26 99 507
26 138 173
26 145 794
26 234 105
26 249 913
26 259 730
26 278 667
26 281 878
26 299 661
26 309 61
26 352 291
26 355 161
26 361 781
26 365 940
26 383 583
26 397 757
26 40 162
26 74 41
27 33 688
27 39 987
27 76 987
27 166 255
27 320 625
27 336 277
27 347 171
27 350 312
27 372 876
27 382 255
27 7 734
27 116 134
27 142 712
27 275 957
27 396 543
28 39 889
28 48 57
28 56 827
28 65 804
28 66 251
28 68 633
28 74 619
28 93 905
28 102 88
28 136 254
28 141 497
28 144 261
28 154 289
28 158 638
28 174 691
28 181 999
28 188 529
28 204 773
28 210 833
28 220 69
28 241 231
28 275 160
28 282 661
28 286 646
28 323 637
28 352 111
28 10 28
28 14 45
29 44 677
29 59 673
29 67 847
29 86 432
29 87 404
29 133 144
29 192 743
29 209 106
29 222 535
29 276 417
29 278 82
29 288 871
29 294 683
29 319 793
29 337 72
29 348 615
29 364 650
29 368 269
29 386 954
29 391 185
29 21 565
29 26 54
29 37 450
29 139 380
29 155 351
29 304 62
29 347 131
30 94 895
30 105 486
30 113 795
30 128 259
30 174 762
30 177 700
30 181 992
30 193 1000
30 195 74
30 244 344
30 251 249
30 258 540
30 265 621
30 276 415
30 279 976
30 287 792
30 311 487
30 314 791
30 317 420
30 318 750
30 356 374
30 34 525
30 59 611
30 148 312
30 231 104
30 363 64
31 33 877
31 86 911
31 90 299
31 99 85
31 138 472
31 149 581
31 163 975
31 210 573
31 229 535
31 238 73
31 294 293
31 301 253
31 314 950
31 321 911
31 325 179
31 332 576
31 335 438
31 390 54
31 27 802
31 41 660
31 223 352
31 362 1000
32 43 235
32 52 689
32 60 786
32 72 529
32 143 398
32 150 289
32 152 280
32 178 394
32 191 187
32 197 299
32 213 868
32 216 902
32 230 274
32 245 64
32 260 779
32 263 347
32 279 148
32 306 570
32 309 201
32 310 587
32 324 778
32 5 588
32 11 683
32 15 662
32 30 834
32 33 846
32 39 249
32 122 132
32 165 312
33 34 202
33 38 498
33 40 337
33 70 665
33 105 217
33 121 573
33 126 405
33 183 848
33 185 645
33 208 950
33 219 331
33 224 605
33 260 955
33 286 786
33 336 793
33 355 14
33 361 847
33 395 257
33 14 992
34 65 866
34 86 464
34 115 75
34 155 176
34 172 675
34 173 42
34 200 498
34 220 318
34 226 990
34 246 340
34 259 116
34 357 68
34 369 369
34 11 925
34 25 534
34 64 150
34 70 134
34 72 616
34 83 579
34 114 374
34 123 974
34 230 703
35 77 501
35 101 270
35 134 504
35 201 298
35 218 278
35 242 293
35 371 449
35 383 633
35 391 118
35 395 139
35 68 717
35 236 703
36 74 170
36 123 479
36 155 174
36 165 278
36 197 822
36 221 541
36 268 333
36 285 919
36 299 194
36 313 451
36 372 848
36 6 492
36 10 280
36 17 530
36 31 216
36 55 387
36 206 829
37 54 200
37 86 393
37 87 823
37 92 280
37 124 205
37 125 399
37 126 197
37 128 728
37 177 200
37 191 113
37 220 666
37 229 778
37 232 254
37 253 383
37 264 687
37 276 837
37 302 31
37 343 632
37 363 454
37 364 621
37 387 796
37 18 352
37 102 341
37 119 151
38 56 365
38 70 517
38 86 58
38 114 736
38 117 383
38 136 743
38 167 435
38 172 420
38 173 776
38 198 686
38 216 960
38 270 215
38 308 151
38 355 787
38 358 333
38 379 507
38 381 943
38 1 15
38 61 317
38 127 33
38 158 163
39 54 929
39 58 281
39 82 889
39 84 32
39 92 246
39 125 465
39 134 764
39 140 658
39 168 914
39 169 984
39 178 124
39 185 787
39 195 46
39 197 610
39 260 61
39 283 290
39 293 355
39 314 307
39 325 162
39 353 203
39 0 149
39 6 58
39 34 675
39 183 844
39 227 223
39 292 866
39 338 65
40 51 483
40 55 419
40 57 355
40 71 962
40 114 982
40 136 276
40 148 60
40 180 787
40 184 325
40 220 220
40 263 210
40 281 831
40 299 735
40 345 344
40 362 863
40 383 463
40 395 883
40 398 219
40 30 38
41 51 773
41 60 568
41 81 477
41 92 923
41 108 426
41 115 257
41 158 649
41 172 677
41 192 475
41 208 573
41 215 166
41 224 285
41 228 69
41 238 821
41 246 923
41 252 737
41 273 199
41 318 349
41 368 601
41 383 927
42 92 168
42 150 35
42 175 941
42 184 81
42 219 42
42 220 293
42 226 320
42 228 792
42 253 876
42 265 825
42 298 381
42 306 358
42 308 182
42 329 833
42 334 119
42 376 122
42 36 35
42 73 0
43 45 579
43 64 47
43 66 445
43 74 248
43 91 698
43 102 854
43 108 603
43 123 331
43 133 50
43 164 347
43 184 104
43 197 639
43 205 686
43 214 976
43 241 334
43 244 803
43 260 897
43 271 408
43 285 539
43 290 499
43 298 734
43 329 135
43 363 945
43 365 233
43 378 869
43 380 951
43 34 835
44 70 591
44 108 246
44 140 550
44 157 544
44 195 744
44 206 369
44 271 647
44 272 616
44 319 365
44 344 54
44 366 761
44 380 835
44 47 359
44 54 402
44 226 148
44 264 891
44 375 849
44 398 607
45 128 946
45 224 280
45 230 273
45 277 671
45 302 611
45 303 246
45 304 313
45 311 578
45 313 794
45 317 855
45 319 692
45 360 260
45 370 41
45 6 735
45 15 268
45 91 892
45 150 113
45 201 62
45 369 224
46 71 181
46 75 157
46 83 774
46 99 95
46 102 420
46 133 675
46 262 97
46 273 532
46 276 820
46 301 615
46 308 677
46 316 366
46 334 270
46 363 129
46 365 278
46 386 227
46 16 740
46 41 660
47 88 308
47 96 986
47 144 509
47 145 108
47 148 893
47 165 65
47 186 272
47 192 824
47 200 701
47 233 931
47 235 764
47 324 301
47 380 779
47 387 655
47 4 334
47 25 741
47 30 974
47 41 275
47 45 786
47 176 788
47 281 491
47 301 763
47 306 611
48 61 971
48 72 191
48 73 394
48 83 632
48 90 84
48 99 209
48 114 424
48 145 391
48 149 500
48 150 568
48 167 14
48 170 827
48 173 412
48 174 707
48 207 85
48 257 118
48 282 829
48 296 563
48 311 721
48 332 51
48 387 24
48 12 81
48 46 199
48 153 273
48 216 435
49 77 645
49 101 104
49 173 680
49 174 301
49 182 22
49 189 919
49 195 598
49 199 724
49 206 899
49 223 684
49 259 790
49 268 977
49 269 826
49 271 714
49 280 748
49 298 608
49 301 162
49 310 890
49 341 670
49 369 307
49 376 184
49 379 731
49 398 32
49 28 718
49 98 476
50 51 214
50 58 35
50 69 797
50 90 770
50 108 35
50 132 535
50 136 619
50 140 62
50 141 678
50 168 187
50 186 875
50 196 353
50 217 31
50 264 66
50 297 121
50 325 613
50 337 555
50 361 26
50 3 89
50 11 147
50 39 569
50 109 740
50 298 646
51 75 90
51 94 758
51 122 424
51 245 722
51 246 497
51 252 896
51 292 901
51 301 293
51 319 606
51 335 114
51 367 647
51 373 958
51 376 292
51 384 954
51 0 463
51 23 263
51 42 474
51 44 948
51 50 10
51 53 990
51 187 564
52 75 436
52 132 807
52 174 863
52 177 713
52 193 480
52 229 65
52 267 944
52 370 360
52 371 308
52 397 809
52 3 351
52 13 987
53 73 371
53 141 235
53 151 747
53 170 10
53 176 112
53 179 533
53 185 269
53 221 818
53 229 168
53 253 713
53 267 765
53 333 831
53 338 896
53 350 68
53 354 880
53 368 474
53 372 417
53 391 824
53 32 194
53 34 452
53 43 267
53 44 86
53 49 860
53 50 798
53 194 467
54 63 605
54 103 333
54 127 800
54 194 984
54 243 257
54 247 270
54 274 591
54 283 799
54 370 382
54 371 152
54 5 726
54 18 97
54 65 897
54 81 442
54 234 969
54 331 834
55 56 867
55 90 530
55 111 610
55 117 285
55 125 92
55 128 101
55 156 985
55 175 757
55 232 962
55 238 539
55 249 74
55 252 607
55 260 783
55 269 268
55 283 930
55 286 163
55 313 198
55 336 661
55 340 662
55 365 296
55 371 106
55 7 252
55 21 405
55 29 329
55 54 138
56 59 623
56 85 401
56 90 334
56 121 569
56 149 526
56 158 513
56 183 466
56 198 20
56 250 476
56 311 26
56 363 312
56 379 735
56 388 731
56 6 173
56 9 454
56 42 44
56 47 132
56 53 836
56 218 559
57 58 695
57 99 635
57 137 669
57 147 914
57 166 603
57 208 856
57 220 507
57 223 169
57 251 353
57 268 619
57 280 785
57 281 653
57 286 826
57 313 611
57 323 526
57 328 774
57 342 435
57 2 731
57 12 995
57 52 416
58 75 536
58 117 259
58 152 995
58 200 837
58 202 402
58 212 181
58 254 252
58 281 617
58 303 697
58 308 423
58 313 793
58 5 30
58 8 651
58 85 723
59 87 981
59 91 331
59 113 501
59 135 681
59 233 159
59 254 541
59 262 201
59 268 8
59 275 197
59 305 417
59 311 600
59 371 237
59 395 196
59 398 809
59 8 192
59 13 274
59 35 889
59 75 615
59 82 48
60 67 343
60 83 682
60 126 80
60 143 9
60 144 142
60 145 620
60 151 750
60 187 503
60 194 536
60 199 43
60 200 258
60 225 26
60 257 886
60 264 502
60 274 50
60 289 237
60 317 854
60 320 186
60 337 844
60 345 881
60 19 884
60 121 969
61 82 619
61 85 851
61 113 302
61 138 233
61 168 544
61 172 865
61 209 177
61 227 964
61 241 400
61 286 711
61 366 427
61 398 725
61 30 323
61 50 577
61 53 997
61 288 350
62 95 296
62 113 6
62 115 497
62 132 122
62 171 66
62 180 212
62 197 905
62 224 996
62 312 12
62 321 224
62 349 401
62 350 70
62 397 946
62 51 61
63 78 257
63 99 8
63 190 610
63 226 643
63 234 484
63 249 735
63 278 15
63 280 719
63 296 212
63 301 939
63 312 770
63 313 300
63 326 596
63 347 660
63 363 144
63 378 382
63 41 941
63 53 777
63 90 288
63 100 631
63 130 92
63 221 166
63 366 594
64 80 428
64 124 944
64 147 658
64 160 165
64 175 71
64 182 451
64 213 83
64 219 642
64 237 775
64 265 511
64 270 858
64 311 558
64 334 646
64 398 318
64 1 14
64 31 364
64 95 75
64 157 659
64 171 59
64 177 820
64 359 75
65 99 775
65 158 427
65 177 308
65 201 111
65 223 821
65 259 867
65 281 107
65 291 95
65 315 316
65 348 458
65 349 586
65 359 162
65 364 103
65 366 456
65 368 345
65 4 791
66 72 308
66 98 676
66 110 838
66 120 401
66 122 521
66 124 172
66 127 370
66 174 379
66 183 400
66 194 893
66 197 44
66 217 187
66 229 189
66 283 661
66 10 438
66 92 590
66 93 170
66 192 339
67 72 395
67 75 647
67 94 817
67 99 486
67 100 226
67 104 792
67 113 799
67 128 732
67 168 76
67 210 956
67 251 259
67 264 602
67 287 397
67 303 433
67 304 923
67 311 480
67 325 363
67 331 224
67 340 185
67 353 935
67 6 2
67 15 860
67 268 527
67 316 733
68 128 810
68 132 268
68 133 572
68 171 577
68 177 327
68 216 174
68 220 147
68 224 226
68 227 456
68 255 661
68 265 206
68 272 779
68 273 106
68 325 285
68 333 123
68 361 353
68 367 799
68 377 871
68 26 650
68 29 92
69 82 791
69 91 945
69 106 659
69 119 532
69 120 369
69 130 370
69 198 402
69 204 992
69 238 837
69 270 801
69 291 505
69 292 774
69 294 971
69 305 377
69 315 159
69 317 0
69 369 211
69 391 361
69 23 797
69 39 65
69 47 393
69 62 590
69 154 979
70 105 753
70 129 994
70 134 632
70 153 964
70 194 280
70 253 73
70 267 580
70 296 493
70 336 401
70 353 173
70 376 978
70 46 266
70 60 951
70 66 723
70 279 530
71 73 426
71 75 58
71 83 542
71 87 445
71 91 849
71 95 624
71 104 197
71 122 418
71 138 727
71 162 245
71 185 90
71 197 855
71 206 146
71 231 870
71 239 83
71 242 883
71 268 373
71 322 44
71 381 521
71 382 88
71 6 557
71 7 450
71 13 119
71 21 919
71 52 996
71 70 742
71 207 949
71 343 210
72 84 454
72 87 930
72 118 570
72 126 285
72 143 966
72 157 899
72 172 403
72 186 219
72 191 422
72 204 904
72 215 612
72 216 548
72 220 262
72 226 772
72 231 738
72 236 288
72 263 263
72 267 553
72 277 964
72 325 84
72 334 156
72 354 972
72 355 897
72 359 190
72 362 298
72 379 660
72 392 609
72 22 344
72 23 876
72 56 722
72 59 395
72 80 416
72 89 617
72 120 283
72 160 297
72 170 11
73 81 451
73 130 41
73 136 161
73 143 569
73 145 936
73 198 907
73 333 893
73 343 765
73 353 39
73 369 997
73 31 21
73 46 309
73 66 331
73 377 827
74 81 730
74 83 508
74 91 623
74 129 425
74 132 535
74 142 642
74 152 585
74 159 201
74 181 777
74 219 747
74 263 540
74 284 168
74 292 964
74 298 632
74 329 484
74 389 243
74 13 390
74 52 974
74 55 182
74 72 981
75 87 673
75 93 594
75 156 994
75 169 599
75 186 994
75 209 783
75 212 799
75 216 899
75 254 100
75 279 654
75 283 863
75 358 765
75 368 478
75 0 261
75 43 215
75 45 640
75 69 970
75 126 650
76 80 485
76 84 211
76 162 52
76 230 171
76 234 881
76 253 348
76 260 718
76 266 634
76 274 914
76 366 589
76 379 907
76 380 33
76 20 881
76 38 473
76 52 200
76 56 454
76 354 476
77 92 536
77 97 490
77 121 877
77 123 257
77 128 636
77 142 549
77 158 260
77 174 135
77 193 680
77 209 574
77 218 260
77 226 949
77 234 395
77 240 509
77 255 402
77 282 884
77 361 480
77 377 660
77 395 828
77 19 623
77 23 37
77 25 348
77 44 492
77 59 524
78 99 532
78 106 483
78 107 755
78 123 72
78 150 315
78 177 132
78 193 426
78 201 428
78 216 854
78 339 834
78 341 89
78 364 905
78 367 188
78 396 78
78 397 615
78 25 100
78 38 42
78 43 151
78 61 928
78 169 687
78 351 649
78 361 51
79 83 304
79 84 130
79 92 784
79 125 766
79 126 919
79 178 474
79 180 678
79 182 621
79 194 169
79 232 270
79 242 65
79 247 961
79 260 982
79 262 347
79 263 990
79 280 758
79 328 44
79 334 33
79 340 503
79 373 412
79 61 802
79 67 312
79 147 995
79 222 915
80 81 821
80 98 880
80 105 901
80 117 918
80 127 640
80 168 648
80 169 67
80 183 452
80 190 237
80 233 635
80 255 570
80 261 721
80 299 151
80 310 510
80 327 153
80 341 290
80 384 760
80 0 337
80 16 481
80 19 397
80 30 387
80 60 617
80 65 364
80 72 932
80 79 920
81 182 746
81 219 563
81 266 30
81 271 860
81 276 461
81 280 866
81 289 874
81 291 220
81 324 579
81 338 992
81 353 986
81 360 886
81 364 437
81 4 903
81 11 212
81 14 430
81 21 569
81 22 373
81 47 211
81 67 434
81 87 891
81 277 164
82 122 748
82 146 720
82 148 323
82 168 670
82 192 1
82 218 3
82 254 702
82 274 653
82 340 945
82 343 497
82 348 322
82 367 675
82 397 577
82 3 925
82 43 70
82 54 829
82 327 593
83 97 483
83 135 382
83 164 859
83 173 283
83 191 306
83 213 803
83 217 655
83 238 887
83 244 445
83 250 380
83 257 804
83 261 867
83 267 366
83 279 248
83 298 214
83 313 565
83 322 836
83 326 352
83 376 845
83 56 837
83 65 914
83 204 199
84 96 978
84 101 187
84 136 148
84 167 789
84 191 662
84 217 517
84 228 513
84 242 904
84 249 79
84 292 121
84 352 578
84 399 636
84 7 746
84 9 299
84 42 104
84 319 666
85 88 290
85 92 122
85 143 683
85 168 747
85 223 690
85 226 508
85 268 288
85 322 13
85 367 294
85 398 890
85 15 788
85 43 645
86 114 212
86 128 840
86 139 361
86 155 849
86 174 292
86 181 604
86 226 357
86 260 162
86 280 224
86 299 759
86 306 480
86 318 460
86 328 603
86 347 904
86 348 863
86 352 156
86 398 808
86 1 24
86 21 558
86 51 26
86 55 364
86 349 434
87 129 472
87 189 38
87 205 978
87 210 242
87 264 940
87 266 279
87 280 97
87 326 55
87 348 82
87 359 385
87 360 410
87 379 829
87 15 915
87 34 323
87 79 708
88 90 617
88 92 401
88 144 538
88 168 338
88 172 785
88 177 792
88 191 2
88 192 321
88 251 818
88 267 550
88 277 655
88 283 24
88 316 665
88 317 256
88 324 571
88 376 753
88 390 737
88 395 185
88 12 55
88 31 46
88 55 639
88 64 102
88 198 612
89 112 333
89 146 47
89 147 259
89 172 790
89 190 565
89 191 340
89 213 397
89 282 269
89 308 869
89 352 390
89 357 633
89 380 204
89 385 63
89 394 206
89 2 979
89 32 903
89 38 179
89 131 264
89 181 629
89 283 214
89 358 367
90 101 883
90 126 599
90 142 548
90 228 985
90 234 7
90 243 691
90 253 338
90 335 471
90 346 745
90 353 840
90 354 561
90 360 920
90 366 935
90 368 761
90 380 511
90 385 446
90 397 109
90 6 981
90 9 868
90 61 762
90 89 171
90 115 343
91 154 30
91 155 533
91 168 658
91 182 412
91 198 789
91 202 650
91 211 933
91 261 508
91 265 349
91 309 986
91 313 202
91 320 41
91 332 701
91 346 850
91 352 955
91 367 205
91 380 262
91 36 919
91 45 49
91 66 338
92 98 222
92 119 389
92 125 53
92 141 186
92 154 851
92 167 228
92 192 924
92 230 942
92 232 754
92 246 855
92 296 796
92 299 286
92 315 373
92 323 787
92 359 727
92 370 907
92 398 482
92 27 397
92 47 115
92 49 136
92 64 452
92 68 267
92 77 785
92 79 995
92 117 790
92 124 488
93 100 273
93 117 347
93 119 584
93 138 127
93 166 627
93 186 499
93 203 970
93 207 527
93 227 872
93 253 576
93 274 260
93 325 483
93 347 986
93 375 395
93 20 366
93 42 582
93 51 800
93 59 269
93 72 7
94 177 970
94 184 527
94 252 857
94 259 590
94 264 532
94 277 0
94 295 795
94 318 790
94 328 722
94 333 940
94 384 669
94 390 749
94 10 518
94 21 64
94 26 441
94 266 12
95 154 654
95 174 849
95 179 369
95 186 57
95 188 464
95 193 199
95 213 296
95 267 254
95 282 134
95 292 898
95 329 83
95 351 795
95 1 398
95 24 836
95 41 119
95 62 247
95 79 646
96 118 63
96 142 763
96 156 298
96 174 638
96 264 415
96 291 744
96 336 342
96 25 235
96 51 8
96 88 744
96 352 591
97 116 892
97 144 434
97 167 73
97 219 529
97 299 579
97 318 488
97 333 358
97 338 138
97 360 545
97 386 672
97 17 456
97 20 774
97 45 675
97 84 706
97 93 479
97 103 432
97 140 152
97 172 964
98 128 867
98 149 939
98 205 117
98 206 302
98 211 863
98 230 273
98 264 700
98 266 126
98 282 311
98 298 822
98 323 747
98 326 815
98 352 259
98 373 762
98 384 543
98 391 528
98 14 605
98 36 559
98 38 928
98 84 93
99 116 449
99 125 714
99 138 276
99 149 199
99 227 186
99 241 816
99 249 251
99 309 846
99 340 40
99 353 320
99 361 599
99 368 197
99 378 525
99 43 976
99 94 810
99 95 801
100 108 564
100 113 210
100 119 148
100 138 575
100 156 671
100 164 983
100 166 959
100 175 566
100 192 104
100 204 307
100 216 601
100 230 131
100 238 153
100 254 258
100 265 51
100 309 378
100 329 898
100 352 409
100 354 988
100 370 332
100 24 39
100 26 800
100 30 631
100 32 633
100 46 666
100 73 936
100 125 859
101 124 299
101 134 211
101 140 501
101 147 185
101 171 1
101 200 930
101 218 984
101 294 532
101 308 680
101 342 457
101 353 778
101 359 643
101 373 797
101 385 944
101 387 783
101 397 924
101 399 380
101 7 702
101 19 885
101 41 998
101 48 615
101 62 957
101 64 866
101 83 15
101 85 208
101 86 847
101 92 412
101 138 307
101 196 493
101 256 685
102 103 328
102 128 267
102 163 845
102 209 808
102 210 724
102 253 68
102 254 636
102 256 289
102 269 946
102 279 5
102 283 659
102 313 699
102 314 575
102 343 390
102 355 470
102 5 539
102 22 196
102 28 624
102 67 185
102 98 341
102 184 144
103 120 199
103 146 140
103 148 892
103 161 5
103 169 340
103 182 810
103 187 378
103 188 542
103 214 718
103 215 401
103 258 844
103 312 9
103 328 759
103 338 585
103 343 709
103 357 843
103 374 750
103 379 723
103 384 317
103 394 131
103 8 764
103 14 849
103 28 620
103 47 655
103 60 639
103 82 544
103 86 213
103 94 468
103 102 378
103 105 215
104 112 53
104 156 539
104 157 432
104 160 18
104 165 126
104 167 415
104 170 558
104 185 907
104 190 232
104 207 933
104 215 251
104 227 474
104 268 0
104 283 910
104 286 69
104 315 529
104 316 533
104 323 698
104 368 387
104 390 646
104 391 302
104 395 394
104 396 381
104 397 969
104 46 763
104 47 803
104 73 648
104 102 648
104 271 356
104 339 646
105 118 853
105 120 35
105 129 730
105 131 700
105 135 905
105 153 121
105 170 28
105 187 662
105 219 472
105 249 722
105 289 737
105 301 284
105 343 371
105 344 553
105 348 557
105 7 583
105 13 197
105 26 9
105 90 175
106 110 753
106 121 901
106 156 643
106 159 330
106 171 890
106 204 176
106 249 550
106 258 6
106 259 351
106 267 827
106 268 444
106 272 139
106 289 155
106 291 487
106 325 98
106 330 978
106 372 628
106 383 406
106 395 712
106 1 979
106 14 591
106 29 363
106 33 880
106 53 887
106 101 974
106 143 460
107 143 484
107 154 354
107 215 101
107 217 316
107 246 150
107 247 604
107 261 624
107 292 832
107 304 508
107 334 821
107 361 838
107 397 375
107 53 377
107 81 786
107 105 274
108 130 327
108 177 507
108 184 700
108 203 431
108 226 601
108 232 565
108 239 104
108 254 943
108 285 278
108 293 582
108 300 543
108 340 446
108 362 2
108 367 123
108 67 651
108 129 126
109 176 770
109 178 711
109 179 364
109 186 771
109 202 439
109 259 740
109 268 984
109 270 110
109 311 977
109 315 930
109 329 943
109 333 724
109 349 326
109 360 174
109 369 292
109 383 432
109 392 731
109 393 496
109 33 562
109 61 62
109 63 66
109 76 615
109 97 663
109 128 529
109 141 571
109 159 150
110 195 819
110 200 637
110 217 277
110 227 451
110 230 327
110 265 149
110 304 211
110 355 952
110 364 551
110 388 181
110 392 764
110 45 439
110 66 520
110 95 719
110 152 489
110 208 777
110 312 364
111 121 978
111 144 530
111 228 696
111 232 917
111 236 475
111 254 866
111 319 481
111 327 877
111 358 666
111 374 591
111 13 701
111 20 742
111 91 497
111 92 122
111 99 176
111 149 49
112 115 476
112 132 148
112 145 532
112 167 359
112 169 490
112 187 181
112 224 552
112 233 29
112 249 709
112 266 398
112 313 713
112 316 319
112 322 869
112 333 474
112 349 243
112 356 888
112 371 632
112 376 966
112 397 88
112 36 655
112 41 620
112 52 280
112 61 353
112 69 660
112 78 860
112 182 954
112 282 72
112 315 399
113 131 449
113 169 695
113 230 83
113 251 185
113 254 639
113 274 586
113 334 281
113 342 16
113 360 473
113 369 840
113 389 916
113 398 985
113 33 878
113 95 712
113 243 445
113 382 901
113 399 278
114 127 931
114 131 47
114 159 311
114 207 44
114 271 283
114 342 23
114 343 125
114 47 872
114 73 405
114 81 308
114 107 865
114 111 899
115 153 331
115 181 700
115 187 402
115 198 146
115 203 484
115 208 207
115 213 227
115 219 629
115 237 856
115 238 144
115 251 33
115 303 321
115 325 215
115 330 211
115 396 529
115 9 342
115 19 660
115 41 239
115 51 867
115 58 414
115 63 932
115 108 346
115 164 844
115 200 103
115 220 625
115 337 127
116 117 124
116 162 855
116 188 179
116 207 246
116 213 234
116 228 890
116 239 822
116 259 555
116 346 68
116 348 549
116 369 583
116 386 785
116 6 880
116 12 869
116 39 475
116 42 337
116 302 327
117 137 227
117 155 912
117 159 707
117 168 300
117 230 538
117 284 117
117 308 175
117 397 1
117 4 817
117 39 384
117 83 293
117 374 658
118 144 102
118 171 104
118 185 126
118 190 538
118 222 935
118 259 252
118 279 469
118 282 434
118 283 637
118 318 874
118 339 682
118 353 64
118 1 168
118 22 645
118 35 77
118 42 577
118 45 192
118 64 219
118 71 169
118 93 170
118 94 593
118 101 343
118 136 954
118 188 552
118 270 476
118 346 963
119 127 921
119 147 966
119 155 259
119 165 541
119 186 329
119 190 415
119 259 465
119 265 246
119 286 840
119 304 729
119 371 658
119 67 972
119 91 959
119 135 275
120 141 764
120 146 925
120 155 451
120 156 960
120 159 466
120 167 382
120 173 280
120 220 32
120 226 192
120 237 109
120 279 252
120 317 663
120 333 984
120 338 418
120 363 208
120 386 249
120 10 699
120 39 515
120 61 166
120 65 260
120 82 301
120 99 740
120 109 470
120 195 471
121 132 770
121 144 435
121 168 100
121 181 670
121 205 406
121 226 586
121 254 893
121 268 827
121 289 578
121 290 584
121 317 959
121 322 910
121 359 361
121 361 200
121 6 151
121 22 211
121 37 369
121 39 490
121 75 557
121 97 307
121 106 798
122 126 197
122 132 801
122 146 603
122 149 499
122 157 949
122 177 441
122 200 423
122 212 135
122 231 558
122 236 446
122 246 572
122 270 826
122 285 332
122 298 316
122 311 3
122 315 50
122 333 526
122 343 679
122 359 809
122 364 470
122 380 757
122 394 226
122 1 841
122 4 861
122 9 168
122 16 421
122 37 802
122 46 820
122 53 162
122 55 964
122 59 762
122 80 260
122 247 483
122 255 633
123 126 328
123 131 150
123 152 62
123 195 921
123 204 475
123 244 581
123 257 243
123 273 97
123 292 728
123 296 483
123 302 277
123 372 482
123 395 442
123 6 650
123 7 579
123 12 18
123 19 640
123 24 259
123 83 959
123 303 837
124 141 109
124 147 628
124 165 459
124 254 14
124 268 470
124 302 582
124 330 253
124 347 642
124 375 931
124 391 450
124 6 895
124 16 454
124 22 493
124 34 959
124 43 705
124 45 345
124 74 343
124 85 986
124 113 940
124 121 738
125 143 811
125 165 134
125 179 11
125 193 224
125 231 672
125 246 119
125 248 995
125 249 757
125 251 851
125 262 274
125 272 119
125 295 55
125 321 929
125 334 196
125 336 71
125 347 805
125 379 158
125 389 967
125 393 165
125 23 289
125 57 224
125 93 273
125 122 989
125 278 103
125 394 381
126 129 121
126 136 370
126 150 776
126 170 949
126 172 8
126 192 254
126 209 121
126 246 500
126 251 780
126 268 963
126 289 943
126 293 495
126 296 196
126 298 623
126 305 624
126 374 190
126 382 597
126 391 43
126 3 973
126 17 236
126 76 836
126 80 662
126 88 377
126 93 311
126 95 78
126 106 522
126 120 367
126 121 684
126 310 689
127 168 477
127 174 12
127 224 160
127 230 857
127 232 868
127 242 966
127 269 805
127 271 94
127 344 566
127 377 471
127 385 108
127 0 454
127 29 492
127 30 588
127 69 963
127 73 588
127 107 891
127 112 623
128 137 768
128 154 174
128 192 674
128 205 728
128 259 375
128 344 225
128 349 738
128 356 720
128 362 340
128 371 23
128 377 448
128 382 233
128 11 363
128 50 943
128 63 813
128 77 154
128 84 673
128 110 728
129 153 824
129 247 488
129 257 435
129 279 489
129 280 451
129 290 257
129 294 895
129 310 115
129 319 180
129 329 687
129 364 983
129 395 910
129 5 560
129 37 559
129 48 298
129 66 6
129 75 540
129 98 911
129 103 238
129 146 900
129 340 31
130 133 480
130 183 636
130 193 151
130 247 35
130 250 420
130 263 999
130 284 552
130 328 628
130 335 984
130 345 75
130 355 318
130 372 300
130 383 552
130 398 651
130 7 813
130 56 68
130 57 536
130 106 285
130 110 452
130 111 269
130 117 874
131 135 211
131 142 651
131 179 92
131 186 938
131 190 971
131 234 310
131 243 718
131 283 537
131 309 290
131 318 596
131 336 732
131 359 65
131 376 696
131 395 997
131 398 296
131 14 9
131 62 156
131 68 8
131 110 788
131 111 507
131 379 833
132 164 737
132 169 385
132 170 0
132 193 450
132 242 225
132 245 786
132 252 156
132 274 908
132 294 354
132 352 680
132 369 968
132 384 812
132 9 103
132 13 486
132 20 365
132 29 149
132 60 195
132 85 746
132 90 375
132 95 376
132 100 100
132 103 989
132 123 984
132 124 959
132 129 377
133 146 447
133 169 180
133 188 864
133 228 927
133 256 215
133 257 743
133 284 228
133 286 460
133 298 146
133 299 965
133 302 329
133 309 105
133 363 775
133 8 644
133 14 305
133 35 992
133 80 730
133 355 866
134 139 172
134 164 632
134 208 633
134 213 397
134 238 880
134 246 307
134 301 609
134 327 446
134 332 236
134 333 713
134 342 712
134 1 627
134 26 576
134 36 866
134 43 691
134 45 785
134 69 653
134 78 764
135 160 913
135 164 816
135 171 477
135 251 753
135 260 373
135 290 790
135 316 56
135 319 708
135 322 994
135 326 589
135 387 46
135 390 651
135 1 956
135 5 414
135 28 169
135 61 142
135 95 821
135 106 807
135 126 867
135 210 495
135 356 597
136 179 641
136 181 458
136 197 448
136 199 845
136 218 655
136 232 240
136 245 98
136 247 680
136 262 238
136 272 950
136 274 172
136 298 628
136 317 191
136 361 6
136 370 12
136 18 27
136 36 101
136 58 943
136 62 306
136 73 464
136 85 436
136 106 945
136 108 591
136 110 249
137 139 976
137 178 181
137 184 342
137 208 328
137 213 851
137 232 950
137 261 93
137 284 295
137 318 515
137 321 477
137 339 824
137 341 876
137 343 636
137 363 323
137 373 486
137 24 350
137 53 178
137 70 706
137 95 907
137 96 396
137 113 240
137 126 641
137 130 158
138 195 297
138 200 616
138 212 667
138 230 711
138 233 908
138 235 378
138 260 395
138 303 16
138 329 453
138 347 754
138 395 76
138 80 454
138 132 875
138 211 33
139 152 745
139 185 980
139 186 453
139 200 671
139 203 464
139 212 115
139 254 548
139 258 280
139 284 8
139 294 871
139 323 532
139 361 733
139 379 107
139 11 295
139 61 290
139 235 260
140 148 174
140 171 543
140 211 142
140 221 326
140 226 620
140 234 58
140 284 108
140 294 186
140 324 84
140 362 190
140 385 477
140 386 148
140 391 765
140 7 314
140 9 30
140 12 747
140 20 487
140 31 51
140 33 36
140 64 959
140 108 785
140 115 24
141 162 733
141 180 651
141 200 79
141 257 772
141 267 372
141 275 303
141 306 695
141 310 242
141 331 400
141 336 399
141 372 481
141 373 342
141 50 72
141 58 880
141 124 322
142 165 873
142 183 870
142 202 16
142 248 801
142 263 500
142 280 5
142 349 558
142 369 626
142 371 430
142 372 289
142 392 103
142 7 796
142 52 132
142 85 497
142 90 7
142 112 672
142 219 620
142 309 128
143 178 891
143 188 289
143 189 573
143 191 335
143 247 664
143 257 294
143 273 437
143 279 542
143 287 754
143 290 329
143 307 141
143 311 604
143 315 857
143 321 359
143 339 310
143 356 939
143 1 534
143 33 293
143 35 369
143 56 9
143 64 226
143 80 887
143 90 612
143 119 89
143 139 829
143 380 704
144 162 556
144 195 53
144 196 750
144 205 376
144 255 499
144 267 517
144 286 605
144 293 634
144 294 979
144 299 553
144 342 453
144 365 658
144 28 124
144 61 890
144 72 981
144 75 890
144 82 110
144 106 560
144 115 525
144 124 214
144 253 287
145 156 220
145 181 832
145 191 876
145 230 913
145 279 517
145 292 632
145 295 853
145 362 610
145 27 560
145 29 194
145 35 415
145 73 448
145 79 496
145 92 40
145 96 41
145 117 673
145 133 930
146 149 339
146 201 417
146 218 527
146 258 638
146 262 859
146 277 878
146 295 817
146 303 866
146 316 44
146 322 380
146 343 791
146 375 937
146 397 52
146 5 323
146 16 409
146 34 792
146 41 476
146 88 709
146 110 896
146 112 974
146 126 795
146 326 402
147 172 91
147 192 518
147 215 465
147 216 881
147 255 737
147 283 174
147 294 391
147 321 160
147 335 821
147 349 677
147 362 967
147 385 624
147 388 933
147 3 151
147 27 537
147 58 497
147 66 563
147 95 888
147 145 788
147 168 646
147 217 753
147 228 409
147 307 47
148 157 663
148 203 861
148 249 305
148 261 326
148 361 335
148 51 396
148 61 98
148 68 240
148 88 63
148 121 486
149 191 201
149 222 505
149 240 571
149 250 986
149 259 228
149 269 743
149 281 965
149 322 538
149 346 905
149 369 352
149 374 548
149 376 625
149 384 690
149 389 262
149 399 241
149 3 546
149 19 921
149 49 756
149 58 414
149 71 804
149 121 790
149 138 686
150 190 372
150 256 754
150 267 653
150 269 892
150 312 743
150 314 7
150 318 508
150 350 606
150 375 35
150 391 968
150 396 462
150 397 699
150 26 563
150 27 552
150 41 590
150 69 221
150 77 727
150 79 171
150 81 729
150 90 302
150 104 166
150 111 715
150 123 57
151 165 806
151 190 149
151 211 104
151 240 588
151 294 169
151 331 60
151 345 890
151 13 934
151 68 110
151 109 152
151 112 880
151 186 877
151 244 894
152 168 805
152 193 677
152 200 165
152 211 468
152 217 760
152 241 144
152 274 192
152 278 513
152 286 751
152 319 598
152 324 692
152 325 655
152 361 633
152 378 55
152 379 718
152 380 620
152 389 666
152 398 23
152 42 58
152 46 488
152 75 935
152 113 708
152 138 235
152 143 983
152 239 248
153 168 747
153 177 606
153 182 603
153 187 726
153 219 290
153 224 417
153 227 532
153 241 795
153 308 831
153 320 552
153 327 878
153 332 799
153 351 372
153 6 943
153 16 691
153 31 203
153 42 999
153 55 713
153 71 177
153 133 46
153 313 324
154 166 832
154 206 241
154 211 401
154 227 878
154 238 657
154 239 93
154 240 20
154 254 182
154 262 418
154 277 649
154 280 194
154 306 653
154 324 212
154 338 394
154 393 998
154 7 650
154 22 58
154 47 429
154 57 102
154 72 953
154 105 767
154 117 638
154 137 908
154 140 898
154 152 770
155 157 115
155 188 620
155 204 426
155 218 575
155 225 356
155 257 322
155 263 27
155 273 367
155 275 879
155 315 885
155 329 685
155 336 925
155 347 359
155 358 333
155 374 781
155 375 678
155 376 618
155 51 351
155 67 237
155 79 38
155 97 265
155 106 423
155 114 427
155 128 114
155 142 34
155 229 122
156 163 434
156 241 73
156 249 986
156 280 3
156 285 622
156 294 140
156 296 848
156 347 830
156 348 808
156 360 630
156 377 466
156 19 552
156 116 349
156 123 314
156 127 684
156 132 48
156 154 402
156 199 350
156 276 996
157 175 399
157 185 121
157 230 771
157 242 246
157 273 873
157 285 281
157 310 584
157 331 349
157 344 957
157 354 947
157 369 8
157 397 311
157 23 673
157 36 973
157 55 797
157 59 399
157 95 122
157 101 177
157 109 964
157 113 207
157 150 294
158 167 302
158 179 170
158 196 490
158 199 61
158 234 384
158 251 101
158 265 666
158 331 96
158 341 953
158 343 229
158 368 959
158 6 876
158 9 257
158 12 164
158 16 620
158 20 185
158 48 694
158 61 901
158 82 607
158 108 819
158 129 727
158 138 3
158 148 134
158 157 36
158 214 905
159 196 218
159 200 688
159 209 492
159 223 992
159 229 405
159 245 222
159 247 733
159 255 252
159 271 948
159 286 81
159 308 974
159 331 817
159 338 476
159 370 489
159 382 645
159 394 506
159 6 884
159 11 709
159 28 746
159 34 607
159 51 738
159 57 50
159 60 355
159 91 996
159 100 786
160 168 271
160 170 557
160 175 723
160 185 81
160 194 829
160 200 492
160 205 89
160 232 455
160 256 661
160 264 744
160 309 607
160 315 541
160 325 226
160 328 766
160 344 571
160 361 279
160 364 289
160 387 480
160 392 621
160 393 544
160 114 964
160 126 363
160 138 262
160 155 375
160 384 530
161 175 706
161 181 558
161 186 201
161 195 592
161 204 81
161 215 383
161 257 817
161 259 354
161 264 134
161 277 466
161 340 807
161 358 956
161 361 595
161 362 40
161 384 407
161 398 980
161 12 83
161 29 921
161 31 24
161 51 96
161 70 376
162 171 366
162 178 930
162 181 426
162 183 376
162 240 138
162 242 224
162 244 408
162 286 681
162 327 821
162 341 625
162 342 95
162 348 827
162 370 301
162 399 355
162 49 785
162 63 461
162 69 337
162 90 94
162 96 866
162 103 481
162 105 261
162 120 615
162 142 21
163 168 416
163 189 606
163 192 101
163 193 433
163 197 860
163 240 712
163 275 6
163 305 751
163 320 48
163 322 949
163 329 203
163 330 600
163 335 504
163 362 277
163 390 739
163 11 729
163 31 728
163 32 145
163 58 237
163 175 443
164 173 563
164 180 452
164 229 8
164 236 96
164 237 455
164 249 642
164 253 571
164 279 400
164 282 935
164 293 818
164 294 875
164 312 296
164 317 888
164 325 40
164 328 664
164 331 540
164 354 418
164 384 653
164 385 506
164 389 440
164 28 77
164 36 956
164 52 281
164 68 467
164 78 45
164 99 276
164 102 167
164 146 458
165 204 14
165 210 653
165 212 392
165 216 736
165 236 564
165 265 163
165 298 242
165 310 952
165 322 625
165 323 80
165 384 551
165 5 706
165 18 910
165 50 369
165 70 467
165 74 751
165 86 40
165 91 14
165 112 599
165 154 477
165 159 92
165 180 498
165 248 129
166 173 835
166 197 940
166 226 966
166 240 86
166 295 456
166 318 575
166 325 119
166 332 160
166 346 273
166 355 631
166 359 522
166 361 864
166 4 733
166 5 734
166 24 801
166 45 724
166 46 610
166 70 818
166 97 782
166 110 585
166 121 62
166 158 570
166 164 602
166 342 155
167 191 74
167 212 121
167 242 28
167 270 425
167 291 11
167 297 786
167 355 564
167 372 631
167 5 88
167 33 602
167 37 440
167 80 368
167 83 707
167 90 225
167 101 725
167 146 144
167 152 637
168 190 64
168 212 283
168 253 623
168 263 406
168 289 753
168 317 523
168 319 483
168 328 219
168 343 958
168 359 683
168 12 71
168 15 165
168 27 206
168 28 754
168 40 378
168 128 610
168 148 125
168 154 971
168 163 862
168 242 493
168 373 469
169 179 915
169 199 755
169 237 357
169 243 288
169 244 670
169 252 997
169 256 561
169 272 234
169 290 770
169 298 173
169 304 206
169 334 140
169 348 159
169 369 608
169 375 0
169 5 536
169 18 490
169 40 477
169 84 777
169 99 627
169 100 602
169 105 78
169 107 655
169 139 809
169 146 808
169 164 733
169 191 777
169 367 955
170 183 462
170 186 58
170 193 564
170 230 250
170 241 547
170 244 262
170 283 528
170 296 419
170 355 80
170 357 779
170 394 261
170 17 68
170 40 890
170 84 819
170 91 229
170 105 31
170 114 175
170 117 904
170 120 103
170 121 521
170 144 812
170 149 537
170 152 971
171 193 534
171 229 643
171 262 912
171 308 206
171 333 704
171 338 845
171 349 621
171 351 951
171 356 429
171 364 994
171 368 586
171 369 646
171 392 646
171 18 614
171 37 262
171 38 720
171 62 263
171 77 297
171 169 639
171 178 747
172 189 195
172 211 36
172 244 231
172 252 400
172 258 556
172 261 640
172 265 235
172 279 980
172 297 244
172 311 297
172 322 891
172 327 998
172 350 553
172 360 943
172 361 547
172 390 405
172 6 656
172 20 272
172 46 181
172 91 192
172 92 478
172 94 527
172 129 139
172 135 422
172 140 719
172 143 452
173 176 805
173 183 619
173 201 332
173 207 258
173 223 622
173 227 485
173 242 414
173 248 234
173 265 831
173 278 478
173 290 173
173 321 46
173 329 637
173 331 270
173 352 873
173 384 610
173 399 593
173 4 398
173 48 160
173 50 274
173 70 293
173 86 689
173 94 905
173 143 703
174 186 120
174 194 846
174 227 397
174 238 364
174 260 829
174 378 883
174 38 411
174 67 825
174 94 775
174 143 223
175 202 587
175 227 134
175 236 711
175 251 837
175 253 774
175 255 520
175 28 128
175 41 862
175 59 318
175 69 31
175 103 657
175 109 528
175 147 204
175 166 343
175 360 395
176 187 565
176 210 453
176 227 268
176 240 112
176 262 169
176 272 532
176 325 920
176 353 820
176 356 414
176 374 514
176 4 328
176 12 16
176 20 856
176 27 508
176 35 426
176 40 53
176 49 471
176 51 973
176 90 996
176 91 660
176 100 277
176 108 97
176 136 775
176 155 658
176 161 882
176 245 859
177 207 311
177 219 116
177 229 792
177 230 217
177 235 125
177 249 819
177 253 408
177 266 61
177 274 964
177 283 764
177 291 987
177 316 997
177 325 331
177 368 386
177 373 845
177 12 430
177 27 335
177 28 389
177 68 292
177 80 676
177 88 363
177 139 585
177 300 906
178 181 881
178 183 593
178 213 106
178 222 896
178 245 153
178 312 726
178 320 523
178 347 464
178 356 880
178 368 883
178 385 361
178 11 133
178 46 881
178 63 380
178 74 338
178 78 790
178 108 875
178 111 232
178 118 94
178 153 991
178 160 485
178 166 995
178 324 748
179 184 75
179 187 802
179 191 492
179 199 261
179 241 842
179 263 840
179 286 825
179 289 420
179 304 654
179 315 789
179 324 194
179 330 716
179 353 293
179 376 656
179 1 957
179 13 692
179 20 187
179 27 968
179 31 263
179 33 984
179 46 958
179 56 804
179 86 251
179 87 223
179 89 951
179 101 802
179 133 382
179 140 873
179 155 942
179 169 559
179 174 195
180 185 359
180 224 350
180 261 398
180 323 708
180 336 509
180 351 888
180 354 653
180 364 291
180 365 412
180 369 192
180 397 943
180 21 433
180 58 23
180 94 818
180 111 23
180 136 844
180 165 539
180 166 160
180 178 789
180 267 386
181 222 241
181 240 919
181 255 882
181 273 561
181 290 274
181 305 75
181 315 253
181 327 930
181 340 721
181 391 316
181 397 695
181 22 702
181 24 491
181 29 584
181 54 576
181 65 149
181 82 166
181 109 840
181 123 75
181 161 371
181 371 837
182 198 520
182 199 903
182 203 889
182 262 893
182 277 484
182 296 948
182 309 788
182 323 294
182 330 666
182 377 248
182 8 555
182 16 859
182 47 644
182 109 581
182 113 127
182 138 881
182 144 521
182 160 176
182 177 882
183 199 664
183 203 966
183 211 561
183 215 599
183 221 52
183 249 891
183 324 813
183 372 366
183 59 426
183 85 112
183 127 432
183 159 332
183 170 823
183 265 301
183 364 888
184 219 389
184 272 710
184 319 783
184 344 966
184 355 709
184 357 21
184 358 439
184 377 357
184 29 943
184 89 313
184 91 152
184 110 50
184 150 532
184 178 280
184 180 484
184 205 179
185 197 742
185 215 47
185 219 872
185 224 796
185 237 66
185 243 359
185 258 997
185 270 630
185 311 653
185 316 475
185 369 175
185 391 418
185 27 734
185 32 367
185 67 938
185 70 413
185 95 150
185 96 876
185 100 863
185 110 962
185 120 657
185 145 231
185 146 823
185 156 737
185 180 464
185 181 636
186 252 352
186 266 321
186 271 745
186 304 863
186 307 281
186 315 623
186 343 776
186 345 509
186 348 298
186 350 895
186 366 126
186 373 851
186 388 475
186 2 434
186 9 474
186 16 83
186 45 893
186 73 742
186 80 569
186 88 762
186 132 274
186 167 475
186 178 430
187 329 821
187 344 931
187 351 760
187 371 62
187 373 342
187 18 768
187 22 862
187 81 125
187 82 447
187 89 83
187 96 996
187 98 657
187 110 163
187 121 776
187 131 146
187 148 17
187 175 266
187 181 714
188 199 1000
188 215 346
188 230 805
188 246 960
188 250 57
188 256 927
188 279 307
188 291 463
188 297 117
188 304 65
188 324 288
188 341 340
188 347 6
188 368 49
188 369 494
188 13 846
188 25 590
188 28 257
188 48 581
188 79 641
188 91 287
188 109 122
188 114 547
188 131 754
188 136 420
188 153 971
188 181 769
189 194 102
189 258 122
189 293 451
189 326 862
189 339 660
189 342 197
189 354 643
189 356 428
189 365 836
189 392 16
189 12 574
189 17 196
189 31 342
189 65 486
189 73 629
189 83 531
189 84 198
189 95 819
189 103 362
189 107 694
189 110 141
189 113 98
189 151 6
189 155 539
189 156 543
189 176 334
189 183 632
190 229 369
190 243 348
190 257 864
190 337 525
190 375 47
190 384 851
190 33 247
190 34 342
190 41 354
190 56 679
190 64 771
190 66 818
190 85 546
190 102 770
190 104 913
190 140 189
190 148 689
190 162 636
190 171 465
190 177 285
190 240 650
191 213 172
191 280 177
191 284 281
191 306 842
191 311 698
191 378 720
191 384 552
191 392 837
191 16 116
191 20 761
191 42 452
191 55 62
191 79 29
191 146 650
191 151 796
191 165 145
191 166 679
191 225 227
192 201 16
192 221 394
192 258 414
192 299 95
192 316 558
192 356 393
192 360 377
192 386 564
192 29 128
192 52 577
192 57 175
192 64 915
192 93 73
192 128 49
192 143 836
192 160 201
193 202 899
193 273 118
193 301 238
193 307 279
193 329 238
193 330 273
193 352 739
193 354 832
193 9 658
193 18 856
193 20 371
193 23 278
193 57 864
193 75 944
193 81 875
193 121 830
193 147 307
193 180 381
194 262 113
194 282 374
194 314 177
194 331 191
194 349 190
194 362 101
194 364 366
194 68 783
194 81 269
194 92 347
194 96 396
194 109 723
194 119 813
194 128 587
194 133 327
194 153 14
194 161 465
194 164 970
194 179 84
194 187 214
195 205 941
195 228 615
195 232 565
195 249 818
195 250 854
195 262 938
195 277 408
195 282 343
195 286 180
195 289 443
195 308 608
195 324 981
195 327 437
195 344 383
195 351 633
195 355 389
195 357 701
195 364 747
195 383 891
195 10 455
195 13 952
195 51 331
195 57 992
195 81 251
195 95 529
195 131 84
195 143 86
195 160 629
195 170 277
195 171 32
195 189 533
196 237 400
196 255 152
196 265 762
196 270 808
196 275 245
196 279 600
196 284 435
196 309 318
196 322 982
196 326 809
196 345 58
196 347 486
196 385 904
196 399 724
196 27 253
196 40 48
196 67 289
196 138 494
196 259 209
197 256 30
197 265 666
197 313 978
197 332 120
197 357 444
197 360 348
197 370 553
197 393 829
197 1 293
197 10 49
197 60 891
197 68 233
197 70 592
197 81 502
197 94 774
197 112 530
197 117 409
197 135 568
197 144 659
197 159 768
198 218 840
198 225 225
198 240 168
198 261 309
198 270 858
198 272 321
198 298 928
198 301 321
198 306 247
198 369 427
198 373 997
198 15 529
198 45 382
198 53 706
198 66 778
198 72 453
198 84 752
198 93 386
198 103 994
198 123 152
198 142 840
198 148 46
198 162 309
198 175 514
198 184 315
198 185 501
199 206 553
199 216 901
199 244 434
199 261 240
199 268 640
199 313 297
199 317 215
199 319 842
199 350 956
199 358 606
199 18 355
199 46 929
199 74 881
199 77 951
199 96 49
199 98 591
199 108 274
199 129 451
199 135 775
199 145 567
199 146 624
199 169 357
199 178 423
199 183 957
199 389 233
200 205 654
200 207 662
200 257 351
200 291 606
200 328 805
200 348 382
200 378 214
200 385 394
200 11 501
200 26 176
200 37 640
200 39 883
200 52 915
200 75 978
200 94 251
200 108 602
200 140 357
200 186 69
200 246 938
201 312 803
201 316 769
201 317 89
201 320 782
201 325 969
201 347 943
201 354 797
201 360 832
201 395 420
201 25 754
201 46 806
201 78 766
201 88 163
201 123 973
201 142 328
201 157 755
201 190 896
202 219 906
202 240 862
202 246 589
202 264 240
202 340 658
202 350 855
202 378 726
202 386 461
202 11 483
202 35 28
202 105 151
202 123 453
202 151 923
202 152 917
202 170 671
202 192 36
202 197 833
203 234 171
203 246 547
203 268 65
203 291 959
203 313 677
203 328 809
203 354 202
203 356 793
203 380 954
203 389 167
203 394 659
203 3 113
203 23 774
203 24 310
203 41 662
203 75 979
203 77 339
203 83 961
203 145 538
203 150 410
203 156 774
203 197 829
203 333 967
203 335 126
204 215 966
204 218 546
204 253 263
204 262 615
204 263 520
204 309 591
204 336 280
204 340 48
204 12 534
204 37 885
204 42 363
204 116 924
204 118 965
204 124 153
204 147 168
204 180 681
204 188 532
204 190 128
204 296 14
204 328 412
205 221 875
205 226 387
205 233 607
205 241 606
205 247 129
205 272 278
205 318 557
205 325 857
205 344 257
205 352 764
205 363 523
205 1 717
205 14 6
205 33 463
205 50 456
205 58 165
205 74 861
205 91 459
205 113 89
205 132 876
205 148 462
206 219 735
206 236 462
206 275 869
206 291 989
206 335 152
206 364 276
206 369 756
206 375 806
206 37 581
206 59 326
206 71 122
206 84 157
206 121 150
206 151 834
206 165 432
206 173 439
206 178 20
206 188 474
206 297 257
207 225 990
207 232 700
207 233 568
207 240 358
207 254 127
207 265 994
207 290 845
207 313 358
207 352 885
207 358 393
207 360 872
207 378 846
207 22 334
207 36 433
207 49 512
207 105 433
207 138 666
207 139 562
207 147 939
207 149 13
207 181 84
207 286 482
208 214 32
208 246 217
208 255 599
208 256 716
208 270 96
208 359 266
208 374 869
208 377 875
208 397 771
208 0 442
208 24 830
208 38 712
208 88 257
208 123 449
208 146 48
208 147 977
208 156 717
208 170 228
208 175 912
208 178 402
208 180 141
208 192 889
208 198 335
208 233 655
209 231 883
209 232 78
209 244 531
209 372 53
209 385 866
209 6 108
209 54 724
209 56 362
209 66 429
209 111 759
209 113 167
209 121 948
209 143 260
209 147 931
209 150 986
209 152 732
209 166 415
209 186 733
209 205 740
209 329 683
210 241 193
210 291 618
210 300 466
210 319 622
210 337 501
210 373 540
210 387 897
210 398 341
210 0 861
210 87 252
210 89 449
210 116 274
210 148 323
210 166 824
211 218 81
211 306 881
211 310 576
211 324 536
211 343 891
211 346 406
211 353 611
211 355 17
211 3 592
211 19 554
211 43 735
211 50 459
211 195 455
212 237 330
212 269 100
212 297 320
212 306 4
212 335 47
212 360 898
212 362 242
212 12 881
212 16 337
212 23 964
212 37 527
212 38 484
212 49 980
212 50 961
212 77 315
212 80 727
212 83 996
212 90 364
212 96 479
212 98 226
212 99 733
212 153 123
212 161 829
212 163 991
212 179 889
212 197 795
212 238 207
213 214 238
213 218 79
213 239 546
213 267 565
213 297 250
213 309 814
213 315 358
213 338 61
213 350 119
213 379 647
213 380 765
213 15 492
213 26 360
213 40 853
213 133 214
213 138 312
213 204 427
213 258 950
214 218 599
214 256 170
214 263 977
214 273 494
214 276 534
214 291 750
214 337 350
214 340 241
214 342 455
214 394 625
214 3 661
214 8 649
214 12 312
214 16 704
214 25 530
214 32 937
214 70 217
214 73 290
214 86 440
214 116 506
214 133 699
214 134 422
214 139 858
214 143 332
214 173 684
214 176 795
214 178 312
214 181 927
214 192 391
214 207 722
215 240 453
215 255 822
215 282 758
215 290 518
215 297 530
215 319 49
215 353 105
215 1 32
215 11 431
215 33 297
215 60 571
215 87 305
215 150 144
215 151 875
215 185 724
215 250 321
215 260 713
215 263 350
216 221 600
216 230 178
216 244 992
216 252 469
216 274 111
216 280 816
216 301 536
216 325 243
216 396 891
216 18 163
216 38 617
216 50 485
216 102 899
216 107 685
216 124 107
216 145 893
216 148 630
216 151 488
216 154 686
216 201 781
216 204 358
216 206 195
216 322 777
217 226 535
217 234 633
217 267 221
217 280 104
217 284 995
217 302 971
217 309 594
217 364 311
217 395 316
217 2 625
217 15 356
217 25 872
217 41 781
217 62 765
217 83 580
217 86 851
217 93 704
217 100 879
217 129 37
217 153 697
217 157 536
218 288 62
218 292 757
218 324 525
218 338 450
218 355 29
218 1 521
218 3 354
218 8 645
218 25 646
218 64 743
218 72 27
218 87 534
218 94 973
218 95 411
218 115 272
218 126 539
218 130 354
218 163 185
218 164 984
218 185 491
218 186 233
219 224 12
219 250 469
219 267 112
219 274 184
219 278 851
219 314 995
219 325 972
219 351 354
219 5 222
219 14 504
219 36 305
219 50 363
219 58 928
219 76 262
219 88 420
219 107 209
219 137 572
219 148 437
219 152 616
219 171 2
219 188 429
219 215 694
219 218 695
220 223 688
220 249 360
220 260 442
220 268 876
220 276 979
220 283 902
220 286 89
220 297 369
220 337 563
220 351 478
220 373 933
220 383 569
220 385 497
220 8 314
220 20 141
220 38 42
220 50 328
220 94 751
220 117 186
220 186 775
220 189 310
220 317 676
221 222 743
221 227 641
221 229 627
221 259 975
221 263 138
221 272 470
221 291 660
221 307 936
221 310 689
221 344 56
221 353 275
221 2 805
221 20 71
221 24 443
221 41 355
221 63 43
221 69 226
221 76 46
221 123 555
221 137 289
221 140 15
221 163 466
221 188 827
221 197 27
221 206 258
222 238 154
222 248 180
222 297 172
222 298 221
222 317 235
222 376 451
222 378 634
222 379 871
222 383 183
222 397 197
222 399 201
222 11 826
222 39 130
222 55 127
222 74 910
222 80 601
222 87 697
222 119 304
222 168 561
222 211 262
222 224 738
222 308 66
223 239 630
223 251 810
223 258 378
223 272 318
223 293 194
223 294 374
223 301 288
223 312 6
223 317 564
223 325 274
223 348 551
223 399 940
223 79 363
223 91 44
223 119 268
223 128 989
223 139 928
223 190 439
224 245 454
224 250 92
224 273 8
224 347 462
224 378 322
224 9 279
224 20 946
224 25 781
224 60 45
224 75 763
224 84 989
224 91 169
224 96 313
224 111 98
224 136 351
224 166 42
224 178 407
224 193 533
224 232 897
224 305 946
225 232 583
225 243 535
225 302 278
225 318 724
225 342 4
225 343 966
225 353 529
225 374 20
225 391 343
225 70 899
225 95 522
225 109 199
225 148 772
225 183 432
225 194 330
226 247 265
226 257 208
226 262 383
226 276 262
226 285 440
226 294 466
226 299 280
226 341 200
226 348 563
226 27 940
226 61 378
226 62 284
226 67 475
226 88 45
226 111 709
226 143 829
226 183 382
226 318 58
226 353 584
227 268 453
227 276 100
227 305 601
227 391 574
227 398 898
227 1 125
227 16 144
227 23 468
227 38 309
227 56 862
227 64 929
227 80 956
227 101 259
227 104 427
227 112 858
227 118 571
227 173 815
227 203 127
228 229 3
228 257 248
228 258 113
228 260 86
228 280 563
228 296 136
228 313 164
228 337 719
228 345 815
228 369 150
228 26 306
228 44 565
228 66 810
228 67 814
228 70 39
228 75 409
228 127 716
228 146 436
228 147 678
228 156 291
228 193 653
228 203 35
229 249 100
229 252 958
229 254 768
229 268 377
229 295 71
229 347 588
229 351 547
229 355 639
229 13 135
229 50 87
229 78 767
229 111 390
229 147 350
229 184 876
229 200 980
229 209 811
229 215 561
230 236 772
230 263 941
230 275 733
230 278 549
230 295 973
230 340 508
230 349 963
230 15 111
230 44 866
230 55 711
230 59 811
230 103 233
230 132 720
230 148 794
230 185 702
230 206 481
230 215 845
230 217 220
230 228 203
230 229 983
231 236 501
231 253 762
231 292 691
231 300 569
231 306 35
231 324 492
231 331 326
231 355 156
231 0 743
231 26 540
231 57 100
231 76 596
231 84 82
231 86 837
231 102 592
231 125 827
231 128 823
231 169 1000
231 177 18
231 187 188
231 202 89
231 216 282
231 224 466
231 314 47
232 301 923
232 329 23
232 334 312
232 337 958
232 357 156
232 5 718
232 11 257
232 91 746
232 97 683
232 110 636
232 252 523
233 270 876
233 289 385
233 294 490
233 315 197
233 317 235
233 321 832
233 325 791
233 359 824
233 361 182
233 6 652
233 30 844
233 51 293
233 63 606
233 124 178
233 130 179
233 152 147
233 171 969
233 179 147
234 336 39
234 340 209
234 369 579
234 380 532
234 10 7
234 11 943
234 31 790
234 32 260
234 45 501
234 48 600
234 63 897
234 79 647
234 93 26
234 102 828
234 133 222
234 135 921
234 140 366
234 167 846
234 206 840
234 226 351
234 232 372
235 244 584
235 250 586
235 274 981
235 352 406
235 377 155
235 1 722
235 3 868
235 35 176
235 50 290
235 90 115
235 148 270
235 157 951
235 158 925
236 241 956
236 256 655
236 370 620
236 29 505
236 61 821
236 81 497
236 99 176
236 109 15
236 128 78
236 130 114
236 132 38
236 133 114
236 219 91
237 294 770
237 295 893
237 333 802
237 360 447
237 365 887
237 394 147
237 2 21
237 18 660
237 31 12
237 67 390
237 101 620
237 120 34
237 143 413
237 149 117
237 163 540
237 194 902
237 209 270
237 215 139
237 221 875
238 247 87
238 281 160
238 286 924
238 292 692
238 311 396
238 369 401
238 381 595
238 17 494
238 39 505
238 40 779
238 41 843
238 47 179
238 61 509
238 68 360
238 88 219
238 95 473
238 121 74
238 173 733
238 195 436
238 212 763
238 220 143
238 293 240
239 255 482
239 290 284
239 295 588
239 298 919
239 359 161
239 378 417
239 27 733
239 60 935
239 80 874
239 82 794
239 96 248
239 122 354
239 139 36
239 155 394
239 169 803
239 179 919
240 255 618
240 305 478
240 332 321
240 368 205
240 5 333
240 20 710
240 21 270
240 23 61
240 32 369
240 48 750
240 66 227
240 84 571
240 101 195
240 106 827
240 117 131
240 121 861
240 159 208
240 174 675
240 203 256
240 232 647
241 242 522
241 303 622
241 304 557
241 350 7
241 351 857
241 382 656
241 102 295
241 121 269
241 123 528
241 129 180
241 130 668
241 162 280
241 184 138
241 235 164
242 247 647
242 259 168
242 286 927
242 309 261
242 333 882
242 335 936
242 37 513
242 39 399
242 44 567
242 65 190
242 73 96
242 109 150
242 122 5
242 157 929
242 160 42
242 193 27
242 238 449
242 280 212
242 284 734
242 311 477
243 253 848
243 265 319
243 292 566
243 298 468
243 302 631
243 316 165
243 327 393
243 339 676
243 344 937
243 345 621
243 362 49
243 384 346
243 18 693
243 51 837
243 87 793
243 123 357
243 141 996
243 161 58
243 165 71
243 228 150
244 278 367
244 282 186
244 327 94
244 346 339
244 358 119
244 381 151
244 394 93
244 40 694
244 43 107
244 47 827
244 64 941
244 108 166
244 114 766
244 122 791
244 127 596
244 131 409
244 143 688
244 145 869
244 164 88
244 176 432
244 194 609
244 206 947
244 229 635
245 251 519
245 302 761
245 346 698
245 347 761
245 357 752
245 371 795
245 382 658
245 13 636
245 17 300
245 35 531
245 48 675
245 50 257
245 68 980
245 72 929
245 95 257
245 110 365
245 152 938
245 156 761
245 160 616
245 169 638
245 197 553
245 228 324
245 249 794
246 262 480
246 268 334
246 276 602
246 296 31
246 298 994
246 328 249
246 347 120
246 373 90
246 384 194
246 5 410
246 29 796
246 60 611
246 70 83
246 90 757
246 97 303
246 105 79
246 120 705
246 156 179
246 159 728
246 165 26
246 188 542
246 220 240
246 233 331
247 272 893
247 287 350
247 288 146
247 296 326
247 313 739
247 334 234
247 362 205
247 374 65
247 391 739
247 39 526
247 90 985
247 101 76
247 119 742
247 127 846
247 154 678
247 186 533
247 190 372
247 202 517
247 203 6
247 223 513
247 238 313
248 252 703
248 270 79
248 349 690
248 357 325
248 399 309
248 7 807
248 9 732
248 36 548
248 50 277
248 68 958
248 70 501
248 73 542
248 79 78
248 80 21
248 84 738
248 86 947
248 110 497
248 117 591
248 129 977
248 134 851
248 159 440
248 199 474
248 244 343
249 315 244
249 323 830
249 336 539
249 390 203
249 391 208
249 393 511
249 0 713
249 20 220
249 32 230
249 34 846
249 98 708
249 100 754
249 110 720
249 112 164
249 113 734
249 126 291
249 164 71
249 171 232
249 210 963
249 213 292
249 241 477
249 345 624
250 255 929
250 267 833
250 286 8
250 298 217
250 304 784
250 306 65
250 313 185
250 318 318
250 379 564
250 380 150
250 384 759
250 5 289
250 9 480
250 29 44
250 40 589
250 64 125
250 72 424
250 78 71
250 106 633
250 111 347
250 170 409
250 184 440
250 206 652
250 218 187
250 240 271
250 242 148
251 275 634
251 278 583
251 299 325
251 342 262
251 348 397
251 368 987
251 377 232
251 387 202
251 399 601
251 11 359
251 21 44
251 28 63
251 44 924
251 63 626
251 96 720
251 97 324
251 123 114
251 124 278
251 132 653
251 143 59
251 151 695
251 157 992
251 162 107
251 184 94
251 198 43
251 365 126
252 261 380
252 264 68
252 308 831
252 364 981
252 371 732
252 391 461
252 398 750
252 47 279
252 55 401
252 62 6
252 68 267
252 76 183
252 96 716
252 112 654
252 139 6
252 143 881
252 169 376
252 186 938
252 214 128
252 239 282
252 244 586
253 266 781
253 277 408
253 283 536
253 298 638
253 317 571
253 318 895
253 319 80
253 326 195
253 367 101
253 374 353
253 3 473
253 5 13
253 9 886
253 20 314
253 51 947
253 66 560
253 113 269
253 116 757
253 135 102
253 145 183
253 174 937
253 200 807
253 203 723
253 204 994
253 223 542
253 232 556
253 234 866
253 251 877
253 290 591
254 272 594
254 312 324
254 349 118
254 32 632
254 44 559
254 64 377
254 84 765
254 91 17
254 94 287
254 114 377
254 172 540
254 206 371
254 231 55
254 240 236
254 242 887
254 250 827
254 372 382
255 263 114
255 272 101
255 273 190
255 274 911
255 320 145
255 345 605
255 348 926
255 355 393
255 362 786
255 381 888
255 2 699
255 5 276
255 19 249
255 33 109
255 39 305
255 68 982
255 96 734
255 110 153
255 126 613
255 146 136
255 152 504
255 168 632
255 186 836
255 212 910
255 368 453
255 387 615
256 273 350
256 278 834
256 314 705
256 316 597
256 322 23
256 355 302
256 395 542
256 396 955
256 85 690
256 103 514
256 110 290
256 112 754
256 114 40
256 133 311
256 136 864
256 137 929
256 150 937
256 178 288
256 179 515
256 184 327
256 189 646
256 196 162
256 200 974
256 242 24
256 254 25
257 287 415
257 296 692
257 297 485
257 302 337
257 312 410
257 359 996
257 45 345
257 68 401
257 99 949
257 108 208
257 137 361
257 146 993
257 169 484
257 177 670
257 248 693
258 267 430
258 277 623
258 285 507
258 292 898
258 358 166
258 373 847
258 9 376
258 10 824
258 17 645
258 19 506
258 28 752
258 40 577
258 47 489
258 56 266
258 65 879
258 88 257
258 108 139
258 127 128
258 138 234
258 169 379
258 181 374
258 189 595
258 204 134
258 205 520
258 228 823
258 241 214
258 243 875
258 252 177
259 273 410
259 286 106
259 292 4
259 309 584
259 316 642
259 325 547
259 339 681
259 346 814
259 350 260
259 372 274
259 375 995
259 382 207
259 386 937
259 18 765
259 42 920
259 59 366
259 65 775
259 123 393
259 128 806
259 166 930
259 171 210
259 190 397
259 192 597
259 320 88
259 323 651
260 289 567
260 313 399
260 343 711
260 348 496
260 358 257
260 375 285
260 395 192
260 53 795
260 111 766
260 113 290
260 122 332
260 139 513
260 149 174
260 184 990
260 214 225
260 257 600
261 305 657
261 326 218
261 330 838
261 371 907
261 376 887
261 381 334
261 9 107
261 17 695
261 39 942
261 83 860
261 93 191
261 99 234
261 107 480
261 112 808
261 114 52
261 124 504
261 134 119
261 197 788
261 201 30
261 207 194
261 212 221
261 257 321
262 276 322
262 285 580
262 297 164
262 324 93
262 353 147
262 355 944
262 367 280
262 372 12
262 393 742
262 397 724
262 13 965
262 55 259
262 72 144
262 73 361
262 122 414
262 133 749
262 140 913
262 178 433
262 184 346
262 198 541
262 200 103
262 221 919
262 226 19
263 319 680
263 320 478
263 329 559
263 350 239
263 368 891
263 369 40
263 25 608
263 31 618
263 32 797
263 70 399
263 96 832
263 101 809
263 120 562
263 141 495
263 207 886
263 209 716
263 210 89
263 224 8
263 258 589
264 282 799
264 297 851
264 300 379
264 302 726
264 351 872
264 387 344
264 10 824
264 59 93
264 90 553
264 96 191
264 114 526
264 125 233
264 138 28
264 163 838
264 177 244
264 185 359
264 199 295
264 200 350
264 233 673
264 238 270
264 239 195
264 248 402
264 251 813
264 330 662
264 378 514
265 275 731
265 292 699
265 328 13
265 343 317
265 349 188
265 366 476
265 367 808
265 395 669
265 6 470
265 61 681
265 65 909
265 94 707
265 140 245
265 204 386
266 272 667
266 364 340
266 377 266
266 22 144
266 62 142
266 78 855
266 82 265
266 92 926
266 99 772
266 150 11
266 176 642
266 178 254
266 183 314
266 189 176
267 268 104
267 269 814
267 312 938
267 313 119
267 320 314
267 342 365
267 346 340
267 357 612
267 368 482
267 377 155
267 3 452
267 21 23
267 32 57
267 51 78
267 59 103
267 60 281
267 65 251
267 66 687
267 70 715
267 82 183
267 85 575
267 95 567
267 99 721
267 101 51
267 134 455
267 188 726
267 200 42
267 218 727
267 258 643
268 286 866
268 300 703
268 310 439
268 331 769
268 364 404
268 384 197
268 396 932
268 4 264
268 14 122
268 15 738
268 79 636
268 118 704
268 121 739
268 145 865
268 147 354
268 148 967
268 177 292
268 178 1
268 195 12
268 223 471
268 250 705
268 260 299
268 265 947
269 273 686
269 288 817
269 297 454
269 308 935
269 339 498
269 348 622
269 396 112
269 39 728
269 85 20
269 106 488
269 166 269
269 170 916
269 184 82
269 197 600
269 208 538
270 271 920
270 279 447
270 349 341
270 355 890
270 356 993
270 360 481
270 368 348
270 369 77
270 370 461
270 378 429
270 399 860
270 23 616
270 43 157
270 81 744
270 87 484
270 88 860
270 136 63
270 143 9
270 151 559
270 173 259
270 176 945
270 189 940
270 193 254
270 248 347
270 262 54
271 280 571
271 291 872
271 302 959
271 309 46
271 354 89
271 386 99
271 394 870
271 52 877
271 80 999
271 85 803
271 100 563
271 110 750
271 171 758
271 181 421
271 197 945
271 199 975
271 203 383
271 219 291
271 223 897
271 267 713
272 273 749
272 297 913
272 350 99
272 361 808
272 375 259
272 395 373
272 11 735
272 46 965
272 68 660
272 69 471
272 75 233
272 100 610
272 119 633
272 132 699
272 160 316
272 161 566
272 162 524
272 173 101
272 220 781
272 240 150
272 254 778
273 346 960
273 399 709
273 5 924
273 14 332
273 62 952
273 72 139
273 120 852
273 128 627
273 180 886
273 199 997
273 204 911
273 225 829
273 258 759
273 261 752
273 348 74
274 298 532
274 327 463
274 341 788
274 354 816
274 372 322
274 374 957
274 15 366
274 34 264
274 57 354
274 76 17
274 94 142
274 115 330
274 130 654
274 162 773
274 180 76
274 213 111
274 224 858
274 242 840
274 243 822
274 246 52
275 285 318
275 288 609
275 301 913
275 317 137
275 321 329
275 361 891
275 374 463
275 2 773
275 35 777
275 66 178
275 69 327
275 70 12
275 115 795
275 120 617
275 171 523
275 190 306
275 218 591
276 302 860
276 303 891
276 306 751
276 317 483
276 325 973
276 361 180
276 19 210
276 28 282
276 53 250
276 60 997
276 66 916
276 72 138
276 76 411
276 95 903
276 101 870
276 117 116
276 125 507
276 143 161
276 167 780
276 176 118
276 187 712
276 205 947
276 206 32
277 296 353
277 328 35
277 358 135
277 363 940
277 367 14
277 387 746
277 391 970
277 3 704
277 9 950
277 16 72
277 21 395
277 50 570
277 51 755
277 70 704
277 75 899
277 96 336
277 112 168
277 117 470
277 119 597
277 131 467
277 155 398
277 170 77
277 174 96
277 208 334
277 222 243
277 225 635
277 265 718
277 268 77
277 273 587
278 286 240
278 324 532
278 333 144
278 377 166
278 3 173
278 15 736
278 22 532
278 41 40
278 104 802
278 112 632
278 131 70
278 161 715
278 203 307
278 232 252
278 256 374
278 259 739
278 261 429
278 273 4
279 282 163
279 297 501
279 332 414
279 358 168
279 360 793
279 388 177
279 394 309
279 1 178
279 3 674
279 7 228
279 39 186
279 73 535
279 100 763
279 103 7
279 139 135
279 186 999
279 200 952
279 202 131
279 208 135
279 240 316
279 257 422
279 268 56
280 324 56
280 325 750
280 329 32
280 366 218
280 386 106
280 393 993
280 14 821
280 44 186
280 59 421
280 61 479
280 82 455
280 126 502
280 134 200
280 135 190
280 145 97
280 162 593
280 164 557
280 218 370
280 228 530
280 237 937
280 249 309
280 264 147
280 385 370
281 288 292
281 306 928
281 322 312
281 333 468
281 336 693
281 348 405
281 370 763
281 382 451
281 39 151
281 61 131
281 62 559
281 65 917
281 70 541
281 80 860
281 130 808
281 135 888
281 161 358
281 164 73
281 190 334
281 192 497
281 216 632
281 255 872
281 262 333
281 269 670
281 279 263
282 316 478
282 321 83
282 324 504
282 351 555
282 366 661
282 370 775
282 380 352
282 388 742
282 393 515
282 20 64
282 25 741
282 27 857
282 31 148
282 42 857
282 50 405
282 111 298
282 147 684
282 176 976
282 186 226
282 203 236
282 208 590
282 224 593
282 287 395
283 300 498
283 302 659
283 318 659
283 333 362
283 338 483
283 346 255
283 360 219
283 362 1
283 77 343
283 80 345
283 101 954
283 112 874
283 124 815
283 134 408
283 138 110
283 160 349
283 195 325
283 219 128
283 254 602
283 264 268
283 268 408
284 301 630
284 330 519
284 340 714
284 15 58
284 75 951
284 77 975
284 95 746
284 118 752
284 172 325
284 192 30
284 193 8
284 205 39
284 218 916
284 240 272
284 256 878
284 257 38
284 260 950
285 288 947
285 321 151
285 331 877
285 332 338
285 347 818
285 359 631
285 389 123
285 10 734
285 112 122
285 170 670
285 210 326
285 215 448
285 249 36
285 252 72
285 257 378
285 264 564
286 295 263
286 335 883
286 385 531
286 3 260
286 68 367
286 91 641
286 116 318
286 172 414
286 177 563
286 211 977
286 224 864
286 252 451
286 263 0
286 267 212
286 325 487
286 350 565
287 288 913
287 325 145
287 342 203
287 373 741
287 4 395
287 24 58
287 46 867
287 82 707
287 95 294
287 105 199
287 118 734
287 155 683
287 166 543
287 183 629
287 208 116
287 211 67
287 213 694
287 221 846
287 237 369
287 250 415
287 269 894
288 300 739
288 326 648
288 333 717
288 372 534
288 379 829
288 14 476
288 19 115
288 58 38
288 93 306
288 145 763
288 146 124
288 165 802
288 175 74
288 187 232
288 203 651
288 225 377
288 252 489
289 304 828
289 305 549
289 342 997
289 350 370
289 38 219
289 71 491
289 161 127
289 167 966
289 191 145
289 216 217
289 225 435
289 265 89
289 272 475
289 285 859
290 330 808
290 351 78
290 355 983
290 385 621
290 26 402
290 27 825
290 28 422
290 41 394
290 65 656
290 75 470
290 101 33
290 107 760
290 116 758
290 139 995
290 146 319
290 160 669
290 188 528
290 236 701
290 257 960
290 282 365
291 310 115
291 335 436
291 359 573
291 0 256
291 9 790
291 13 857
291 86 903
291 125 431
291 128 707
291 133 194
291 139 296
291 159 110
291 169 115
291 201 519
291 249 979
291 271 841
292 295 31
292 303 974
292 378 537
292 393 636
292 8 392
292 14 153
292 93 901
292 116 972
292 134 400
292 138 917
292 141 989
292 206 381
292 227 748
292 261 583
292 263 453
292 274 700
292 277 612
293 309 387
293 332 788
293 351 666
293 365 550
293 380 767
293 385 324
293 15 920
293 46 586
293 98 673
293 118 916
293 126 951
293 138 8
293 156 337
293 166 930
293 172 858
293 231 289
293 245 709
293 283 409
293 290 250
294 321 640
294 330 384
294 349 964
294 356 182
294 369 65
294 378 214
294 381 837
294 7 809
294 18 940
294 25 166
294 31 48
294 49 106
294 72 74
294 73 646
294 81 199
294 111 576
294 112 492
294 123 174
294 134 925
294 162 503
294 171 572
294 185 719
294 218 750
294 222 860
294 263 393
294 271 709
295 308 60
295 331 964
295 372 687
295 3 879
295 39 477
295 41 216
295 53 647
295 61 166
295 62 476
295 80 685
295 100 86
295 112 239
295 139 320
295 142 684
295 167 306
295 190 260
295 192 828
295 249 310
295 259 639
295 275 982
296 299 241
296 328 946
296 349 688
296 363 178
296 9 919
296 73 768
296 80 484
296 87 195
296 114 592
296 119 529
296 162 381
296 186 455
296 187 596
296 226 369
296 233 548
296 261 103
296 271 725
297 306 917
297 309 919
297 320 747
297 339 664
297 340 130
297 365 627
297 389 72
297 9 995
297 13 380
297 39 915
297 48 501
297 65 564
297 84 809
297 116 616
297 117 509
297 147 0
297 165 728
297 181 392
297 190 625
297 200 671
297 233 736
297 262 388
298 312 739
298 365 362
298 367 51
298 376 580
298 378 250
298 379 259
298 391 290
298 394 162
298 399 588
298 6 736
298 10 176
298 56 987
298 60 250
298 72 118
298 97 551
298 103 225
298 112 674
298 121 525
298 122 866
298 138 27
298 147 990
298 183 289
298 229 901
298 231 327
298 264 364
299 309 883
299 311 865
299 326 910
299 327 991
299 357 936
299 363 277
299 376 568
299 36 51
299 44 166
299 71 547
299 82 411
299 136 293
299 183 558
299 252 602
299 255 873
299 269 244
299 289 352
299 336 693
300 307 503
300 323 951
300 329 5
300 356 281
300 362 52
300 393 788
300 397 115
300 35 774
300 42 491
300 52 188
300 92 916
300 96 764
300 132 916
300 198 923
300 210 552
300 276 63
300 299 542
301 323 320
301 325 625
301 342 518
301 348 839
301 354 596
301 355 191
301 42 464
301 44 57
301 53 95
301 89 250
301 92 687
301 115 862
301 154 665
301 156 4
301 166 826
301 175 35
301 194 813
301 230 687
301 233 157
301 235 419
302 304 418
302 336 219
302 337 647
302 340 355
302 357 727
302 397 445
302 19 92
302 38 177
302 49 390
302 59 435
302 60 660
302 79 630
302 105 385
302 136 356
302 156 955
302 162 856
302 192 740
302 210 770
302 258 591
302 259 198
302 261 203
302 287 20
302 296 150
303 371 596
303 3 182
303 35 301
303 43 709
303 47 365
303 73 239
303 92 352
303 111 213
303 112 696
303 139 126
303 158 162
303 170 749
303 191 532
303 205 688
303 223 184
303 234 287
303 255 919
303 259 882
303 388 57
304 338 231
304 342 311
304 344 151
304 361 952
304 367 895
304 380 76
304 392 227
304 15 665
304 53 838
304 59 381
304 72 721
304 73 74
304 79 598
304 116 366
304 143 204
304 202 310
304 232 399
304 244 893
304 247 495
304 248 792
304 257 900
304 264 936
304 275 758
304 277 767
305 306 254
305 330 914
305 336 625
305 356 388
305 357 638
305 378 601
305 21 197
305 37 853
305 42 214
305 65 752
305 88 492
305 98 140
305 116 247
305 117 490
305 131 602
305 147 670
305 174 122
305 212 179
305 214 750
305 223 705
305 242 746
305 274 78
305 280 575
306 336 327
306 366 158
306 381 985
306 393 382
306 3 813
306 72 193
306 76 744
306 85 115
306 116 805
306 141 691
306 148 256
306 162 514
306 164 779
306 182 972
306 218 65
306 271 37
306 282 886
306 285 740
306 289 849
306 321 87
307 326 853
307 327 446
307 330 483
307 342 546
307 344 24
307 352 463
307 375 4
307 385 766
307 393 15
307 15 840
307 83 108
307 87 474
307 112 908
307 123 578
307 149 415
307 174 978
307 188 187
307 218 994
307 253 813
307 256 207
308 325 775
308 342 160
308 388 612
308 0 156
308 33 77
308 37 846
308 42 244
308 69 57
308 86 728
308 153 305
308 161 256
308 189 790
308 202 118
308 227 583
308 229 231
308 238 954
308 252 851
308 275 639
308 290 475
308 357 729
309 310 147
309 321 521
309 343 81
309 362 528
309 381 372
309 395 877
309 7 483
309 22 840
309 30 843
309 39 616
309 51 645
309 56 731
309 58 943
309 63 59
309 69 423
309 80 990
309 87 703
309 98 892
309 102 229
309 110 336
309 132 786
309 184 201
309 190 218
309 199 428
309 210 461
309 213 955
309 221 241
309 269 850
309 273 884
309 277 538
309 281 100
309 306 808
310 316 850
310 323 802
310 340 118
310 371 350
310 378 407
310 390 774
310 392 346
310 42 546
310 52 275
310 55 618
310 84 695
310 101 656
310 133 188
310 137 623
310 144 270
310 149 657
310 179 813
310 193 69
310 237 405
310 238 759
310 242 921
310 273 775
310 277 678
310 307 914
311 316 780
311 319 763
311 327 374
311 345 734
311 351 758
311 353 462
311 357 375
311 369 926
311 13 274
311 20 761
311 112 520
311 135 832
311 138 669
311 140 611
311 163 234
311 165 323
311 223 688
311 230 687
311 231 893
311 274 10
312 334 635
312 367 499
312 387 659
312 388 855
312 393 216
312 47 924
312 51 242
312 60 198
312 71 997
312 97 940
312 114 423
312 185 17
312 202 202
312 228 549
312 278 904
313 316 843
313 366 684
313 20 312
313 57 988
313 85 336
313 124 131
313 131 158
313 135 904
313 143 828
313 160 929
313 166 251
313 176 624
313 183 43
313 209 835
313 221 653
313 224 36
313 243 22
313 259 17
313 264 872
313 291 737
314 361 444
314 394 661
314 25 660
314 42 222
314 45 175
314 65 66
314 79 34
314 83 523
314 132 109
314 139 634
314 141 598
314 155 22
314 183 699
314 225 539
314 246 644
314 278 794
314 305 927
315 337 770
315 379 614
315 5 633
315 10 358
315 27 243
315 40 749
315 84 248
315 104 54
315 119 810
315 154 754
315 171 557
315 219 584
315 238 320
315 242 918
315 261 971
315 268 291
315 274 532
315 281 311
315 286 879
315 291 739
315 303 279
316 320 147
316 326 549
316 342 811
316 399 714
316 47 136
316 64 767
316 72 941
316 99 227
316 115 943
316 128 187
316 134 935
316 137 754
316 147 308
316 183 729
316 213 193
316 237 5
316 274 126
316 277 673
316 293 568
316 295 885
316 311 321
317 347 108
317 368 627
317 373 675
317 383 621
317 397 314
317 4 910
317 8 465
317 32 214
317 56 61
317 71 700
317 75 326
317 113 711
317 137 799
317 166 219
317 212 528
317 222 638
317 229 30
317 243 943
317 282 227
317 287 655
317 295 206
318 332 180
318 341 584
318 342 155
318 361 548
318 364 525
318 380 867
318 393 661
318 10 398
318 44 553
318 61 356
318 63 438
318 69 932
318 71 185
318 85 994
318 88 697
318 97 698
318 102 63
318 107 841
318 117 458
318 153 137
318 178 469
318 182 376
318 193 521
318 199 780
318 209 977
318 230 299
318 250 572
318 254 641
318 268 325
318 287 776
319 320 382
319 352 144
319 356 602
319 358 724
319 398 510
319 3 132
319 9 383
319 31 855
319 38 173
319 69 37
319 98 320
319 99 683
319 154 592
319 155 436
319 212 120
319 221 160
319 240 572
319 244 188
319 301 707
319 312 879
320 372 382
320 25 109
320 93 690
320 100 63
320 114 435
320 137 359
320 190 980
320 217 804
320 238 173
320 249 492
320 250 130
320 274 897
320 278 631
320 281 952
320 290 643
321 369 152
321 9 202
321 27 84
321 75 136
321 111 994
321 167 658
321 179 474
321 180 83
321 253 666
321 262 767
321 282 332
321 319 521
322 329 326
322 390 671
322 19 766
322 33 133
322 42 81
322 98 19
322 102 698
322 120 441
322 150 938
322 219 251
322 223 162
322 242 513
322 267 250
322 270 529
322 273 947
322 295 556
323 330 266
323 346 61
323 350 798
323 363 442
323 373 279
323 388 977
323 16 51
323 41 615
323 56 587
323 62 592
323 85 809
323 96 706
323 100 198
323 209 113
323 224 954
323 256 154
323 283 340
324 374 650
324 384 578
324 8 106
324 13 45
324 24 478
324 37 306
324 41 692
324 45 273
324 56 804
324 91 278
324 98 336
324 128 794
324 144 721
324 213 715
324 233 966
324 258 196
324 268 261
324 291 542
324 303 136
325 332 18
325 336 72
325 368 472
325 376 507
325 384 162
325 60 912
325 118 775
325 129 395
325 139 648
325 140 915
325 152 111
325 188 484
325 191 258
325 193 520
325 210 559
325 225 857
325 230 31
325 290 733
325 309 219
326 354 733
326 361 771
326 364 273
326 376 560
326 379 407
326 70 877
326 85 25
326 106 494
326 129 407
326 132 759
326 134 90
326 138 499
326 153 543
326 155 161
326 179 543
326 234 265
326 250 482
326 293 233
326 312 132
326 319 394
326 320 979
327 359 240
327 374 774
327 385 515
327 2 969
327 22 31
327 47 529
327 73 152
327 79 200
327 87 934
327 131 368
327 132 173
327 156 650
327 185 706
327 195 446
327 208 785
327 215 746
327 216 499
327 245 233
327 297 585
327 309 885
327 322 127
328 335 476
328 359 891
328 375 470
328 395 261
328 1 78
328 29 243
328 46 216
328 61 913
328 67 580
328 94 683
328 95 452
328 99 281
328 146 9
328 162 121
328 195 173
328 201 1000
328 212 435
328 217 99
328 223 39
328 257 619
328 294 371
328 305 762
328 308 864
328 324 12
328 326 717
329 332 810
329 382 924
329 383 40
329 13 285
329 14 274
329 42 86
329 49 529
329 63 318
329 78 23
329 82 886
329 124 696
329 128 943
329 140 488
329 184 67
329 186 728
329 242 84
329 247 131
329 258 696
329 301 369
329 317 9
330 332 668
330 341 761
330 344 338
330 377 49
330 1 742
330 3 370
330 43 702
330 94 343
330 101 729
330 102 473
330 107 765
330 118 5
330 158 431
330 172 509
330 174 805
330 197 623
330 199 198
330 219 201
330 220 546
330 233 723
330 251 137
330 272 283
330 285 784
331 389 283
331 2 936
331 13 406
331 37 374
331 57 812
331 79 251
331 101 875
331 113 550
331 122 424
331 164 305
331 173 400
331 176 990
331 206 334
331 213 242
331 221 545
331 222 39
331 264 359
331 266 702
331 283 309
331 285 219
331 296 737
331 308 746
331 370 531
332 361 249
332 372 282
332 391 87
332 30 67
332 71 859
332 88 576
332 113 465
332 179 52
332 248 962
332 251 909
332 258 272
332 294 408
332 313 477
333 390 524
333 398 831
333 24 124
333 40 207
333 41 313
333 92 700
333 93 117
333 114 985
333 124 108
333 154 733
333 210 940
333 227 732
333 253 582
333 262 983
333 298 119
334 367 319
334 371 462
334 4 504
334 7 862
334 14 540
334 18 531
334 25 269
334 40 821
334 53 407
334 75 51
334 89 314
334 132 543
334 145 106
334 200 818
334 213 581
334 229 185
334 258 960
334 264 388
334 265 913
334 276 3
334 285 161
335 377 783
335 391 415
335 396 273
335 0 134
335 7 185
335 18 335
335 128 935
335 161 465
335 176 313
335 177 250
335 180 739
335 191 383
335 195 40
335 202 934
335 211 553
335 213 448
335 221 752
335 227 9
335 264 133
335 320 341
336 349 652
336 394 282
336 14 306
336 17 621
336 35 4
336 37 301
336 57 730
336 87 510
336 96 145
336 102 864
336 129 926
336 141 748
336 158 125
336 161 888
336 194 701
336 202 257
336 233 557
336 302 951
336 314 126
336 332 879
336 334 611
337 363 314
337 374 416
337 379 23
337 388 425
337 390 149
337 393 152
337 8 705
337 10 387
337 32 225
337 44 295
337 99 853
337 118 549
337 122 946
337 125 53
337 146 874
337 147 752
337 196 530
337 212 633
337 219 954
337 228 132
337 231 13
337 236 635
337 288 681
337 318 465
338 348 233
338 349 139
338 354 877
338 378 928
338 16 519
338 26 985
338 87 585
338 126 344
338 156 420
338 162 122
338 170 855
338 225 303
338 249 791
338 278 310
338 279 71
338 287 42
338 293 407
339 378 144
339 391 532
339 8 594
339 35 635
339 36 642
339 52 19
339 55 950
339 77 435
339 88 965
339 93 916
339 99 135
339 121 964
339 171 61
339 184 281
339 190 988
339 192 806
339 235 652
339 253 542
339 257 100
339 278 349
339 285 672
339 302 464
339 319 274
340 346 239
340 348 61
340 364 72
340 372 854
340 379 765
340 12 904
340 22 298
340 28 851
340 44 455
340 47 233
340 65 633
340 68 994
340 69 178
340 78 607
340 100 38
340 113 293
340 128 584
340 158 6
340 206 16
340 219 477
340 256 406
340 258 920
340 269 358
340 293 54
340 316 987
340 321 114
341 380 625
341 7 585
341 12 671
341 18 437
341 19 748
341 42 503
341 48 585
341 64 556
341 95 529
341 161 982
341 182 988
341 193 428
341 194 207
341 213 228
341 217 590
341 236 467
341 276 303
341 289 679
341 307 175
341 310 664
341 320 841
341 324 51
341 326 202
341 328 990
341 332 73
341 336 719
342 346 857
342 358 905
342 385 212
342 1 59
342 10 310
342 25 76
342 30 57
342 54 356
342 61 963
342 69 6
342 86 77
342 116 818
342 130 160
342 137 851
342 157 124
342 169 58
342 187 29
342 188 474
342 195 912
342 229 556
342 261 4
342 305 227
342 310 807
342 316 31
342 321 851
343 349 615
343 75 747
343 99 835
343 117 794
343 124 495
343 133 173
343 152 425
343 180 713
343 188 593
343 198 335
343 200 254
343 208 988
343 212 445
343 233 1
343 263 527
343 285 2
343 287 837
343 332 35
344 17 712
344 59 382
344 97 532
344 135 858
344 156 704
344 162 176
344 244 586
344 245 164
344 247 56
344 253 962
344 255 997
344 261 498
344 304 960
344 323 654
345 374 851
345 0 879
345 8 120
345 10 437
345 17 657
345 19 294
345 24 576
345 81 105
345 119 220
345 166 134
345 169 38
345 200 451
345 248 518
345 253 485
345 268 302
345 274 763
345 289 14
345 293 282
345 311 702
345 316 11
345 318 864
345 342 359
345 343 917
346 357 4
346 374 343
346 398 330
346 84 126
346 86 701
346 89 635
346 93 911
346 101 90
346 103 252
346 106 857
346 120 167
346 139 325
346 176 669
346 212 263
346 257 795
346 276 76
346 278 68
346 287 494
346 330 64
347 396 608
347 5 298
347 99 516
347 143 390
347 155 254
347 177 541
347 207 69
347 209 422
347 215 534
347 282 783
347 292 891
347 335 336
347 336 655
348 361 200
348 366 674
348 51 473
348 53 544
348 85 745
348 86 834
348 88 752
348 91 425
348 102 618
348 139 170
348 156 248
348 174 335
348 175 977
348 183 539
348 185 323
348 197 691
348 203 90
348 207 128
348 237 93
348 254 612
348 275 808
348 282 505
348 314 603
348 337 649
348 346 730
349 367 85
349 34 495
349 74 721
349 96 806
349 141 385
349 143 974
349 151 596
349 182 693
349 205 870
349 212 566
349 228 488
349 264 291
349 272 638
349 314 441
349 321 853
349 323 60
350 353 198
350 18 358
350 35 63
350 71 931
350 82 14
350 143 602
350 146 882
350 147 555
350 165 658
350 172 595
350 200 30
350 229 903
350 249 194
350 254 348
350 263 298
350 301 673
350 339 230
351 388 299
351 2 553
351 61 805
351 75 564
351 112 380
351 127 545
351 150 680
351 188 5
351 196 994
351 213 451
351 233 984
351 292 598
351 301 868
351 324 638
352 375 532
352 394 95
352 8 860
352 11 667
352 70 581
352 76 255
352 106 73
352 125 968
352 127 603
352 132 857
352 133 389
352 134 555
352 135 242
352 155 682
352 157 455
352 196 569
352 248 876
352 286 895
352 288 620
352 313 594
352 323 608
353 357 23
353 362 893
353 382 93
353 386 671
353 4 43
353 31 440
353 54 881
353 57 589
353 68 787
353 69 475
353 93 483
353 97 680
353 131 189
353 136 820
353 137 856
353 153 806
353 172 811
353 200 521
353 216 447
353 238 552
353 254 421
353 255 233
353 336 353
353 343 244
354 369 795
354 35 180
354 51 452
354 84 271
354 101 951
354 105 500
354 108 596
354 112 651
354 113 769
354 114 731
354 118 439
354 131 931
354 174 885
354 185 197
354 198 750
354 201 47
354 219 744
354 231 69
354 235 72
354 254 939
354 265 365
354 276 308
354 277 825
354 282 190
354 298 952
354 315 404
355 371 883
355 374 459
355 378 542
355 21 146
355 59 612
355 63 906
355 79 793
355 88 120
355 107 441
355 114 920
355 144 599
355 147 88
355 150 663
355 173 924
355 179 1000
355 184 47
355 196 127
355 228 621
355 255 781
355 274 14
355 287 902
355 320 349
355 334 247
355 340 507
355 343 649
355 345 475
356 373 325
356 395 182
356 18 132
356 66 16
356 87 649
356 108 297
356 110 208
356 119 556
356 120 982
356 171 83
356 181 732
356 182 195
356 188 617
356 201 461
356 208 343
356 217 609
356 218 46
356 266 970
356 286 746
356 311 459
356 322 316
357 376 438
357 382 218
357 41 701
357 51 100
357 59 504
357 67 739
357 87 222
357 96 875
357 97 110
357 98 244
357 185 670
357 233 354
357 243 750
357 296 424
357 317 326
358 379 800
358 380 175
358 381 321
358 393 944
358 4 986
358 12 933
358 33 697
358 43 460
358 53 67
358 56 823
358 74 149
358 87 641
358 94 336
358 103 833
358 107 318
358 108 857
358 120 65
358 122 735
358 127 276
358 130 777
358 152 116
358 155 356
358 156 366
358 181 369
358 182 546
358 185 943
358 253 393
358 257 235
358 299 667
358 304 832
358 348 362
358 357 712
359 374 948
359 22 235
359 83 163
359 206 1
359 247 639
359 249 695
359 264 798
359 272 463
359 284 971
359 291 139
359 308 579
359 314 598
359 330 197
359 346 102
359 349 265
359 358 758
360 392 795
360 1 636
360 2 688
360 12 899
360 14 514
360 23 704
360 60 712
360 76 84
360 79 13
360 135 7
360 165 713
360 190 978
360 213 904
360 221 341
360 224 329
360 233 181
360 270 576
360 320 913
360 325 722
360 351 921
361 371 228
361 373 754
361 4 853
361 6 591
361 31 605
361 82 137
361 103 435
361 123 859
361 142 459
361 162 642
361 166 566
361 182 388
361 212 820
361 222 974
361 243 925
361 275 519
361 284 282
361 299 481
361 331 291
361 342 501
361 352 556
361 358 66
361 390 228
362 366 842
362 373 82
362 395 772
362 11 925
362 39 455
362 85 874
362 124 140
362 127 597
362 162 669
362 175 124
362 187 349
362 206 700
362 237 994
362 241 498
362 262 803
362 292 379
362 303 665
362 339 130
362 340 406
362 343 547
362 345 459
363 367 396
363 375 728
363 396 427
363 399 794
363 24 945
363 50 33
363 74 172
363 84 693
363 87 709
363 125 224
363 129 416
363 145 529
363 160 189
363 162 117
363 165 971
363 179 293
363 195 885
363 203 503
363 204 209
363 214 361
363 222 145
363 257 469
363 270 335
363 279 418
363 288 897
363 328 506
363 360 686
364 391 1000
364 8 526
364 35 209
364 38 239
364 45 400
364 53 382
364 108 829
364 130 598
364 138 969
364 139 840
364 156 64
364 161 524
364 192 232
364 207 952
364 208 621
364 210 792
364 214 10
364 228 37
364 243 957
364 252 423
364 280 464
364 283 331
364 315 151
364 329 721
364 333 727
365 385 636
365 30 43
365 53 225
365 74 755
365 76 617
365 105 229
365 116 139
365 121 372
365 136 246
365 167 677
365 168 560
365 170 229
365 203 455
365 223 853
365 246 587
365 261 159
365 273 231
366 369 453
366 379 635
366 397 942
366 11 192
366 31 657
366 32 246
366 69 778
366 80 286
366 141 922
366 157 566
366 201 969
366 210 870
366 218 987
366 260 914
366 305 481
366 346 769
366 349 449
366 364 743
367 373 153
367 28 886
367 39 78
367 46 283
367 103 431
367 146 760
367 161 540
367 164 586
367 178 362
367 207 505
367 221 123
367 245 490
367 260 29
367 271 830
367 273 795
367 316 228
367 324 726
367 365 603
368 390 170
368 65 393
368 74 566
368 77 583
368 104 584
368 108 988
368 115 58
368 121 527
368 164 644
368 178 180
368 210 20
368 261 17
368 291 736
368 295 325
368 315 76
368 329 94
368 341 450
368 357 942
369 375 435
369 380 826
369 385 977
369 61 482
369 64 934
369 95 972
369 111 760
369 118 934
369 125 847
369 135 922
369 137 976
369 150 790
369 186 724
369 227 967
369 253 750
369 283 881
369 293 859
369 347 545
369 349 282
369 361 932
370 386 164
370 26 382
370 28 392
370 59 469
370 61 455
370 104 854
370 113 355
370 134 13
370 148 986
370 201 503
370 252 330
370 281 832
370 289 818
370 310 812
370 354 721
370 356 652
370 383 433
371 377 328
371 399 802
371 4 225
371 10 781
371 11 883
371 30 26
371 35 849
371 76 332
371 105 53
371 144 43
371 188 742
371 228 128
371 285 253
371 294 156
371 297 794
371 303 314
371 329 764
371 331 741
371 333 375
371 350 589
371 354 196
372 380 470
372 8 623
372 16 945
372 17 391
372 23 172
372 24 931
372 26 463
372 27 718
372 37 831
372 53 68
372 57 91
372 68 732
372 86 894
372 99 870
372 106 748
372 121 869
372 140 621
372 146 409
372 152 144
372 167 474
372 187 276
372 205 899
372 209 596
372 242 156
372 258 633
372 261 704
372 284 15
373 377 894
373 22 666
373 32 414
373 35 499
373 50 308
373 85 647
373 112 436
373 113 789
373 145 98
373 177 628
373 182 777
373 185 975
373 199 824
373 215 336
373 216 684
373 225 653
373 247 589
373 277 811
373 291 116
373 293 236
373 307 981
373 315 924
373 332 896
373 339 805
373 344 386
373 357 600
373 364 666
374 375 203
374 394 623
374 3 249
374 26 450
374 27 998
374 68 495
374 87 814
374 91 174
374 97 184
374 99 314
374 100 355
374 154 129
374 188 3
374 194 536
374 213 685
374 215 624
374 227 460
374 251 683
374 279 504
374 286 75
374 293 794
374 356 167
375 382 851
375 383 509
375 5 528
375 19 372
375 21 32
375 32 70
375 51 590
375 52 876
375 53 526
375 80 547
375 88 537
375 95 461
375 97 795
375 122 59
375 148 467
375 166 747
375 188 632
375 203 199
375 231 302
375 273 605
375 275 584
375 282 593
375 284 813
375 288 401
375 294 59
375 363 30
376 377 26
376 385 774
376 0 153
376 11 602
376 20 238
376 44 713
376 93 107
376 97 193
376 142 525
376 146 598
376 167 41
376 192 298
376 197 632
376 201 942
376 216 848
376 228 186
376 244 989
376 283 991
376 298 819
376 306 213
376 315 563
376 325 726
376 350 686
376 392 72
377 21 121
377 65 306
377 75 103
377 77 649
377 90 371
377 95 20
377 103 102
377 159 609
377 163 506
377 176 232
377 229 66
377 240 612
377 252 262
377 298 793
377 307 840
377 317 944
378 380 278
378 24 431
378 65 860
378 69 230
378 85 356
378 93 890
378 112 119
378 152 103
378 159 825
378 164 72
378 194 410
378 224 158
378 269 30
378 283 194
378 286 174
378 287 811
378 356 462
378 361 284
379 23 368
379 67 326
379 112 884
379 161 868
379 165 896
379 221 261
379 240 798
379 249 16
379 255 412
379 270 977
379 288 923
379 293 613
379 377 513
380 4 67
380 5 586
380 36 262
380 55 382
380 110 875
380 141 483
380 228 984
380 252 268
380 265 490
380 280 644
380 281 969
380 284 554
380 318 408
380 348 83
380 358 120
380 359 482
381 390 996
381 3 627
381 8 98
381 10 377
381 13 679
381 33 390
381 79 334
381 116 24
381 175 623
381 185 813
381 201 986
381 226 659
381 239 162
381 246 532
381 256 836
381 260 699
381 292 813
381 308 279
381 316 964
381 324 250
381 326 522
381 346 13
382 383 750
382 387 1000
382 397 891
382 25 681
382 27 188
382 66 270
382 125 593
382 165 834
382 168 46
382 171 872
382 173 444
382 180 263
382 239 322
382 255 151
382 263 851
382 271 599
382 294 87
382 307 323
382 311 195
382 318 641
382 348 989
382 369 796
382 377 733
383 385 440
383 9 749
383 64 250
383 79 865
383 133 659
383 142 125
383 167 889
383 190 847
383 197 569
383 205 954
383 213 898
383 226 68
383 241 400
383 294 750
383 299 16
383 336 158
383 365 160
383 375 662
383 376 742
384 34 39
384 35 183
384 46 266
384 82 630
384 86 731
384 104 963
384 161 183
384 168 745
384 209 954
384 255 44
384 258 22
384 279 610
384 304 542
384 307 401
384 340 453
384 352 508
384 364 913
384 378 409
385 390 454
385 5 488
385 33 944
385 53 709
385 87 500
385 88 253
385 141 815
385 191 648
385 218 548
385 234 476
385 248 237
385 267 77
385 279 964
385 297 909
385 306 759
385 309 49
385 329 827
385 335 986
385 375 383
385 380 169
386 10 143
386 33 714
386 35 337
386 44 613
386 57 701
386 68 622
386 107 815
386 112 113
386 121 512
386 153 140
386 165 45
386 176 455
386 193 601
386 196 748
386 215 710
386 240 267
386 260 507
386 274 625
386 283 409
386 318 101
386 323 25
386 328 319
386 379 411
387 26 515
387 52 747
387 59 940
387 62 331
387 102 157
387 120 29
387 131 837
387 142 116
387 150 873
387 178 747
387 183 491
387 213 130
387 234 796
387 237 231
387 255 730
387 275 429
387 303 311
387 315 531
387 339 247
387 342 386
387 354 600
387 367 115
388 11 681
388 32 11
388 62 445
388 95 707
388 141 57
388 145 187
388 147 418
388 149 779
388 173 129
388 177 433
388 186 274
388 190 394
388 204 285
388 225 901
388 232 894
388 246 941
388 259 399
388 272 725
388 295 194
388 349 513
389 61 162
389 65 673
389 82 289
389 121 87
389 144 70
389 148 735
389 153 94
389 165 380
389 173 746
389 190 812
389 202 801
389 225 188
389 259 314
389 270 275
389 275 874
389 316 798
389 328 219
390 5 38
390 16 550
390 35 532
390 38 334
390 84 715
390 87 777
390 100 708
390 111 676
390 116 941
390 127 920
390 147 866
390 167 294
390 283 177
390 316 707
390 319 414
390 367 518
390 387 929
391 396 975
391 397 202
391 23 627
391 42 229
391 68 141
391 84 181
391 114 102
391 141 901
391 148 210
391 157 678
391 159 846
391 227 453
391 232 754
391 269 902
391 301 72
391 304 826
391 328 274
391 329 552
391 347 664
391 350 71
391 365 47
391 377 163
392 26 154
392 34 742
392 51 528
392 61 28
392 75 510
392 76 154
392 106 427
392 114 539
392 120 899
392 121 761
392 150 980
392 160 71
392 172 6
392 193 868
392 210 85
392 213 923
392 262 606
392 264 981
392 316 273
392 319 878
392 358 518
392 359 150
392 365 795
392 376 114
392 377 686
392 382 234
392 385 34
393 399 335
393 11 439
393 12 821
393 35 323
393 47 365
393 56 948
393 85 646
393 102 650
393 114 243
393 117 108
393 137 259
393 149 630
393 154 442
393 158 54
393 176 306
393 180 867
393 191 184
393 220 379
393 228 45
393 273 68
393 309 447
393 330 330
393 388 410
394 399 876
394 5 277
394 18 186
394 33 259
394 41 86
394 51 128
394 54 261
394 61 120
394 83 853
394 94 438
394 95 949
394 97 411
394 125 18
394 144 829
394 176 479
394 182 30
394 197 548
394 229 31
394 253 709
394 328 753
395 2 360
395 21 324
395 37 285
395 55 720
395 58 948
395 114 626
395 121 363
395 137 124
395 154 504
395 159 652
395 168 117
395 173 817
395 219 912
395 231 304
395 245 749
395 263 664
395 311 599
395 312 420
395 339 234
395 358 524
396 14 367
396 15 528
396 52 994
396 59 291
396 65 636
396 66 853
396 78 720
396 101 827
396 108 8
396 128 865
396 158 978
396 188 783
396 208 720
396 224 410
396 299 16
396 311 782
396 319 244
396 381 108
396 385 176
397 12 731
397 14 799
397 74 479
397 89 3
397 101 216
397 110 365
397 114 779
397 157 93
397 177 924
397 204 232
397 242 160
397 247 208
397 263 231
397 302 196
397 310 66
397 315 500
397 322 669
397 340 418
397 345 164
397 370 826
397 396 68
398 399 943
398 19 349
398 33 350
398 50 247
398 83 996
398 101 65
398 136 111
398 145 843
398 158 460
398 161 821
398 167 742
398 237 721
398 263 842
398 328 150
398 334 423
398 339 821
398 344 203
398 354 949
398 378 3
398 389 313
399 34 662
399 55 50
399 59 790
399 60 885
399 65 625
399 67 269
399 75 136
399 119 767
399 194 465
399 217 68
399 245 674
399 279 611
399 354 643
399 355 974
399 358 414
